frame,id,x,y,image_index,angle,agent
0,0,46,373,0,-65,0
0,1,19,56,0,-176,0
0,2,629,303,0,66,0
0,3,395,180,0,-232,0
0,4,220,145,0,20,0
0,5,48,129,0,-17,0
0,6,378,122,0,83,0
0,7,166,538,0,-242,0
0,8,290,548,0,-92,0
0,9,475,389,0,-188,0
0,10,425,367,0,-78,0
0,11,722,428,0,-32,0
0,12,381,232,0,90,0
0,13,503,740,0,-104,0
0,14,236,188,0,-20,0
0,15,653,592,0,-37,0
0,16,177,328,0,-15,0
0,17,737,485,0,-241,0
0,18,732,310,0,-28,0
0,19,99,562,0,-51,0
0,20,179,325,0,-117,1
0,21,744,546,0,-75,1
0,22,61,148,0,-111,1
0,23,627,542,0,-175,1
0,24,739,579,0,58,1
0,25,169,530,0,-65,1
0,26,95,324,0,-50,1
0,27,736,278,0,-238,1
0,28,256,656,0,-7,1
0,29,187,263,0,-119,1
0,30,78,176,0,41,1
0,31,266,61,0,-152,1
0,32,688,503,0,-40,1
0,33,287,196,0,-43,1
0,34,507,494,0,-243,1
0,35,523,308,0,37,1
0,36,143,612,0,-50,1
0,37,66,339,0,89,1
0,38,635,607,0,39,1
0,39,487,359,0,-173,1
0,40,634,646,0,-189,1
0,41,581,168,0,15,1
0,42,427,202,0,-135,1
0,43,126,698,0,-130,1
0,44,680,393,0,-143,1
0,45,207,640,0,-233,1
0,46,244,427,0,-96,1
0,47,205,17,0,72,1
0,48,471,125,0,-6,1
0,49,394,284,0,-19,1
0,50,256,20,0,73,1
0,51,695,566,0,-232,1
0,52,675,63,0,15,1
0,53,388,686,0,-255,1
0,54,34,212,0,34,1
0,55,553,549,0,-158,1
0,56,618,115,0,-86,1
0,57,606,725,0,75,1
0,58,629,112,0,-8,1
0,59,445,369,0,-58,1
0,60,45,222,0,-122,1
0,61,346,19,0,-242,1
0,62,10,54,0,-119,1
0,63,301,500,0,-185,1
0,64,294,709,0,-23,1
1,0,48,372,0,-65,0
1,1,18,59,0,-184,0
1,2,626,302,0,66,0
1,3,392,181,0,-259,0
1,4,219,143,0,20,0
1,5,48,126,0,-4,0
1,6,375,123,0,-250,0
1,7,163,539,0,-242,0
1,8,293,548,0,-92,0
1,9,475,392,0,-188,0
1,10,428,366,0,-78,0
1,11,723,425,0,-32,0
1,12,378,232,0,90,0
1,13,506,741,0,-104,0
1,14,237,185,0,-20,0
1,15,655,590,0,-41,0
1,16,178,325,0,-15,0
1,17,735,487,0,-241,0
1,18,733,308,0,-28,0
1,19,101,560,0,-51,0
1,21,746,544,0,-50,1
1,22,64,149,0,-111,1
1,23,627,545,0,-175,1
1,24,736,577,0,58,1
1,26,98,322,0,-50,1
1,27,733,279,0,-238,1
1,28,256,653,0,-7,1
1,29,190,265,0,-119,1
1,30,76,174,0,41,1
1,31,267,64,0,-152,1
1,32,690,501,0,-40,1
1,33,289,193,0,-43,1
1,34,504,495,0,-243,1
1,35,521,305,0,37,1
1,36,145,610,0,-50,1
1,37,63,339,0,89,1
1,38,633,605,0,39,1
1,39,488,362,0,-173,1
1,40,634,649,0,-189,1
1,41,581,165,0,15,1
1,42,429,204,0,-135,1
1,43,128,700,0,-130,1
1,44,681,396,0,-155,1
1,45,205,642,0,-233,1
1,46,247,427,0,-96,1
1,47,202,16,0,72,1
1,48,471,122,0,-6,1
1,49,394,281,0,7,1
1,50,253,19,0,73,1
1,51,692,568,0,-232,1
1,52,675,60,0,11,1
1,53,385,686,0,81,1
1,54,33,210,0,34,1
1,55,554,552,0,-158,1
1,56,621,114,0,-86,1
1,57,603,724,0,63,1
1,58,628,109,0,11,1
1,59,447,366,0,-36,1
1,60,47,223,0,-122,1
1,61,344,20,0,-242,1
1,63,301,503,0,-185,1
1,64,295,706,0,-23,1
2,0,51,371,0,-65,0
2,1,18,62,0,-184,0
2,2,623,301,0,66,0
2,3,389,181,0,-259,0
2,4,218,140,0,17,0
2,5,48,123,0,-4,0
2,6,372,124,0,-254,0
2,7,161,541,0,-242,0
2,8,296,548,0,-92,0
2,9,474,395,0,-188,0
2,10,431,365,0,-78,0
2,11,725,423,0,-32,0
2,12,375,232,0,83,0
2,13,509,741,0,-104,0
2,14,238,182,0,-20,0
2,15,657,588,0,-41,0
2,16,179,322,0,-10,0
2,17,732,488,0,-241,0
2,18,734,305,0,-28,0
2,19,104,558,0,-51,0
2,21,748,542,0,-50,1
2,22,66,151,0,-111,1
2,23,627,548,0,-175,1
2,24,734,575,0,58,1
2,26,100,320,0,-47,1
2,27,731,281,0,-238,1
2,28,257,650,0,-12,1
2,29,192,266,0,-119,1
2,30,74,172,0,41,1
2,31,269,67,0,-154,1
2,32,692,498,0,-40,1
2,33,291,192,0,-61,1
2,34,502,496,0,-243,1
2,35,520,303,0,37,1
2,36,147,608,0,-50,1
2,37,60,339,0,89,1
2,38,631,603,0,39,1
2,39,488,365,0,-178,1
2,40,635,652,0,-161,1
2,41,580,163,0,15,1
2,42,431,207,0,-135,1
2,43,131,702,0,-130,1
2,44,682,398,0,-149,1
2,45,202,644,0,-233,1
2,46,250,427,0,-96,1
2,47,199,15,0,72,1
2,48,472,119,0,-6,1
2,49,393,278,0,7,1
2,50,250,18,0,73,1
2,51,690,570,0,-232,1
2,52,674,57,0,11,1
2,53,382,685,0,81,1
2,54,31,207,0,34,1
2,55,555,555,0,-158,1
2,56,624,114,0,-86,1
2,57,600,723,0,63,1
2,58,628,107,0,11,1
2,59,449,364,0,-36,1
2,60,50,225,0,-122,1
2,61,341,22,0,-242,1
2,63,300,506,0,-185,1
2,64,296,703,0,-23,1
3,0,54,370,0,-65,0
3,1,18,65,0,-184,0
3,2,620,301,0,86,0
3,3,386,180,0,73,0
3,4,217,137,0,17,0
3,5,49,121,0,-14,0
3,6,369,125,0,-254,0
3,7,158,542,0,-242,0
3,8,299,548,0,-92,0
3,9,474,398,0,-177,0
3,10,434,365,0,-78,0
3,11,727,420,0,-32,0
3,12,372,232,0,83,0
3,13,511,742,0,-104,0
3,14,239,180,0,-20,0
3,15,659,586,0,-41,0
3,16,179,319,0,-10,0
3,17,729,490,0,-241,0
3,18,736,302,0,-28,0
3,19,106,557,0,-51,0
3,21,751,540,0,-50,1
3,22,69,152,0,-111,1
3,23,627,551,0,-175,1
3,24,731,574,0,58,1
3,26,102,318,0,-47,1
3,27,728,282,0,-238,1
3,28,258,647,0,-12,1
3,29,195,268,0,-119,1
3,30,72,170,0,41,1
3,31,270,69,0,-154,1
3,32,694,496,0,-40,1
3,33,294,190,0,-61,1
3,34,499,498,0,-243,1
3,35,519,300,0,12,1
3,36,150,606,0,-50,1
3,37,57,338,0,89,1
3,38,629,600,0,39,1
3,39,488,368,0,-178,1
3,40,635,655,0,-178,1
3,41,579,160,0,15,1
3,42,432,209,0,-164,1
3,43,133,704,0,-130,1
3,44,684,401,0,-149,1
3,45,200,646,0,-237,1
3,46,252,427,0,-78,1
3,47,197,14,0,72,1
3,48,472,116,0,-6,1
3,49,393,275,0,7,1
3,50,247,18,0,73,1
3,51,688,571,0,-232,1
3,52,674,54,0,-7,1
3,53,379,685,0,81,1
3,54,29,205,0,34,1
3,55,556,557,0,-158,1
3,56,627,114,0,-86,1
3,57,598,721,0,63,1
3,58,627,104,0,11,1
3,59,451,361,0,-36,1
3,60,52,227,0,-141,1
3,61,338,23,0,-242,1
3,63,300,509,0,-185,1
3,64,297,701,0,-23,1
4,0,57,368,0,-65,0
4,1,18,68,0,-184,0
4,2,617,301,0,86,0
4,3,383,179,0,57,0
4,4,216,134,0,17,0
4,5,49,118,0,-14,0
4,6,366,126,0,-254,0
4,7,155,543,0,-243,0
4,8,302,549,0,-92,0
4,9,474,401,0,-177,0
4,10,437,364,0,-78,0
4,11,728,418,0,-32,0
4,12,369,231,0,83,0
4,13,514,743,0,-109,0
4,14,240,177,0,-20,0
4,15,661,583,0,-41,0
4,16,180,316,0,-10,0
4,17,727,491,0,-241,0
4,18,737,300,0,-28,0
4,19,108,555,0,-51,0
4,21,2,538,0,-50,1
4,22,72,153,0,-111,1
4,23,628,554,0,-175,1
4,24,729,572,0,58,1
4,26,104,316,0,-47,1
4,27,726,284,0,-238,1
4,28,258,644,0,-12,1
4,29,198,269,0,-119,1
4,30,69,168,0,53,1
4,31,271,72,0,-154,1
4,32,696,494,0,-40,1
4,33,297,189,0,-61,1
4,34,496,499,0,-243,1
4,35,518,297,0,12,1
4,36,152,604,0,-50,1
4,37,54,338,0,89,1
4,38,627,598,0,38,1
4,39,488,371,0,-178,1
4,40,635,658,0,-178,1
4,41,578,157,0,15,1
4,42,432,212,0,-169,1
4,43,134,707,0,-156,1
4,44,686,403,0,-137,1
4,45,197,647,0,-237,1
4,46,255,426,0,-78,1
4,47,194,13,0,72,1
4,48,472,113,0,-6,1
4,49,393,272,0,7,1
4,50,245,17,0,73,1
4,51,685,573,0,-232,1
4,52,675,51,0,-7,1
4,53,376,684,0,81,1
4,54,28,202,0,34,1
4,55,557,560,0,-158,1
4,56,630,114,0,-86,1
4,57,596,719,0,44,1
4,58,627,101,0,11,1
4,59,452,359,0,-25,1
4,60,54,230,0,-141,1
4,61,336,25,0,-242,1
4,63,300,512,0,-192,1
4,64,298,698,0,-23,1
5,0,59,367,0,-65,0
5,1,18,71,0,-184,0
5,2,614,300,0,86,0
5,3,381,177,0,57,0
5,4,215,131,0,17,0
5,5,50,115,0,-14,0
5,6,364,127,0,-254,0
5,7,153,545,0,-243,0
5,8,305,549,0,-92,0
5,9,475,404,0,-177,0
5,10,440,364,0,-84,0
5,11,730,415,0,-32,0
5,12,367,232,0,-250,0
5,13,517,744,0,-109,0
5,14,241,174,0,-20,0
5,15,663,581,0,-41,0
5,16,180,313,0,-10,0
5,17,724,492,0,-241,0
5,18,739,297,0,-28,0
5,19,111,554,0,-73,0
5,21,5,536,0,-50,1
5,22,75,154,0,-111,1
5,23,628,557,0,-175,1
5,24,726,571,0,58,1
5,26,106,313,0,-47,1
5,27,723,286,0,-238,1
5,28,259,641,0,-12,1
5,29,200,270,0,-119,1
5,30,67,166,0,53,1
5,31,271,75,0,-182,1
5,32,698,491,0,-40,1
5,33,299,188,0,-61,1
5,34,494,500,0,-243,1
5,35,518,294,0,13,1
5,36,154,602,0,-50,1
5,37,51,339,0,-266,1
5,38,625,596,0,38,1
5,39,488,374,0,-178,1
5,40,635,661,0,-178,1
5,41,577,154,0,15,1
5,42,433,215,0,-169,1
5,43,136,709,0,-156,1
5,44,688,405,0,-137,1
5,45,194,648,0,-247,1
5,46,258,425,0,-78,1
5,47,191,12,0,76,1
5,48,473,110,0,-6,1
5,49,392,269,0,7,1
5,50,242,16,0,73,1
5,51,683,575,0,-232,1
5,52,675,48,0,-7,1
5,53,373,684,0,81,1
5,54,26,200,0,34,1
5,55,558,563,0,-175,1
5,56,633,114,0,-86,1
5,57,593,717,0,51,1
5,58,626,98,0,11,1
5,59,453,356,0,-25,1
5,60,56,232,0,-141,1
5,61,333,26,0,-242,1
5,63,299,515,0,-192,1
5,64,300,695,0,-23,1
5,65,626,98,0,11,1
6,0,62,366,0,-64,0
6,1,17,74,0,-184,0
6,2,611,300,0,86,0
6,3,378,175,0,57,0
6,4,214,128,0,17,0
6,5,51,112,0,-14,0
6,6,361,128,0,-235,0
6,7,150,546,0,-243,0
6,8,308,549,0,-92,0
6,9,475,407,0,-177,0
6,10,443,364,0,-90,0
6,11,731,413,0,-32,0
6,12,364,233,0,-250,0
6,13,519,746,0,-134,0
6,14,242,171,0,-20,0
6,15,665,579,0,-41,0
6,16,181,310,0,-10,0
6,17,721,494,0,-241,0
6,18,740,294,0,-28,0
6,19,114,553,0,-73,0
6,21,7,534,0,-44,1
6,22,78,155,0,-111,1
6,23,628,560,0,-175,1
6,24,723,569,0,58,1
6,26,109,311,0,-47,1
6,27,720,287,0,-238,1
6,28,259,638,0,-12,1
6,29,203,272,0,-119,1
6,30,65,164,0,53,1
6,31,270,78,0,-197,1
6,32,699,489,0,-23,1
6,33,302,186,0,-61,1
6,34,491,502,0,-243,1
6,35,517,291,0,13,1
6,36,157,601,0,-58,1
6,37,48,339,0,-266,1
6,38,624,593,0,38,1
6,39,488,377,0,-178,1
6,40,635,664,0,-178,1
6,41,577,151,0,15,1
6,42,434,218,0,-162,1
6,43,136,712,0,-178,1
6,44,690,407,0,-127,1
6,45,192,649,0,-247,1
6,46,261,424,0,-73,1
6,47,188,12,0,76,1
6,48,473,107,0,-6,1
6,49,392,266,0,7,1
6,50,239,15,0,73,1
6,51,681,577,0,-232,1
6,52,676,45,0,-7,1
6,53,370,683,0,81,1
6,54,23,199,0,64,1
6,55,558,566,0,-175,1
6,56,636,113,0,-86,1
6,57,591,715,0,51,1
6,58,626,95,0,11,1
6,59,454,353,0,-25,1
6,60,58,234,0,-141,1
6,61,330,27,0,-242,1
6,63,299,518,0,-177,1
6,64,301,692,0,-23,1
6,65,625,95,0,25,1
7,0,65,365,0,-68,0
7,1,18,77,0,-157,0
7,2,608,300,0,86,0
7,3,376,173,0,45,0
7,4,213,125,0,17,0
7,5,52,109,0,-14,0
7,6,359,131,0,-213,0
7,7,148,548,0,-228,0
7,8,311,549,0,-92,0
7,9,476,410,0,-153,0
7,10,446,364,0,-90,0
7,11,733,410,0,-32,0
7,12,361,234,0,-250,0
7,13,522,747,0,-106,0
7,14,243,168,0,-20,0
7,15,667,576,0,-41,0
7,16,181,307,0,-10,0
7,17,718,494,0,-259,0
7,18,741,292,0,-28,0
7,19,117,552,0,-73,0
7,21,9,532,0,-44,1
7,22,81,155,0,-83,1
7,23,628,563,0,-175,1
7,24,721,567,0,58,1
7,26,111,309,0,-47,1
7,27,718,289,0,-223,1
7,28,260,635,0,-12,1
7,29,205,273,0,-119,1
7,30,62,162,0,53,1
7,31,269,81,0,-197,1
7,32,700,486,0,-23,1
7,33,305,185,0,-61,1
7,34,489,504,0,-233,1
7,35,517,288,0,0,1
7,36,159,599,0,-58,1
7,37,45,339,0,-267,1
7,38,622,591,0,38,1
7,39,488,380,0,-178,1
7,40,635,667,0,-178,1
7,41,575,149,0,34,1
7,42,435,221,0,-162,1
7,43,136,715,0,-178,1
7,44,693,407,0,-100,1
7,45,189,651,0,-247,1
7,46,264,424,0,-73,1
7,47,185,10,0,66,1
7,48,472,104,0,23,1
7,49,391,263,0,7,1
7,50,236,14,0,73,1
7,51,678,579,0,-232,1
7,52,676,42,0,-7,1
7,53,367,683,0,81,1
7,54,20,197,0,64,1
7,55,558,569,0,-175,1
7,56,639,113,0,-86,1
7,57,589,713,0,51,1
7,58,625,92,0,11,1
7,59,456,351,0,-25,1
7,60,59,237,0,-141,1
7,61,328,29,0,-242,1
7,63,299,521,0,-177,1
7,64,302,690,0,-23,1
7,65,624,92,0,25,1
8,0,68,364,0,-78,0
8,1,20,79,0,-157,0
8,2,605,300,0,86,0
8,3,374,171,0,45,0
8,4,212,123,0,17,0
8,5,52,106,0,-14,0
8,6,358,134,0,-200,0
8,7,147,551,0,-201,0
8,8,314,548,0,-70,0
8,9,477,412,0,-153,0
8,10,449,364,0,-90,0
8,11,735,408,0,-32,0
8,12,358,235,0,-257,0
8,13,525,748,0,-106,0
8,14,244,166,0,-20,0
8,15,669,574,0,-41,0
8,16,182,304,0,-10,0
8,17,715,495,0,-259,0
8,18,743,289,0,-28,0
8,19,120,551,0,-73,0
8,21,11,530,0,-44,1
8,22,83,154,0,-83,1
8,23,629,566,0,-175,1
8,24,718,566,0,58,1
8,26,113,307,0,-47,1
8,27,716,292,0,-223,1
8,28,261,632,0,-12,1
8,29,208,275,0,-119,1
8,30,60,161,0,53,1
8,31,268,84,0,-197,1
8,32,701,483,0,-23,1
8,33,307,183,0,-61,1
8,34,486,505,0,-233,1
8,35,517,285,0,0,1
8,36,162,598,0,-58,1
8,37,42,339,0,-267,1
8,38,620,588,0,38,1
8,39,489,383,0,-178,1
8,40,635,670,0,-178,1
8,41,573,146,0,34,1
8,42,436,224,0,-162,1
8,43,136,718,0,-178,1
8,44,696,408,0,-100,1
8,45,186,652,0,-247,1
8,46,267,423,0,-73,1
8,47,183,9,0,61,1
8,48,471,101,0,23,1
8,49,390,261,0,35,1
8,50,233,13,0,73,1
8,52,677,39,0,-14,1
8,53,364,683,0,-267,1
8,54,18,196,0,64,1
8,55,558,572,0,-175,1
8,56,642,113,0,-86,1
8,57,586,712,0,51,1
8,58,624,89,0,11,1
8,59,457,348,0,-25,1
8,60,61,239,0,-141,1
8,61,325,30,0,-242,1
8,63,299,524,0,-177,1
8,64,303,687,0,-23,1
8,65,622,90,0,25,1
9,0,71,363,0,-78,0
9,1,21,82,0,-157,0
9,2,602,300,0,86,0
9,3,372,169,0,45,0
9,4,212,120,0,17,0
9,5,53,103,0,-14,0
9,6,357,136,0,-215,0
9,7,144,553,0,-226,0
9,8,316,546,0,-49,0
9,9,479,415,0,-153,0
9,10,452,364,0,-90,0
9,11,736,405,0,-32,0
9,12,356,237,0,-233,0
9,13,528,749,0,-106,0
9,14,245,163,0,-20,0
9,15,671,572,0,-41,0
9,16,182,301,0,-10,0
9,17,713,494,0,80,0
9,18,744,287,0,-28,0
9,19,123,550,0,-73,0
9,21,13,528,0,-44,1
9,22,86,154,0,-83,1
9,23,629,569,0,-175,1
9,24,716,564,0,58,1
9,26,115,305,0,-47,1
9,27,714,294,0,-223,1
9,28,261,629,0,-12,1
9,29,211,276,0,-119,1
9,30,58,158,0,42,1
9,31,268,86,0,-197,1
9,32,703,480,0,-23,1
9,33,310,182,0,-61,1
9,34,484,507,0,-233,1
9,35,517,282,0,0,1
9,36,164,596,0,-58,1
9,37,39,339,0,80,1
9,38,618,586,0,38,1
9,39,489,386,0,-178,1
9,40,635,673,0,-178,1
9,41,572,144,0,34,1
9,42,437,227,0,-162,1
9,43,136,721,0,-178,1
9,44,699,409,0,-100,1
9,45,183,653,0,-247,1
9,46,270,422,0,-73,1
9,47,180,7,0,61,1
9,48,470,98,0,23,1
9,49,388,258,0,35,1
9,50,230,12,0,73,1
9,52,677,36,0,-14,1
9,53,361,683,0,-267,1
9,54,15,196,0,84,1
9,55,559,575,0,-175,1
9,56,645,113,0,-86,1
9,57,584,710,0,48,1
9,58,624,86,0,11,1
9,59,458,345,0,-25,1
9,60,63,241,0,-144,1
9,61,322,32,0,-242,1
9,63,300,527,0,-177,1
9,64,304,684,0,-23,1
9,65,621,87,0,25,1
10,0,74,363,0,-78,0
10,1,22,85,0,-157,0
10,2,599,299,0,86,0
10,3,370,167,0,45,0
10,4,211,117,0,17,0
10,5,54,100,0,-14,0
10,6,355,139,0,-215,0
10,7,142,555,0,-226,0
10,8,319,544,0,-49,0
10,9,480,418,0,-153,0
10,10,455,364,0,-90,0
10,11,738,403,0,-32,0
10,12,353,239,0,-233,0
10,13,530,751,0,-135,0
10,14,247,160,0,-32,0
10,15,673,570,0,-41,0
10,16,183,298,0,-10,0
10,17,710,494,0,80,0
10,18,744,284,0,1,0
10,19,125,549,0,-73,0
10,21,15,526,0,-44,1
10,22,89,154,0,-83,1
10,23,629,572,0,-175,1
10,24,713,562,0,58,1
10,26,117,303,0,-47,1
10,27,712,296,0,-223,1
10,28,262,626,0,-12,1
10,29,213,278,0,-119,1
10,30,56,156,0,42,1
10,31,267,89,0,-197,1
10,32,704,477,0,-23,1
10,33,313,180,0,-61,1
10,34,482,509,0,-233,1
10,35,517,279,0,0,1
10,36,167,594,0,-58,1
10,37,36,338,0,80,1
10,38,615,585,0,65,1
10,39,489,389,0,-178,1
10,40,635,676,0,-178,1
10,41,570,141,0,34,1
10,42,438,230,0,-162,1
10,43,136,724,0,-178,1
10,44,702,409,0,-96,1
10,45,181,654,0,-247,1
10,46,273,421,0,-73,1
10,47,177,6,0,65,1
10,48,468,96,0,23,1
10,49,386,256,0,35,1
10,50,227,11,0,73,1
10,52,678,34,0,-14,1
10,53,359,684,0,-247,1
10,54,12,195,0,84,1
10,55,559,578,0,-180,1
10,56,648,113,0,-86,1
10,57,582,708,0,49,1
10,58,623,83,0,11,1
10,59,459,342,0,-25,1
10,60,65,244,0,-144,1
10,61,320,33,0,-242,1
10,63,298,530,0,-205,1
10,64,306,681,0,-23,1
10,65,620,84,0,25,1
11,0,77,362,0,-78,0
11,1,23,88,0,-157,0
11,2,596,299,0,86,0
11,3,368,165,0,45,0
11,4,209,115,0,45,0
11,5,55,97,0,-14,0
11,6,352,140,0,-238,0
11,7,140,557,0,-226,0
11,8,321,542,0,-49,0
11,9,482,420,0,-153,0
11,10,458,364,0,-90,0
11,11,740,401,0,-55,0
11,12,351,241,0,-233,0
11,13,532,2,0,-135,0
11,14,249,158,0,-32,0
11,15,675,568,0,-50,0
11,16,183,295,0,-10,0
11,17,707,493,0,80,0
11,18,745,281,0,-18,0
11,19,128,549,0,-73,0
11,21,17,524,0,-44,1
11,22,92,153,0,-83,1
11,23,629,575,0,-175,1
11,24,711,561,0,58,1
11,26,120,301,0,-47,1
11,27,710,298,0,-219,1
11,28,262,623,0,-12,1
11,29,216,279,0,-119,1
11,30,54,154,0,42,1
11,31,266,92,0,-197,1
11,32,705,475,0,-23,1
11,33,315,179,0,-61,1
11,34,479,511,0,-233,1
11,35,517,276,0,0,1
11,36,169,592,0,-42,1
11,37,33,338,0,80,1
11,38,613,584,0,65,1
11,39,488,391,0,-196,1
11,40,635,679,0,-178,1
11,41,568,139,0,44,1
11,42,438,233,0,-162,1
11,43,137,727,0,-165,1
11,44,705,409,0,-96,1
11,45,178,655,0,-247,1
11,46,275,419,0,-44,1
11,47,174,5,0,65,1
11,48,467,93,0,23,1
11,49,385,253,0,35,1
11,50,224,10,0,73,1
11,52,679,31,0,-14,1
11,53,357,687,0,-220,1
11,54,9,195,0,84,1
11,55,559,581,0,-176,1
11,56,651,112,0,-86,1
11,57,580,706,0,49,1
11,58,623,80,0,11,1
11,59,461,340,0,-25,1
11,60,67,246,0,-144,1
11,61,317,34,0,-242,1
11,63,297,532,0,-205,1
11,64,307,679,0,-23,1
11,65,618,81,0,25,1
12,0,80,362,0,-78,0
12,1,24,90,0,-157,0
12,2,593,299,0,86,0
12,3,366,163,0,45,0
12,4,206,113,0,55,0
12,5,55,94,0,-14,0
12,6,350,142,0,-238,0
12,7,138,559,0,-226,0
12,8,323,540,0,-49,0
12,9,483,423,0,-153,0
12,10,461,364,0,-90,0
12,11,743,399,0,-55,0
12,12,349,242,0,-233,0
12,13,534,4,0,-135,0
12,14,250,155,0,-32,0
12,15,678,566,0,-50,0
12,16,184,292,0,-10,0
12,17,704,493,0,80,0
12,18,746,278,0,-19,0
12,19,131,548,0,-73,0
12,21,19,521,0,-37,1
12,22,95,153,0,-83,1
12,23,629,578,0,-178,1
12,24,708,559,0,58,1
12,26,122,299,0,-47,1
12,27,709,301,0,-202,1
12,28,263,620,0,-12,1
12,29,218,281,0,-119,1
12,30,52,151,0,28,1
12,31,264,95,0,-216,1
12,32,706,472,0,-23,1
12,33,318,179,0,-86,1
12,34,477,513,0,-233,1
12,35,516,273,0,14,1
12,36,171,590,0,-52,1
12,37,30,337,0,80,1
12,38,610,582,0,65,1
12,39,487,394,0,-196,1
12,40,636,682,0,-164,1
12,41,566,137,0,44,1
12,42,439,235,0,-162,1
12,43,137,730,0,-172,1
12,44,708,410,0,-96,1
12,45,175,657,0,-247,1
12,46,277,417,0,-44,1
12,47,172,3,0,48,1
12,48,466,90,0,23,1
12,49,383,251,0,35,1
12,50,222,10,0,73,1
12,52,680,28,0,-14,1
12,53,355,689,0,-220,1
12,54,6,195,0,84,1
12,55,559,584,0,-176,1
12,56,654,112,0,-86,1
12,57,577,704,0,49,1
12,58,622,77,0,11,1
12,59,462,337,0,-25,1
12,60,68,249,0,-144,1
12,61,314,36,0,-242,1
12,63,296,535,0,-205,1
12,64,308,676,0,-23,1
12,65,617,79,0,25,1
13,0,82,361,0,-78,0
13,1,26,93,0,-157,0
13,2,590,299,0,86,0
13,3,363,161,0,45,0
13,4,204,111,0,55,0
13,5,56,91,0,-14,0
13,6,347,143,0,-238,0
13,7,136,561,0,-226,0
13,8,326,539,0,-78,0
13,9,484,426,0,-160,0
13,10,464,364,0,-90,0
13,11,744,397,0,-34,0
13,12,346,244,0,-233,0
13,13,536,6,0,-135,0
13,14,253,154,0,-60,0
13,15,680,564,0,-50,0
13,16,184,289,0,-10,0
13,17,701,492,0,80,0
13,18,747,275,0,-19,0
13,19,134,547,0,-73,0
13,21,21,519,0,-37,1
13,22,98,152,0,-83,1
13,23,630,581,0,-178,1
13,24,706,558,0,58,1
13,26,123,297,0,-25,1
13,27,708,304,0,-202,1
13,28,264,617,0,-12,1
13,29,221,282,0,-119,1
13,30,51,149,0,28,1
13,31,262,97,0,-216,1
13,32,707,469,0,-23,1
13,33,321,178,0,-86,1
13,34,474,514,0,-233,1
13,35,514,271,0,37,1
13,36,174,589,0,-52,1
13,37,27,337,0,80,1
13,38,607,581,0,56,1
13,39,486,397,0,-196,1
13,40,637,684,0,-153,1
13,41,564,135,0,44,1
13,42,440,238,0,-162,1
13,43,138,733,0,-172,1
13,44,711,410,0,-96,1
13,45,172,658,0,-247,1
13,46,279,415,0,-49,1
13,47,170,1,0,48,1
13,48,465,87,0,23,1
13,49,381,248,0,30,1
13,50,219,9,0,73,1
13,52,680,25,0,-14,1
13,53,353,691,0,-220,1
13,54,3,194,0,84,1
13,55,559,587,0,-176,1
13,56,657,112,0,-83,1
13,57,575,702,0,59,1
13,58,622,74,0,11,1
13,59,464,335,0,-39,1
13,60,70,251,0,-144,1
13,61,312,37,0,-242,1
13,63,295,538,0,-205,1
13,64,309,673,0,-23,1
13,65,615,77,0,45,1
14,0,85,360,0,-78,0
14,1,27,96,0,-157,0
14,2,587,298,0,86,0
14,3,361,159,0,45,0
14,4,201,110,0,55,0
14,5,57,89,0,-14,0
14,6,345,145,0,-238,0
14,7,134,563,0,-226,0
14,8,329,539,0,-78,0
14,9,486,428,0,-138,0
14,10,467,363,0,-82,0
14,11,746,394,0,-41,0
14,12,344,246,0,-233,0
14,13,539,9,0,-135,0
14,14,255,152,0,-60,0
14,15,682,562,0,-50,0
14,16,186,287,0,-27,0
14,17,698,492,0,80,0
14,18,748,272,0,-19,0
14,19,137,546,0,-73,0
14,21,22,516,0,-32,1
14,22,101,152,0,-83,1
14,23,630,584,0,-178,1
14,24,703,557,0,81,1
14,26,126,295,0,-54,1
14,27,708,307,0,-178,1
14,28,263,614,0,6,1
14,29,224,284,0,-119,1
14,30,50,146,0,11,1
14,31,261,99,0,-216,1
14,32,709,467,0,-34,1
14,33,324,178,0,-86,1
14,34,472,516,0,-233,1
14,35,513,268,0,37,1
14,36,176,587,0,-52,1
14,37,25,335,0,51,1
14,38,605,579,0,56,1
14,39,485,400,0,-196,1
14,40,638,687,0,-170,1
14,41,562,132,0,44,1
14,42,440,241,0,-191,1
14,43,138,736,0,-172,1
14,44,714,410,0,-96,1
14,45,170,659,0,-247,1
14,46,281,413,0,-49,1
14,47,168,-1,0,48,1
14,48,464,85,0,23,1
14,49,380,246,0,30,1
14,50,216,8,0,73,1
14,52,681,22,0,-14,1
14,53,351,694,0,-220,1
14,54,0,194,0,84,1
14,55,559,590,0,-176,1
14,56,660,112,0,-97,1
14,57,572,701,0,59,1
14,58,621,71,0,11,1
14,59,466,333,0,-56,1
14,60,73,252,0,-117,1
14,61,309,39,0,-242,1
14,63,293,541,0,-205,1
14,64,310,670,0,-23,1
14,65,613,74,0,45,1
15,0,88,360,0,-78,0
15,1,28,99,0,-157,0
15,2,584,298,0,86,0
15,3,359,156,0,45,0
15,4,199,108,0,55,0
15,5,57,86,0,-14,0
15,6,342,147,0,-238,0
15,7,132,566,0,-226,0
15,8,332,538,0,-78,0
15,9,488,430,0,-132,0
15,10,470,362,0,-55,0
15,11,748,392,0,-32,0
15,12,342,248,0,-223,0
15,13,541,11,0,-135,0
15,14,258,151,0,-60,0
15,15,684,560,0,-50,0
15,16,187,284,0,-27,0
15,17,695,491,0,80,0
15,18,749,269,0,-19,0
15,19,140,545,0,-73,0
15,21,24,514,0,-31,1
15,22,104,152,0,-83,1
15,23,630,587,0,-178,1
15,24,700,557,0,81,1
15,26,128,293,0,-54,1
15,27,708,310,0,-178,1
15,28,263,611,0,6,1
15,29,226,285,0,-119,1
15,30,50,143,0,11,1
15,31,258,101,0,-233,1
15,32,711,464,0,-34,1
15,33,327,178,0,-86,1
15,34,470,518,0,-233,1
15,35,511,266,0,37,1
15,36,179,585,0,-52,1
15,37,23,333,0,51,1
15,38,602,577,0,56,1
15,39,485,403,0,-196,1
15,40,639,690,0,-170,1
15,41,560,130,0,24,1
15,42,439,244,0,-193,1
15,43,139,739,0,-172,1
15,44,717,410,0,-96,1
15,45,167,661,0,-234,1
15,46,284,411,0,-49,1
15,47,166,748,0,43,1
15,48,462,82,0,23,1
15,49,378,243,0,30,1
15,50,213,7,0,73,1
15,52,682,19,0,-14,1
15,53,349,696,0,-220,1
15,54,747,194,0,86,1
15,55,560,593,0,-176,1
15,56,663,113,0,-97,1
15,57,570,699,0,59,1
15,58,621,68,0,-2,1
15,59,469,331,0,-56,1
15,60,76,254,0,-117,1
15,61,306,40,0,-242,1
15,63,292,543,0,-205,1
15,64,312,668,0,-23,1
15,65,611,72,0,45,1
16,0,91,359,0,-78,0
16,1,29,101,0,-157,0
16,2,581,298,0,86,0
16,3,357,155,0,53,0
16,4,196,107,0,66,0
16,5,58,83,0,-14,0
16,6,340,149,0,-218,0
16,7,129,568,0,-226,0
16,8,335,539,0,-97,0
16,9,490,432,0,-132,0
16,10,473,361,0,-80,0
16,11,750,390,0,-49,0
16,12,340,250,0,-223,0
16,13,543,13,0,-135,0
16,14,261,149,0,-60,0
16,15,687,559,0,-70,0
16,16,188,281,0,-27,0
16,17,692,491,0,80,0
16,18,749,266,0,-2,0
16,19,143,545,0,-94,0
16,21,25,511,0,-31,1
16,22,107,151,0,-83,1
16,23,630,590,0,-178,1
16,24,697,556,0,65,1
16,26,130,291,0,-54,1
16,27,709,313,0,-162,1
16,28,262,609,0,18,1
16,29,229,287,0,-119,1
16,30,49,140,0,11,1
16,31,256,103,0,-233,1
16,32,712,461,0,-20,1
16,33,330,177,0,-71,1
16,34,468,521,0,-208,1
16,35,510,263,0,11,1
16,36,181,583,0,-52,1
16,37,20,331,0,56,1
16,38,600,576,0,56,1
16,39,484,406,0,-196,1
16,40,639,693,0,-170,1
16,41,559,127,0,24,1
16,42,438,247,0,-193,1
16,43,139,742,0,-172,1
16,44,720,411,0,-96,1
16,45,165,663,0,-234,1
16,46,287,410,0,-71,1
16,47,164,746,0,43,1
16,48,461,79,0,23,1
16,49,377,241,0,30,1
16,50,210,6,0,67,1
16,52,682,16,0,-14,1
16,53,347,698,0,-220,1
16,54,744,194,0,86,1
16,55,560,596,0,-176,1
16,56,666,113,0,-97,1
16,57,567,697,0,59,1
16,58,620,65,0,26,1
16,59,471,330,0,-56,1
16,60,78,255,0,-117,1
16,61,304,41,0,-242,1
16,63,291,546,0,-205,1
16,64,313,665,0,-23,1
16,65,609,70,0,45,1
17,0,94,359,0,-78,0
17,1,31,104,0,-149,0
17,2,578,298,0,86,0
17,3,354,153,0,53,0
17,4,193,105,0,66,0
17,5,59,80,0,-14,0
17,6,339,151,0,-218,0
17,7,127,570,0,-226,0
17,8,338,539,0,-97,0
17,9,493,434,0,-132,0
17,10,475,361,0,-80,0
17,11,2,388,0,-49,0
17,12,338,253,0,-223,0
17,13,544,16,0,-160,0
17,14,263,148,0,-60,0
17,15,690,558,0,-70,0
17,16,189,278,0,-7,0
17,17,689,490,0,80,0
17,18,749,263,0,6,0
17,19,146,545,0,-94,0
17,21,27,509,0,-39,1
17,22,110,151,0,-83,1
17,23,630,593,0,-178,1
17,26,133,290,0,-54,1
17,27,710,316,0,-162,1
17,28,261,606,0,18,1
17,29,232,288,0,-112,1
17,30,49,137,0,11,1
17,31,253,105,0,-233,1
17,32,712,458,0,2,1
17,33,332,175,0,-52,1
17,34,467,523,0,-208,1
17,35,510,260,0,11,1
17,36,183,581,0,-35,1
17,37,18,329,0,56,1
17,38,597,574,0,56,1
17,39,483,409,0,-196,1
17,40,640,696,0,-170,1
17,41,558,124,0,24,1
17,42,438,250,0,-193,1
17,43,138,745,0,-200,1
17,44,723,411,0,-96,1
17,45,163,665,0,-210,1
17,46,289,409,0,-71,1
17,47,162,743,0,43,1
17,48,460,76,0,23,1
17,49,375,238,0,30,1
17,50,208,4,0,66,1
17,52,683,13,0,-14,1
17,53,345,701,0,-217,1
17,54,741,193,0,86,1
17,55,560,599,0,-176,1
17,56,669,113,0,-84,1
17,57,565,696,0,59,1
17,58,619,63,0,26,1
17,59,474,328,0,-56,1
17,60,81,256,0,-117,1
17,61,301,43,0,-242,1
17,63,289,549,0,-205,1
17,64,314,662,0,-23,1
17,65,607,68,0,45,1
17,66,333,176,0,-71,1
18,0,97,358,0,-78,0
18,1,32,106,0,-149,0
18,2,575,298,0,86,0
18,3,352,151,0,53,0
18,4,190,104,0,66,0
18,5,60,77,0,-14,0
18,6,337,154,0,-218,0
18,7,125,572,0,-226,0
18,8,341,540,0,-116,0
18,9,495,436,0,-132,0
18,10,478,360,0,-80,0
18,11,5,386,0,-49,0
18,12,336,255,0,-223,0
18,13,545,18,0,-146,0
18,14,266,146,0,-60,0
18,15,690,558,0,-70,0
18,16,189,275,0,-7,0
18,17,686,490,0,80,0
18,18,749,260,0,6,0
18,19,149,546,0,-94,0
18,21,29,506,0,-39,1
18,22,113,151,0,-83,1
18,23,630,596,0,-178,1
18,26,135,288,0,-54,1
18,27,711,318,0,-162,1
18,28,260,603,0,18,1
18,29,234,289,0,-119,1
18,30,49,134,0,-2,1
18,31,251,107,0,-233,1
18,32,711,455,0,2,1
18,33,335,173,0,-52,1
18,34,465,526,0,-208,1
18,35,509,257,0,11,1
18,36,184,578,0,-35,1
18,37,15,328,0,56,1
18,38,596,571,0,29,1
18,39,482,412,0,-196,1
18,40,640,699,0,-170,1
18,41,557,121,0,24,1
18,42,437,253,0,-193,1
18,43,137,748,0,-200,1
18,44,726,411,0,-96,1
18,45,162,668,0,-210,1
18,46,292,408,0,-71,1
18,47,160,741,0,43,1
18,48,459,73,0,16,1
18,49,374,235,0,30,1
18,50,205,3,0,66,1
18,52,685,11,0,-32,1
18,53,343,703,0,-217,1
18,54,738,193,0,79,1
18,55,560,602,0,-176,1
18,56,672,112,0,-84,1
18,57,562,694,0,59,1
18,58,617,60,0,26,1
18,59,476,326,0,-56,1
18,60,84,258,0,-117,1
18,61,298,44,0,-242,1
18,63,289,552,0,-180,1
18,64,315,659,0,-23,1
18,65,604,66,0,45,1
18,66,336,175,0,-71,1
19,0,100,358,0,-82,0
19,1,34,109,0,-149,0
19,2,572,297,0,86,0
19,3,349,150,0,80,0
19,4,188,103,0,66,0
19,5,60,74,0,-5,0
19,6,336,157,0,-192,0
19,7,124,574,0,-210,0
19,8,343,542,0,-116,0
19,9,497,438,0,-132,0
19,10,481,360,0,-80,0
19,11,7,384,0,-49,0
19,12,333,257,0,-223,0
19,13,548,20,0,-126,0
19,14,268,145,0,-55,0
19,15,690,558,0,-70,0
19,16,190,273,0,-7,0
19,17,683,489,0,80,0
19,18,748,257,0,6,0
19,19,152,546,0,-94,0
19,21,31,504,0,-39,1
19,22,116,150,0,-83,1
19,23,629,599,0,-207,1
19,26,138,286,0,-54,1
19,27,712,321,0,-162,1
19,28,259,600,0,28,1
19,29,237,291,0,-119,1
19,30,48,131,0,8,1
19,31,249,109,0,-233,1
19,32,711,452,0,2,1
19,33,338,173,0,-80,1
19,34,464,529,0,-208,1
19,35,508,254,0,11,1
19,36,186,576,0,-44,1
19,37,13,326,0,56,1
19,38,595,569,0,29,1
19,39,481,415,0,-196,1
19,40,641,702,0,-170,1
19,41,556,119,0,24,1
19,42,436,256,0,-193,1
19,43,136,751,0,-200,1
19,44,729,412,0,-96,1
19,45,160,670,0,-210,1
19,46,295,407,0,-71,1
19,47,158,739,0,43,1
19,48,458,71,0,16,1
19,49,372,233,0,30,1
19,50,202,2,0,66,1
19,52,686,8,0,-32,1
19,53,342,705,0,-217,1
19,54,735,192,0,79,1
19,55,561,605,0,-176,1
19,56,675,112,0,-84,1
19,57,559,694,0,86,1
19,58,616,57,0,26,1
19,59,479,325,0,-56,1
19,60,86,259,0,-117,1
19,61,296,46,0,-242,1
19,63,289,555,0,-180,1
19,64,316,657,0,-23,1
19,65,602,65,0,62,1
19,66,338,174,0,-71,1
20,0,103,357,0,-82,0
20,1,35,112,0,-149,0
20,2,569,297,0,86,0
20,3,346,150,0,80,0
20,4,185,102,0,66,0
20,5,60,71,0,-5,0
20,6,336,159,0,-192,0
20,7,122,577,0,-210,0
20,8,346,543,0,-116,0
20,9,499,440,0,-138,0
20,10,484,359,0,-80,0
20,11,10,383,0,-75,0
20,12,331,259,0,-223,0
20,13,550,22,0,-126,0
20,14,271,143,0,-55,0
20,15,690,558,0,-70,0
20,16,190,270,0,-7,0
20,17,680,489,0,80,0
20,18,748,254,0,6,0
20,19,155,546,0,-94,0
20,21,33,502,0,-39,1
20,22,119,150,0,-83,1
20,23,627,601,0,-207,1
20,26,140,284,0,-54,1
20,27,713,324,0,-162,1
20,28,257,598,0,28,1
20,29,240,292,0,-119,1
20,30,48,128,0,8,1
20,31,247,111,0,-218,1
20,32,711,449,0,2,1
20,33,341,172,0,-80,1
20,34,464,532,0,-181,1
20,35,508,251,0,11,1
20,36,189,574,0,-44,1
20,37,10,324,0,56,1
20,38,593,566,0,29,1
20,39,481,418,0,-181,1
20,40,641,705,0,-170,1
20,41,554,116,0,24,1
20,42,436,259,0,-193,1
20,43,135,3,0,-200,1
20,44,732,412,0,-96,1
20,45,159,673,0,-210,1
20,46,298,406,0,-71,1
20,47,156,737,0,43,1
20,48,458,68,0,16,1
20,49,371,230,0,30,1
20,50,199,0,0,59,1
20,52,688,5,0,-32,1
20,53,340,708,0,-217,1
20,54,732,192,0,79,1
20,55,561,608,0,-176,1
20,56,678,112,0,-84,1
20,57,556,694,0,86,1
20,58,615,55,0,26,1
20,59,481,323,0,-64,1
20,60,89,261,0,-117,1
20,61,294,48,0,-214,1
20,63,289,558,0,-180,1
20,64,318,654,0,-23,1
20,65,599,63,0,62,1
20,66,341,174,0,-98,1
21,0,106,357,0,-82,0
21,1,37,114,0,-149,0
21,2,567,298,0,-245,0
21,3,343,149,0,80,0
21,4,182,100,0,66,0
21,5,61,68,0,-5,0
21,6,335,162,0,-192,0
21,7,121,580,0,-210,0
21,8,349,544,0,-116,0
21,9,501,443,0,-138,0
21,10,487,359,0,-80,0
21,11,13,383,0,-75,0
21,12,329,261,0,-223,0
21,13,553,24,0,-129,0
21,14,274,142,0,-68,0
21,15,690,558,0,-70,0
21,16,189,267,0,19,0
21,17,677,488,0,80,0
21,18,748,251,0,6,0
21,19,158,547,0,-102,0
21,21,34,499,0,-15,1
21,22,122,150,0,-83,1
21,23,626,604,0,-207,1
21,26,143,283,0,-54,1
21,27,714,327,0,-162,1
21,28,256,595,0,28,1
21,29,242,294,0,-119,1
21,30,47,125,0,8,1
21,31,245,113,0,-218,1
21,32,711,446,0,2,1
21,33,343,173,0,-107,1
21,34,464,535,0,-181,1
21,35,507,248,0,11,1
21,36,191,572,0,-44,1
21,37,8,323,0,66,1
21,38,592,563,0,29,1
21,39,481,421,0,-181,1
21,40,642,708,0,-170,1
21,41,553,113,0,24,1
21,42,435,262,0,-193,1
21,43,134,6,0,-200,1
21,44,735,412,0,-96,1
21,45,156,675,0,-233,1
21,46,301,405,0,-71,1
21,47,153,735,0,43,1
21,48,457,65,0,16,1
21,49,369,228,0,30,1
21,50,197,-1,0,59,1
21,52,690,3,0,-32,1
21,53,338,710,0,-217,1
21,54,729,191,0,79,1
21,55,562,611,0,-149,1
21,56,681,111,0,-84,1
21,57,553,693,0,62,1
21,58,614,52,0,26,1
21,59,484,322,0,-64,1
21,60,92,262,0,-117,1
21,61,292,51,0,-214,1
21,63,289,561,0,-180,1
21,64,319,651,0,-23,1
21,65,597,61,0,38,1
21,66,344,175,0,-98,1
22,0,109,356,0,-82,0
22,1,38,117,0,-149,0
22,2,564,300,0,-245,0
22,3,340,149,0,80,0
22,4,179,99,0,66,0
22,5,61,65,0,-5,0
22,6,334,165,0,-192,0
22,7,119,582,0,-210,0
22,8,351,545,0,-116,0
22,9,502,445,0,-158,0
22,10,490,358,0,-80,0
22,11,16,382,0,-76,0
22,12,327,263,0,-223,0
22,13,555,25,0,-129,0
22,14,276,141,0,-72,0
22,15,690,558,0,-70,0
22,16,188,264,0,19,0
22,17,674,488,0,80,0
22,18,747,248,0,6,0
22,19,161,547,0,-102,0
22,21,35,496,0,-15,1
22,22,125,149,0,-70,1
22,23,626,607,0,-181,1
22,26,145,281,0,-54,1
22,27,715,330,0,-162,1
22,28,254,592,0,28,1
22,29,245,295,0,-119,1
22,30,47,122,0,8,1
22,31,243,116,0,-218,1
22,32,711,443,0,2,1
22,34,463,538,0,-199,1
22,35,507,245,0,11,1
22,36,192,569,0,-35,1
22,37,5,322,0,66,1
22,38,590,561,0,42,1
22,39,481,424,0,-180,1
22,40,642,711,0,-170,1
22,41,552,110,0,23,1
22,42,435,265,0,-189,1
22,43,133,8,0,-200,1
22,44,738,413,0,-96,1
22,45,154,677,0,-233,1
22,46,303,404,0,-71,1
22,47,151,732,0,43,1
22,48,456,62,0,21,1
22,49,368,225,0,16,1
22,50,194,748,0,59,1
22,52,691,0,0,-32,1
22,53,336,713,0,-217,1
22,54,726,191,0,-265,1
22,55,564,613,0,-149,1
22,56,684,111,0,-84,1
22,57,551,691,0,62,1
22,58,612,49,0,26,1
22,59,487,321,0,-64,1
22,60,95,262,0,-92,1
22,61,291,53,0,-214,1
22,63,289,564,0,-180,1
22,64,320,648,0,-29,1
22,65,595,58,0,38,1
22,66,347,176,0,-118,1
23,0,112,356,0,-82,0
23,1,39,120,0,-163,0
23,2,561,300,0,-254,0
23,3,337,148,0,80,0
23,4,177,98,0,66,0
23,5,61,62,0,-5,0
23,6,334,168,0,-192,0
23,7,118,585,0,-210,0
23,8,354,547,0,-116,0
23,9,503,448,0,-158,0
23,10,493,356,0,-54,0
23,11,18,381,0,-76,0
23,12,325,266,0,-223,0
23,13,558,26,0,-109,0
23,14,279,140,0,-72,0
23,15,690,558,0,-70,0
23,16,187,261,0,8,0
23,17,671,487,0,80,0
23,18,747,245,0,6,0
23,19,164,548,0,-102,0
23,21,34,493,0,5,1
23,22,128,147,0,-70,1
23,23,626,610,0,-181,1
23,26,147,279,0,-54,1
23,27,716,333,0,-162,1
23,28,253,590,0,28,1
23,29,247,296,0,-119,1
23,30,48,119,0,-21,1
23,31,241,118,0,-218,1
23,32,712,441,0,-19,1
23,34,461,540,0,-208,1
23,35,506,242,0,11,1
23,36,194,567,0,-35,1
23,37,2,321,0,66,1
23,38,588,559,0,42,1
23,39,481,427,0,-180,1
23,40,643,714,0,-170,1
23,41,551,108,0,23,1
23,42,435,268,0,-175,1
23,43,132,11,0,-200,1
23,44,741,413,0,-96,1
23,45,152,678,0,-233,1
23,46,306,403,0,-77,1
23,47,149,730,0,43,1
23,48,455,59,0,21,1
23,49,367,222,0,16,1
23,50,192,747,0,63,1
23,52,693,-2,0,-32,1
23,53,334,715,0,-217,1
23,54,723,192,0,-265,1
23,55,565,616,0,-149,1
23,56,687,111,0,-84,1
23,57,548,690,0,62,1
23,58,611,46,0,26,1
23,59,489,319,0,-64,1
23,60,98,262,0,-92,1
23,61,289,55,0,-214,1
23,63,289,567,0,-187,1
23,64,322,646,0,-29,1
23,65,594,56,0,38,1
23,66,350,178,0,-118,1
24,0,115,356,0,-82,0
24,1,40,122,0,-163,0
24,2,558,301,0,-254,0
24,3,334,148,0,80,0
24,4,174,97,0,66,0
24,5,61,59,0,-5,0
24,6,333,171,0,-192,0
24,7,116,587,0,-210,0
24,8,357,548,0,-116,0
24,9,504,451,0,-158,0
24,10,494,354,0,-34,0
24,11,21,380,0,-69,0
24,12,323,268,0,-223,0
24,13,560,28,0,-133,0
24,14,282,139,0,-72,0
24,15,690,558,0,-70,0
24,16,187,258,0,8,0
24,17,668,486,0,61,0
24,18,747,243,0,6,0
24,19,166,549,0,-102,0
24,21,34,490,0,5,1
24,22,131,146,0,-70,1
24,23,625,613,0,-191,1
24,26,150,277,0,-54,1
24,27,718,335,0,-140,1
24,28,251,587,0,28,1
24,29,250,298,0,-126,1
24,30,49,116,0,-21,1
24,31,239,120,0,-218,1
24,32,713,438,0,-19,1
24,34,460,543,0,-208,1
24,35,505,239,0,18,1
24,36,196,565,0,-49,1
24,37,-1,319,0,61,1
24,38,586,557,0,42,1
24,39,481,430,0,-180,1
24,40,644,716,0,-144,1
24,41,550,105,0,23,1
24,42,435,271,0,-175,1
24,43,131,14,0,-200,1
24,44,744,413,0,-96,1
24,45,149,680,0,-233,1
24,46,309,402,0,-68,1
24,47,147,728,0,43,1
24,48,454,56,0,21,1
24,49,367,219,0,16,1
24,50,189,746,0,63,1
24,52,694,747,0,-32,1
24,53,333,717,0,-217,1
24,54,720,192,0,-265,1
24,55,567,618,0,-149,1
24,56,690,110,0,-75,1
24,57,545,688,0,62,1
24,58,610,44,0,26,1
24,59,492,318,0,-64,1
24,60,101,262,0,-85,1
24,61,287,58,0,-214,1
24,63,288,570,0,-191,1
24,64,323,643,0,-29,1
24,65,592,54,0,38,1
24,66,352,179,0,-118,1
25,0,118,355,0,-80,0
25,1,41,125,0,-162,0
25,2,555,302,0,-254,0
25,3,331,147,0,80,0
25,4,171,96,0,66,0
25,5,62,56,0,-5,0
25,6,333,174,0,-192,0
25,7,114,590,0,-225,0
25,8,360,549,0,-108,0
25,9,506,454,0,-158,0
25,10,496,351,0,-34,0
25,11,24,379,0,-69,0
25,12,321,270,0,-223,0
25,13,562,31,0,-133,0
25,14,285,138,0,-72,0
25,15,690,558,0,-70,0
25,16,187,255,0,8,0
25,17,666,486,0,82,0
25,18,746,240,0,6,0
25,19,169,549,0,-102,0
25,21,34,487,0,5,1
25,22,133,145,0,-70,1
25,23,625,616,0,-191,1
25,26,152,276,0,-54,1
25,27,720,337,0,-140,1
25,28,250,584,0,28,1
25,29,252,300,0,-126,1
25,30,50,114,0,-21,1
25,31,237,123,0,-218,1
25,32,715,435,0,-41,1
25,34,459,546,0,-208,1
25,35,504,237,0,18,1
25,36,199,563,0,-49,1
25,37,747,318,0,61,1
25,38,584,555,0,42,1
25,39,481,433,0,-180,1
25,40,645,719,0,-166,1
25,41,548,102,0,23,1
25,42,435,274,0,-175,1
25,43,130,17,0,-200,1
25,44,747,414,0,-96,1
25,45,147,682,0,-233,1
25,46,312,401,0,-68,1
25,47,145,726,0,43,1
25,48,453,54,0,21,1
25,49,366,216,0,16,1
25,50,186,745,0,84,1
25,52,696,745,0,-32,1
25,53,331,720,0,-217,1
25,54,717,192,0,-265,1
25,55,569,621,0,-149,1
25,56,693,109,0,-75,1
25,57,543,687,0,62,1
25,58,608,41,0,38,1
25,59,495,317,0,-64,1
25,60,104,262,0,-85,1
25,61,285,60,0,-220,1
25,63,288,573,0,-191,1
25,64,324,641,0,-29,1
25,65,591,51,0,17,1
25,66,355,180,0,-118,1
26,0,121,355,0,-80,0
26,1,42,128,0,-162,0
26,2,552,303,0,-254,0
26,3,328,147,0,80,0
26,4,169,94,0,66,0
26,5,62,53,0,-5,0
26,6,332,177,0,-192,0
26,7,112,592,0,-225,0
26,8,362,550,0,-108,0
26,9,507,457,0,-158,0
26,10,498,349,0,-34,0
26,11,27,378,0,-69,0
26,12,319,272,0,-223,0
26,13,564,33,0,-133,0
26,14,288,137,0,-72,0
26,15,690,558,0,-70,0
26,16,186,252,0,8,0
26,17,663,485,0,82,0
26,18,746,237,0,6,0
26,19,172,550,0,-102,0
26,21,33,484,0,5,1
26,22,136,144,0,-70,1
26,23,624,619,0,-191,1
26,26,155,275,0,-81,1
26,27,722,340,0,-140,1
26,28,249,582,0,28,1
26,29,255,302,0,-126,1
26,30,51,111,0,-21,1
26,31,236,125,0,-218,1
26,32,717,433,0,-41,1
26,34,457,548,0,-208,1
26,35,504,234,0,18,1
26,36,201,561,0,-49,1
26,37,745,316,0,61,1
26,38,582,552,0,42,1
26,39,481,436,0,-180,1
26,40,646,722,0,-166,1
26,41,547,99,0,23,1
26,42,436,276,0,-159,1
26,43,129,20,0,-200,1
26,44,750,413,0,-75,1
26,45,145,684,0,-233,1
26,46,315,400,0,-68,1
26,47,143,724,0,43,1
26,48,452,51,0,21,1
26,49,365,213,0,16,1
26,50,183,745,0,84,1
26,52,697,742,0,-32,1
26,53,329,722,0,-217,1
26,54,714,192,0,-265,1
26,55,570,623,0,-149,1
26,56,695,108,0,-60,1
26,57,540,686,0,62,1
26,58,606,39,0,38,1
26,59,498,316,0,-71,1
26,60,107,262,0,-100,1
26,61,283,63,0,-220,1
26,63,288,576,0,-182,1
26,64,326,638,0,-29,1
26,65,590,48,0,17,1
26,66,358,182,0,-118,1
26,67,145,684,0,-233,1
27,0,124,354,0,-80,0
27,1,43,131,0,-162,0
27,2,550,304,0,-254,0
27,3,325,146,0,80,0
27,4,166,93,0,66,0
27,5,62,50,0,-5,0
27,6,333,180,0,-163,0
27,7,110,594,0,-225,0
27,8,365,551,0,-108,0
27,9,508,459,0,-158,0
27,10,499,346,0,-34,0
27,11,30,377,0,-69,0
27,12,316,273,0,-253,0
27,13,567,35,0,-133,0
27,14,290,135,0,-43,0
27,15,690,558,0,-70,0
27,16,186,249,0,8,0
27,17,660,485,0,82,0
27,18,746,234,0,6,0
27,19,175,550,0,-102,0
27,21,34,481,0,-12,1
27,22,139,143,0,-70,1
27,23,623,622,0,-191,1
27,26,158,275,0,-81,1
27,27,723,342,0,-154,1
27,28,248,579,0,8,1
27,29,257,304,0,-126,1
27,30,52,108,0,-21,1
27,31,234,127,0,-218,1
27,32,719,431,0,-41,1
27,34,455,550,0,-237,1
27,35,503,231,0,18,1
27,36,203,559,0,-49,1
27,37,742,315,0,61,1
27,38,580,550,0,42,1
27,39,481,439,0,-180,1
27,40,647,725,0,-166,1
27,41,546,97,0,23,1
27,42,438,279,0,-159,1
27,43,128,23,0,-200,1
27,44,753,412,0,-75,1
27,45,142,685,0,-249,1
27,46,318,399,0,-68,1
27,47,141,721,0,43,1
27,48,451,48,0,21,1
27,49,364,211,0,27,1
27,50,180,745,0,84,1
27,52,699,740,0,-32,1
27,53,327,725,0,-217,1
27,54,712,194,0,-239,1
27,55,572,626,0,-149,1
27,56,698,106,0,-60,1
27,57,537,684,0,62,1
27,58,604,37,0,38,1
27,59,501,315,0,-83,1
27,60,109,263,0,-100,1
27,61,281,64,0,-250,1
27,63,288,579,0,-182,1
27,64,326,635,0,-6,1
27,65,589,45,0,12,1
27,66,360,183,0,-118,1
27,67,142,686,0,-233,1
28,0,127,354,0,-80,0
28,1,44,134,0,-162,0
28,2,547,304,0,-254,0
28,3,322,146,0,-270,0
28,4,163,92,0,66,0
28,5,63,47,0,-5,0
28,6,335,182,0,-141,0
28,7,108,596,0,-225,0
28,8,368,552,0,-108,0
28,9,508,462,0,-170,0
28,10,502,345,0,-55,0
28,11,32,376,0,-69,0
28,12,313,274,0,-253,0
28,13,569,37,0,-133,0
28,14,292,133,0,-43,0
28,15,690,558,0,-70,0
28,16,185,246,0,8,0
28,17,657,484,0,82,0
28,18,745,231,0,6,0
28,19,178,551,0,-102,0
28,21,35,478,0,-12,1
28,22,142,142,0,-70,1
28,23,623,625,0,-191,1
28,26,161,274,0,-81,1
28,27,724,345,0,-154,1
28,28,248,576,0,8,1
28,29,260,305,0,-126,1
28,30,53,105,0,-15,1
28,31,232,130,0,-218,1
28,32,721,429,0,-41,1
28,34,452,551,0,-243,1
28,35,502,228,0,18,1
28,36,205,557,0,-38,1
28,37,740,313,0,61,1
28,38,578,548,0,42,1
28,39,481,442,0,-180,1
28,40,647,728,0,-166,1
28,41,545,94,0,23,1
28,42,439,282,0,-159,1
28,43,127,25,0,-200,1
28,44,3,412,0,-75,1
28,45,139,686,0,-249,1
28,46,320,398,0,-68,1
28,47,139,719,0,43,1
28,48,449,45,0,21,1
28,49,362,208,0,27,1
28,50,177,744,0,84,1
28,52,701,737,0,-32,1
28,53,325,727,0,-217,1
28,54,709,195,0,-239,1
28,55,572,629,0,-168,1
28,56,701,105,0,-60,1
28,57,535,683,0,62,1
28,58,602,34,0,38,1
28,59,504,315,0,-83,1
28,60,112,263,0,-100,1
28,61,278,65,0,-250,1
28,63,287,582,0,-182,1
28,64,327,632,0,-6,1
28,65,589,42,0,12,1
28,66,363,184,0,-118,1
28,67,140,687,0,-233,1
28,68,3,412,0,-75,1
29,0,130,353,0,-80,0
29,1,45,137,0,-162,0
29,2,544,305,0,-254,0
29,3,319,146,0,-270,0
29,4,160,91,0,66,0
29,5,63,44,0,-6,0
29,6,337,185,0,-141,0
29,7,106,599,0,-207,0
29,8,371,553,0,-108,0
29,9,508,465,0,-187,0
29,10,504,343,0,-55,0
29,11,35,375,0,-69,0
29,12,310,275,0,-253,0
29,13,571,39,0,-133,0
29,14,294,130,0,-43,0
29,15,690,558,0,-70,0
29,16,185,243,0,8,0
29,17,654,484,0,82,0
29,18,744,228,0,27,0
29,19,181,551,0,-92,0
29,21,34,475,0,5,1
29,22,144,140,0,-41,1
29,23,622,628,0,-191,1
29,26,164,274,0,-81,1
29,27,725,348,0,-154,1
29,28,247,573,0,8,1
29,29,262,307,0,-121,1
29,30,54,102,0,-15,1
29,31,230,132,0,-218,1
29,32,723,426,0,-41,1
29,34,449,553,0,-243,1
29,35,502,225,0,-4,1
29,36,207,554,0,-38,1
29,37,737,312,0,61,1
29,38,576,546,0,42,1
29,39,481,445,0,-180,1
29,40,648,731,0,-166,1
29,41,544,91,0,23,1
29,42,440,285,0,-159,1
29,43,126,28,0,-200,1
29,44,6,411,0,-75,1
29,45,136,687,0,-249,1
29,46,323,396,0,-68,1
29,47,137,718,0,58,1
29,48,448,42,0,21,1
29,49,361,205,0,25,1
29,50,174,744,0,84,1
29,52,702,735,0,-32,1
29,53,324,729,0,-217,1
29,54,707,197,0,-239,1
29,55,573,632,0,-168,1
29,56,703,103,0,-60,1
29,57,532,681,0,62,1
29,58,600,32,0,38,1
29,59,506,313,0,-54,1
29,60,115,264,0,-100,1
29,61,275,66,0,-250,1
29,63,287,585,0,-182,1
29,64,327,629,0,-6,1
29,65,588,39,0,12,1
29,66,366,186,0,-118,1
29,67,137,689,0,-231,1
29,68,6,411,0,-75,1
30,0,133,353,0,-80,0
30,1,46,140,0,-162,0
30,2,541,306,0,-254,0
30,3,316,146,0,-270,0
30,4,158,89,0,66,0
30,5,63,41,0,-6,0
30,6,338,187,0,-149,0
30,7,105,601,0,-207,0
30,8,374,554,0,-108,0
30,9,508,468,0,-187,0
30,10,507,343,0,-84,0
30,11,38,374,0,-69,0
30,12,308,276,0,-253,0
30,13,573,41,0,-143,0
30,14,295,128,0,-24,0
30,15,690,558,0,-70,0
30,16,185,240,0,-1,0
30,17,651,484,0,82,0
30,18,743,225,0,27,0
30,19,184,551,0,-82,0
30,21,34,472,0,5,1
30,22,145,137,0,-19,1
30,23,622,631,0,-191,1
30,26,167,273,0,-81,1
30,27,727,350,0,-154,1
30,28,247,570,0,8,1
30,29,265,307,0,-101,1
30,30,55,99,0,-15,1
30,31,228,134,0,-218,1
30,32,725,424,0,-41,1
30,34,447,554,0,-243,1
30,35,502,222,0,-4,1
30,36,209,552,0,-38,1
30,37,734,310,0,61,1
30,38,574,543,0,28,1
30,39,481,448,0,-180,1
30,40,649,734,0,-166,1
30,41,543,88,0,23,1
30,42,441,288,0,-159,1
30,43,125,31,0,-200,1
30,44,9,410,0,-75,1
30,45,133,688,0,-249,1
30,46,326,395,0,-68,1
30,47,135,715,0,38,1
30,48,447,40,0,21,1
30,49,361,202,0,1,1
30,50,171,744,0,90,1
30,52,703,732,0,-26,1
30,53,323,732,0,-193,1
30,54,704,199,0,-239,1
30,55,574,635,0,-157,1
30,56,706,102,0,-60,1
30,57,529,680,0,62,1
30,58,599,29,0,38,1
30,59,508,312,0,-54,1
30,60,118,264,0,-100,1
30,61,272,67,0,-250,1
30,63,287,588,0,-182,1
30,64,327,626,0,-6,1
30,65,589,36,0,-16,1
30,66,368,187,0,-118,1
30,67,135,691,0,-231,1
30,68,9,411,0,-103,1
30,69,247,570,0,8,1
31,0,136,352,0,-80,0
31,1,46,143,0,-179,0
31,2,538,307,0,-254,0
31,3,314,145,0,73,0
31,4,155,88,0,64,0
31,5,63,38,0,-6,0
31,6,340,190,0,-149,0
31,7,104,604,0,-207,0
31,8,377,554,0,-108,0
31,9,507,471,0,-184,0
31,10,510,342,0,-84,0
31,11,41,372,0,-69,0
31,12,305,277,0,-245,0
31,13,575,44,0,-143,0
31,14,297,126,0,-48,0
31,15,690,558,0,-70,0
31,16,185,237,0,-1,0
31,17,648,483,0,82,0
31,18,741,223,0,27,0
31,19,187,552,0,-111,0
31,21,34,469,0,5,1
31,22,146,134,0,-19,1
31,23,621,634,0,-191,1
31,26,170,273,0,-81,1
31,27,728,353,0,-154,1
31,28,247,567,0,8,1
31,29,268,308,0,-101,1
31,30,56,97,0,-23,1
31,31,227,137,0,-212,1
31,32,727,422,0,-41,1
31,34,444,555,0,-247,1
31,35,501,219,0,18,1
31,36,211,550,0,-38,1
31,37,732,309,0,61,1
31,38,572,541,0,44,1
31,39,482,450,0,-171,1
31,40,650,737,0,-166,1
31,41,542,86,0,23,1
31,42,442,290,0,-159,1
31,43,124,34,0,-200,1
31,44,12,410,0,-88,1
31,45,130,689,0,-249,1
31,46,329,394,0,-68,1
31,47,133,713,0,38,1
31,48,446,37,0,21,1
31,49,361,199,0,1,1
31,50,168,744,0,90,1
31,52,705,729,0,-26,1
31,53,322,735,0,-193,1
31,54,701,200,0,-238,1
31,55,575,637,0,-157,1
31,56,708,100,0,-60,1
31,57,527,679,0,62,1
31,58,597,27,0,38,1
31,59,511,310,0,-54,1
31,60,121,265,0,-100,1
31,61,269,68,0,-250,1
31,63,287,591,0,-182,1
31,64,328,623,0,-6,1
31,65,590,33,0,-16,1
31,66,371,189,0,-118,1
31,67,133,693,0,-231,1
31,68,12,412,0,-103,1
31,69,247,567,0,8,1
32,0,139,352,0,-80,0
32,1,46,146,0,-179,0
32,2,535,308,0,-254,0
32,3,311,145,0,73,0
32,4,152,87,0,64,0
32,5,64,35,0,-6,0
32,6,341,192,0,-149,0
32,7,102,607,0,-207,0
32,8,380,555,0,-108,0
32,9,507,474,0,-184,0
32,10,513,342,0,-84,0
32,11,44,371,0,-69,0
32,12,302,278,0,-245,0
32,13,576,46,0,-143,0
32,14,300,124,0,-48,0
32,15,690,558,0,-70,0
32,16,185,234,0,-1,0
32,17,645,483,0,82,0
32,18,739,221,0,55,0
32,19,190,553,0,-111,0
32,21,34,466,0,5,1
32,22,146,131,0,2,1
32,23,620,637,0,-191,1
32,26,173,272,0,-69,1
32,27,729,356,0,-154,1
32,28,246,564,0,8,1
32,29,271,309,0,-101,1
32,30,57,94,0,-23,1
32,31,225,139,0,-212,1
32,32,729,420,0,-41,1
32,34,441,556,0,-247,1
32,35,500,216,0,18,1
32,36,212,547,0,-38,1
32,37,729,308,0,61,1
32,38,570,539,0,44,1
32,39,482,453,0,-171,1
32,40,650,740,0,-173,1
32,41,540,83,0,23,1
32,42,443,293,0,-159,1
32,43,122,37,0,-200,1
32,44,15,410,0,-97,1
32,45,128,690,0,-249,1
32,46,332,393,0,-68,1
32,47,131,711,0,38,1
32,48,445,34,0,20,1
32,49,361,196,0,4,1
32,50,165,744,0,90,1
32,52,705,726,0,-15,1
32,53,321,738,0,-193,1
32,54,699,202,0,-238,1
32,55,576,640,0,-157,1
32,56,711,99,0,-60,1
32,57,524,678,0,78,1
32,58,595,25,0,38,1
32,59,513,308,0,-54,1
32,60,124,265,0,-100,1
32,61,267,69,0,-240,1
32,63,287,594,0,-182,1
32,64,328,620,0,-6,1
32,65,592,31,0,-40,1
32,66,374,190,0,-118,1
32,67,130,695,0,-231,1
32,68,15,413,0,-103,1
32,69,246,564,0,6,1
33,0,142,351,0,-80,0
33,1,46,149,0,-179,0
33,2,532,309,0,-254,0
33,3,308,144,0,73,0
33,4,150,85,0,64,0
33,5,64,32,0,-6,0
33,6,343,195,0,-149,0
33,7,101,609,0,-207,0
33,8,382,556,0,-108,0
33,9,506,477,0,-197,0
33,10,516,342,0,-84,0
33,11,46,370,0,-69,0
33,12,299,279,0,-245,0
33,13,578,48,0,-143,0
33,14,302,122,0,-48,0
33,15,690,558,0,-70,0
33,16,185,231,0,-1,0
33,17,642,482,0,82,0
33,18,736,219,0,55,0
33,19,193,554,0,-111,0
33,21,33,463,0,5,1
33,22,145,128,0,5,1
33,23,620,639,0,-191,1
33,26,176,271,0,-69,1
33,27,731,358,0,-147,1
33,28,247,561,0,-9,1
33,29,274,309,0,-98,1
33,30,59,91,0,-34,1
33,31,223,142,0,-212,1
33,32,731,417,0,-41,1
33,34,438,557,0,-247,1
33,35,499,214,0,18,1
33,36,214,545,0,-38,1
33,37,726,306,0,61,1
33,38,568,537,0,44,1
33,39,483,456,0,-171,1
33,40,650,743,0,-173,1
33,41,540,80,0,14,1
33,42,444,296,0,-159,1
33,43,121,39,0,-200,1
33,44,18,411,0,-97,1
33,45,125,691,0,-249,1
33,46,334,392,0,-68,1
33,47,129,708,0,38,1
33,48,444,31,0,20,1
33,49,360,193,0,4,1
33,50,162,744,0,90,1
33,52,705,723,0,0,1
33,53,321,741,0,-193,1
33,54,696,203,0,-238,1
33,55,578,643,0,-157,1
33,56,714,97,0,-60,1
33,57,521,677,0,78,1
33,58,593,22,0,38,1
33,59,516,306,0,-54,1
33,60,127,265,0,-92,1
33,61,264,71,0,-240,1
33,63,286,597,0,-194,1
33,64,328,617,0,-6,1
33,65,594,29,0,-40,1
33,66,376,191,0,-118,1
33,67,129,698,0,-208,1
33,68,17,413,0,-103,1
33,69,246,561,0,6,1
34,0,145,351,0,-80,0
34,1,46,152,0,-179,0
34,2,529,309,0,-254,0
34,3,305,143,0,73,0
34,4,147,84,0,64,0
34,5,64,29,0,-6,0
34,6,344,198,0,-149,0
34,7,99,612,0,-207,0
34,8,385,557,0,-108,0
34,9,505,480,0,-197,0
34,10,519,342,0,-84,0
34,11,49,369,0,-55,0
34,12,297,281,0,-245,0
34,13,580,51,0,-143,0
34,14,304,120,0,-48,0
34,15,690,558,0,-70,0
34,16,185,228,0,-1,0
34,17,639,483,0,-257,0
34,18,734,217,0,55,0
34,19,195,555,0,-111,0
34,21,33,460,0,5,1
34,22,145,125,0,5,1
34,23,619,642,0,-191,1
34,26,179,269,0,-69,1
34,27,733,361,0,-147,1
34,28,248,558,0,-22,1
34,29,277,309,0,-98,1
34,30,60,89,0,-34,1
34,31,222,145,0,-212,1
34,32,732,415,0,-41,1
34,34,436,559,0,-247,1
34,35,498,211,0,18,1
34,36,216,543,0,-38,1
34,37,724,305,0,61,1
34,38,566,534,0,44,1
34,39,483,459,0,-171,1
34,40,651,746,0,-173,1
34,41,539,77,0,14,1
34,42,445,299,0,-159,1
34,43,120,42,0,-200,1
34,44,20,410,0,-69,1
34,45,122,692,0,-249,1
34,46,337,391,0,-68,1
34,47,127,706,0,38,1
34,48,443,28,0,20,1
34,49,360,190,0,4,1
34,50,159,744,0,90,1
34,52,706,720,0,-4,1
34,53,320,744,0,-193,1
34,54,694,205,0,-238,1
34,55,579,646,0,-157,1
34,56,716,95,0,-60,1
34,57,518,677,0,78,1
34,58,592,20,0,27,1
34,59,518,304,0,-54,1
34,60,130,265,0,-92,1
34,61,261,71,0,-269,1
34,63,285,599,0,-194,1
34,64,329,614,0,-6,1
34,65,596,26,0,-40,1
34,66,379,193,0,-118,1
34,67,129,701,0,-190,1
34,68,20,414,0,-103,1
34,69,246,558,0,6,1
34,70,320,744,0,-193,1
35,0,148,350,0,-80,0
35,1,46,155,0,-179,0
35,2,526,310,0,-254,0
35,3,302,142,0,73,0
35,4,144,82,0,58,0
35,5,65,26,0,-6,0
35,6,346,200,0,-149,0
35,7,98,614,0,-216,0
35,8,388,559,0,-129,0
35,9,504,482,0,-213,0
35,10,522,340,0,-59,0
35,11,51,367,0,-55,0
35,12,294,282,0,-245,0
35,13,582,52,0,-126,0
35,14,305,117,0,-27,0
35,15,690,558,0,-70,0
35,16,185,225,0,-1,0
35,17,636,485,0,-233,0
35,18,731,216,0,55,0
35,19,198,557,0,-130,0
35,21,33,457,0,5,1
35,22,145,122,0,5,1
35,23,619,645,0,-191,1
35,26,181,268,0,-69,1
35,27,734,363,0,-147,1
35,28,249,555,0,-22,1
35,29,280,310,0,-98,1
35,30,62,86,0,-34,1
35,31,220,147,0,-212,1
35,32,734,413,0,-41,1
35,34,433,560,0,-247,1
35,35,497,208,0,18,1
35,36,218,540,0,-38,1
35,37,722,303,0,50,1
35,38,565,532,0,26,1
35,39,484,462,0,-171,1
35,40,650,748,0,-195,1
35,41,538,74,0,14,1
35,42,446,301,0,-159,1
35,43,119,45,0,-200,1
35,44,23,409,0,-69,1
35,45,119,693,0,-249,1
35,46,340,390,0,-68,1
35,47,126,703,0,38,1
35,48,441,26,0,45,1
35,49,360,187,0,4,1
35,50,156,744,0,90,1
35,52,706,717,0,-4,1
35,53,319,747,0,-193,1
35,54,691,207,0,-238,1
35,55,580,648,0,-157,1
35,56,719,94,0,-60,1
35,57,515,676,0,78,1
35,58,590,17,0,27,1
35,59,521,303,0,-54,1
35,60,133,265,0,-92,1
35,61,258,71,0,-269,1
35,63,285,602,0,-194,1
35,64,329,611,0,-6,1
35,65,598,24,0,-40,1
35,66,381,195,0,-132,1
35,67,128,704,0,-190,1
35,68,23,415,0,-103,1
35,69,245,555,0,6,1
35,70,319,747,0,-193,1
36,0,150,350,0,-80,0
36,1,45,157,0,-203,0
36,2,524,311,0,-254,0
36,3,299,141,0,73,0
36,4,142,81,0,58,0
36,5,65,23,0,-14,0
36,6,347,203,0,-149,0
36,7,96,617,0,-216,0
36,8,390,561,0,-129,0
36,9,502,485,0,-213,0
36,10,524,338,0,-59,0
36,11,54,365,0,-55,0
36,12,291,283,0,-245,0
36,13,584,55,0,-153,0
36,14,306,114,0,-17,0
36,15,690,558,0,-70,0
36,16,185,222,0,-1,0
36,17,634,487,0,-233,0
36,18,729,214,0,48,0
36,19,200,559,0,-130,0
36,21,33,454,0,5,1
36,22,146,120,0,-22,1
36,23,618,648,0,-191,1
36,26,184,267,0,-70,1
36,27,736,366,0,-147,1
36,28,250,553,0,-27,1
36,29,283,311,0,-120,1
36,30,64,84,0,-34,1
36,31,218,150,0,-212,1
36,32,736,410,0,-41,1
36,34,430,561,0,-247,1
36,35,497,205,0,18,1
36,36,220,538,0,-38,1
36,37,719,301,0,50,1
36,38,563,529,0,26,1
36,39,484,465,0,-171,1
36,40,649,751,0,-195,1
36,41,537,71,0,14,1
36,42,447,304,0,-159,1
36,43,118,48,0,-200,1
36,44,25,406,0,-41,1
36,45,116,694,0,-249,1
36,46,343,389,0,-68,1
36,47,124,701,0,38,1
36,48,439,24,0,45,1
36,49,360,184,0,4,1
36,50,153,744,0,90,1
36,52,706,714,0,-4,1
36,53,319,750,0,-193,1
36,54,689,208,0,-238,1
36,55,581,651,0,-157,1
36,56,721,92,0,-51,1
36,57,512,676,0,78,1
36,58,589,14,0,27,1
36,60,136,266,0,-92,1
36,61,255,72,0,-256,1
36,63,284,605,0,-194,1
36,64,329,608,0,1,1
36,65,599,22,0,-40,1
36,66,383,197,0,-132,1
36,67,127,707,0,-190,1
36,68,26,415,0,-103,1
36,69,246,552,0,-15,1
36,70,319,750,0,-193,1
37,0,153,349,0,-80,0
37,1,42,159,0,-233,0
37,2,521,312,0,-254,0
37,3,296,140,0,73,0
37,4,139,79,0,58,0
37,5,66,20,0,-14,0
37,6,349,205,0,-149,0
37,7,94,619,0,-216,0
37,8,392,563,0,-133,0
37,9,501,487,0,-213,0
37,10,526,336,0,-40,0
37,11,55,363,0,-35,0
37,12,288,285,0,-245,0
37,13,585,58,0,-153,0
37,14,306,111,0,-2,0
37,15,690,558,0,-70,0
37,16,185,219,0,-1,0
37,17,631,488,0,-248,0
37,18,728,211,0,24,0
37,19,201,562,0,-157,0
37,21,32,451,0,5,1
37,22,147,117,0,-22,1
37,23,617,651,0,-191,1
37,26,187,266,0,-70,1
37,27,738,368,0,-147,1
37,28,252,550,0,-27,1
37,29,285,313,0,-120,1
37,30,65,81,0,-34,1
37,31,217,152,0,-212,1
37,32,738,408,0,-41,1
37,34,427,562,0,-247,1
37,35,496,202,0,18,1
37,36,222,535,0,-38,1
37,37,717,299,0,50,1
37,38,562,526,0,26,1
37,39,485,468,0,-171,1
37,40,648,3,0,-195,1
37,41,537,68,0,15,1
37,42,448,307,0,-167,1
37,43,117,51,0,-200,1
37,44,27,404,0,-41,1
37,45,114,696,0,-249,1
37,46,345,388,0,-68,1
37,47,122,699,0,49,1
37,48,437,22,0,45,1
37,49,360,181,0,-9,1
37,50,150,744,0,90,1
37,52,706,711,0,-4,1
37,53,318,753,0,-193,1
37,54,686,210,0,-238,1
37,55,582,654,0,-157,1
37,56,724,91,0,-74,1
37,57,509,675,0,78,1
37,58,588,12,0,27,1
37,60,139,267,0,-121,1
37,61,252,72,0,-256,1
37,63,283,608,0,-194,1
37,64,328,605,0,13,1
37,65,601,20,0,-40,1
37,66,386,199,0,-132,1
37,67,127,710,0,-190,1
37,68,29,416,0,-103,1
37,69,247,549,0,-15,1
37,70,319,753,0,-181,1
37,71,618,651,0,-175,1
38,0,156,348,0,-80,0
38,1,40,161,0,-233,0
38,2,518,313,0,-254,0
38,3,294,139,0,73,0
38,4,137,77,0,38,0
38,5,67,17,0,-14,0
38,6,350,208,0,-149,0
38,7,92,622,0,-216,0
38,8,394,565,0,-131,0
38,9,499,490,0,-211,0
38,10,528,334,0,-40,0
38,11,57,360,0,-35,0
38,12,286,286,0,-245,0
38,13,586,60,0,-153,0
38,14,308,109,0,-29,0
38,15,690,558,0,-70,0
38,16,185,216,0,-1,0
38,17,628,489,0,-248,0
38,18,727,208,0,24,0
38,19,202,564,0,-157,0
38,21,32,448,0,5,1
38,22,148,114,0,-22,1
38,23,617,654,0,-191,1
38,26,190,265,0,-70,1
38,27,740,370,0,-128,1
38,28,253,547,0,-27,1
38,29,288,313,0,-95,1
38,30,66,79,0,-21,1
38,31,215,154,0,-227,1
38,32,741,406,0,-54,1
38,34,425,563,0,-247,1
38,35,495,199,0,18,1
38,36,224,534,0,-54,1
38,37,715,297,0,50,1
38,38,561,524,0,26,1
38,39,485,471,0,-171,1
38,40,649,6,0,-166,1
38,41,536,65,0,15,1
38,42,449,310,0,-167,1
38,43,117,54,0,-178,1
38,44,29,402,0,-34,1
38,45,111,697,0,-249,1
38,46,348,386,0,-68,1
38,47,119,697,0,49,1
38,48,435,20,0,45,1
38,49,361,178,0,-9,1
38,50,147,744,0,90,1
38,52,706,708,0,-4,1
38,53,317,3,0,-193,1
38,54,684,211,0,-238,1
38,55,584,657,0,-157,1
38,56,727,90,0,-74,1
38,57,506,674,0,78,1
38,58,586,9,0,27,1
38,60,141,269,0,-121,1
38,61,250,74,0,-228,1
38,63,282,611,0,-194,1
38,64,327,602,0,13,1
38,65,602,17,0,-16,1
38,66,388,201,0,-132,1
38,67,126,712,0,-190,1
38,68,32,417,0,-103,1
38,69,248,546,0,-15,1
38,70,319,3,0,-181,1
38,71,619,654,0,-175,1
39,0,159,348,0,-80,0
39,1,38,163,0,-233,0
39,2,515,313,0,-254,0
39,3,291,138,0,73,0
39,4,136,75,0,38,0
39,5,68,14,0,-14,0
39,6,352,210,0,-149,0
39,7,91,624,0,-216,0
39,8,397,567,0,-131,0
39,9,497,493,0,-211,0
39,10,530,332,0,-40,0
39,11,59,358,0,-35,0
39,12,283,287,0,-245,0
39,13,588,63,0,-153,0
39,14,309,106,0,-29,0
39,15,690,558,0,-70,0
39,16,185,213,0,-1,0
39,17,626,490,0,-248,0
39,18,725,205,0,24,0
39,19,203,567,0,-157,0
39,21,32,445,0,5,1
39,22,149,111,0,-22,1
39,23,616,657,0,-191,1
39,26,193,264,0,-67,1
39,27,742,372,0,-128,1
39,28,254,545,0,-27,1
39,29,291,313,0,-95,1
39,30,68,76,0,-21,1
39,31,212,156,0,-227,1
39,32,743,405,0,-54,1
39,34,422,565,0,-247,1
39,35,494,196,0,18,1
39,36,227,532,0,-54,1
39,37,712,295,0,50,1
39,38,559,521,0,23,1
39,39,486,474,0,-171,1
39,40,650,9,0,-166,1
39,41,534,63,0,31,1
39,42,449,313,0,-167,1
39,43,117,57,0,-178,1
39,44,31,399,0,-34,1
39,45,108,698,0,-249,1
39,46,351,385,0,-68,1
39,47,117,695,0,52,1
39,48,433,18,0,45,1
39,49,361,175,0,-9,1
39,50,144,744,0,90,1
39,52,708,706,0,-32,1
39,53,317,6,0,-193,1
39,54,681,213,0,-240,1
39,55,585,659,0,-157,1
39,56,730,90,0,-74,1
39,57,503,674,0,78,1
39,58,585,6,0,27,1
39,60,144,270,0,-121,1
39,61,248,76,0,-228,1
39,63,282,614,0,-199,1
39,64,326,600,0,30,1
39,65,603,14,0,-16,1
39,66,390,203,0,-132,1
39,67,126,715,0,-190,1
39,68,35,418,0,-103,1
39,69,248,543,0,-9,1
39,70,319,6,0,-181,1
39,71,619,657,0,-175,1
39,72,327,599,0,13,1
40,0,162,347,0,-80,0
40,1,36,165,0,-216,0
40,2,512,314,0,-254,0
40,3,288,137,0,73,0
40,4,134,72,0,38,0
40,5,68,12,0,-14,0
40,6,353,213,0,-149,0
40,7,89,626,0,-216,0
40,8,398,570,0,-160,0
40,9,496,495,0,-211,0
40,10,532,329,0,-40,0
40,11,61,356,0,-49,0
40,12,280,288,0,-245,0
40,13,588,66,0,-182,0
40,14,311,103,0,-29,0
40,15,690,558,0,-70,0
40,16,185,210,0,-1,0
40,17,623,492,0,-227,0
40,18,725,203,0,9,0
40,19,205,570,0,-157,0
40,21,32,442,0,5,1
40,22,151,108,0,-22,1
40,23,616,660,0,-191,1
40,26,195,262,0,-41,1
40,27,745,374,0,-128,1
40,28,256,542,0,-27,1
40,29,294,313,0,-85,1
40,30,69,73,0,-26,1
40,31,210,158,0,-227,1
40,32,746,403,0,-54,1
40,34,419,566,0,-247,1
40,35,493,194,0,18,1
40,36,230,531,0,-75,1
40,37,711,292,0,27,1
40,38,558,518,0,23,1
40,39,485,477,0,-186,1
40,40,650,12,0,-166,1
40,41,532,61,0,45,1
40,42,450,316,0,-167,1
40,43,118,60,0,-178,1
40,44,32,397,0,-34,1
40,45,105,699,0,-249,1
40,46,354,384,0,-68,1
40,47,115,693,0,52,1
40,48,430,15,0,45,1
40,49,362,172,0,-9,1
40,50,141,745,0,-253,1
40,52,709,703,0,-22,1
40,53,316,9,0,-193,1
40,54,679,214,0,-240,1
40,55,586,662,0,-157,1
40,56,733,89,0,-74,1
40,57,500,673,0,78,1
40,58,584,4,0,27,1
40,60,147,272,0,-121,1
40,61,246,78,0,-228,1
40,63,281,617,0,-187,1
40,64,324,597,0,30,1
40,65,604,11,0,-20,1
40,66,392,205,0,-132,1
40,67,125,718,0,-190,1
40,68,37,419,0,-128,1
40,69,249,540,0,-9,1
40,70,319,9,0,-181,1
40,71,619,660,0,-175,1
40,72,325,597,0,42,1
41,0,165,347,0,-80,0
41,1,34,168,0,-216,0
41,2,509,315,0,-254,0
41,3,285,136,0,73,0
41,4,132,70,0,38,0
41,5,69,9,0,-14,0
41,6,355,216,0,-149,0
41,7,88,629,0,-197,0
41,8,399,573,0,-160,0
41,9,494,498,0,-211,0
41,10,534,327,0,-40,0
41,11,63,354,0,-49,0
41,12,278,290,0,-245,0
41,13,588,69,0,-182,0
41,14,312,101,0,-29,0
41,15,690,558,0,-70,0
41,16,186,207,0,-20,0
41,17,621,494,0,-227,0
41,18,724,200,0,9,0
41,19,205,573,0,-170,0
41,21,31,439,0,5,1
41,22,152,106,0,-22,1
41,23,615,663,0,-191,1
41,26,196,260,0,-41,1
41,27,747,376,0,-128,1
41,28,257,539,0,-27,1
41,29,297,313,0,-85,1
41,30,70,70,0,-26,1
41,31,209,161,0,-214,1
41,32,748,401,0,-54,1
41,34,417,568,0,-222,1
41,35,492,191,0,9,1
41,36,232,530,0,-75,1
41,37,710,290,0,27,1
41,38,557,515,0,23,1
41,39,485,480,0,-186,1
41,40,651,15,0,-166,1
41,41,530,59,0,45,1
41,42,451,319,0,-167,1
41,43,116,62,0,-201,1
41,44,34,394,0,-34,1
41,45,102,700,0,-249,1
41,46,357,383,0,-68,1
41,47,112,692,0,52,1
41,48,428,13,0,45,1
41,49,363,170,0,-24,1
41,50,138,746,0,-253,1
41,52,710,700,0,-22,1
41,53,315,12,0,-193,1
41,54,676,216,0,-240,1
41,55,587,665,0,-157,1
41,56,736,89,0,-95,1
41,57,497,673,0,78,1
41,58,582,1,0,27,1
41,60,150,272,0,-91,1
41,61,243,80,0,-228,1
41,63,281,620,0,-187,1
41,64,323,594,0,30,1
41,65,605,8,0,-20,1
41,66,394,207,0,-132,1
41,67,124,721,0,-218,1
41,68,40,421,0,-130,1
41,69,249,537,0,-9,1
41,70,319,12,0,-181,1
41,71,619,663,0,-175,1
41,72,322,595,0,50,1
42,0,168,346,0,-80,0
42,1,33,170,0,-208,0
42,2,506,316,0,-254,0
42,3,282,136,0,73,0
42,4,131,67,0,15,0
42,5,70,6,0,-14,0
42,6,357,218,0,-149,0
42,7,87,632,0,-197,0
42,8,400,575,0,-160,0
42,9,493,500,0,-211,0
42,10,536,325,0,-40,0
42,11,66,352,0,-49,0
42,12,275,291,0,-245,0
42,13,587,72,0,-187,0
42,14,314,99,0,-45,0
42,15,690,558,0,-70,0
42,16,187,204,0,-20,0
42,17,619,496,0,-227,0
42,18,724,197,0,9,0
42,19,205,576,0,-177,0
42,21,31,436,0,5,1
42,22,153,103,0,-22,1
42,23,614,666,0,-191,1
42,26,198,257,0,-24,1
42,27,749,378,0,-128,1
42,28,258,537,0,-27,1
42,29,300,312,0,-85,1
42,30,72,68,0,-46,1
42,31,207,163,0,-214,1
42,32,750,399,0,-54,1
42,34,414,569,0,-244,1
42,35,492,188,0,9,1
42,36,235,531,0,-96,1
42,37,708,287,0,27,1
42,38,556,512,0,23,1
42,39,485,483,0,-186,1
42,40,652,17,0,-154,1
42,41,528,56,0,45,1
42,42,452,322,0,-167,1
42,43,115,65,0,-201,1
42,44,36,392,0,-34,1
42,45,100,702,0,-223,1
42,46,359,382,0,-68,1
42,47,110,689,0,42,1
42,48,426,11,0,45,1
42,49,364,167,0,-24,1
42,50,135,747,0,-253,1
42,52,711,698,0,-22,1
42,53,315,15,0,-193,1
42,54,673,217,0,-240,1
42,55,588,668,0,-157,1
42,56,739,89,0,-95,1
42,57,495,671,0,66,1
42,58,581,-2,0,27,1
42,60,153,272,0,-91,1
42,61,241,82,0,-228,1
42,63,280,623,0,-187,1
42,64,321,592,0,41,1
42,65,606,5,0,-20,1
42,66,397,209,0,-132,1
42,67,122,723,0,-218,1
42,68,42,423,0,-128,1
42,69,249,534,0,4,1
42,70,319,15,0,-181,1
42,71,620,666,0,-175,1
42,72,320,593,0,56,1
43,0,171,346,0,-80,0
43,1,31,173,0,-208,0
43,2,503,317,0,-254,0
43,3,279,135,0,73,0
43,4,130,64,0,15,0
43,5,71,3,0,-14,0
43,6,358,221,0,-149,0
43,7,86,635,0,-197,0
43,8,401,578,0,-160,0
43,9,491,503,0,-211,0
43,10,538,322,0,-40,0
43,11,68,350,0,-49,0
43,12,272,292,0,-245,0
43,13,587,75,0,-187,0
43,14,316,96,0,-45,0
43,15,690,558,0,-70,0
43,16,187,201,0,5,0
43,17,617,498,0,-227,0
43,18,724,194,0,9,0
43,19,205,579,0,-177,0
43,21,31,433,0,5,1
43,22,155,101,0,-45,1
43,23,614,669,0,-191,1
43,26,198,254,0,2,1
43,27,752,380,0,-128,1
43,28,260,534,0,-27,1
43,29,303,312,0,-82,1
43,30,74,66,0,-46,1
43,31,205,166,0,-214,1
43,32,2,398,0,-54,1
43,34,412,571,0,-244,1
43,35,491,185,0,9,1
43,36,238,531,0,-96,1
43,37,707,284,0,23,1
43,38,555,510,0,23,1
43,39,484,486,0,-186,1
43,40,654,20,0,-154,1
43,41,526,54,0,45,1
43,42,452,325,0,-167,1
43,43,115,68,0,-196,1
43,44,37,389,0,-34,1
43,45,98,704,0,-223,1
43,46,362,381,0,-68,1
43,47,108,687,0,42,1
43,48,423,10,0,68,1
43,49,366,165,0,-50,1
43,50,133,748,0,-253,1
43,52,713,695,0,-22,1
43,53,314,18,0,-193,1
43,54,671,218,0,-248,1
43,55,589,671,0,-157,1
43,56,742,90,0,-95,1
43,57,492,670,0,66,1
43,58,580,747,0,27,1
43,60,156,272,0,-91,1
43,61,239,84,0,-228,1
43,63,280,626,0,-187,1
43,64,319,590,0,41,1
43,65,606,2,0,-1,1
43,66,399,211,0,-132,1
43,67,120,725,0,-218,1
43,68,44,425,0,-128,1
43,69,249,531,0,4,1
43,70,319,18,0,-181,1
43,71,620,669,0,-175,1
43,72,317,592,0,56,1
44,0,174,345,0,-80,0
44,1,30,176,0,-208,0
44,2,500,318,0,-254,0
44,3,276,134,0,73,0
44,4,130,61,0,2,0
44,5,71,0,0,-14,0
44,6,360,223,0,-149,0
44,7,85,638,0,-197,0
44,8,402,581,0,-160,0
44,9,491,506,0,-188,0
44,10,540,320,0,-46,0
44,11,70,348,0,-49,0
44,12,269,293,0,-245,0
44,13,587,78,0,-171,0
44,14,319,94,0,-45,0
44,15,690,558,0,-70,0
44,16,187,198,0,5,0
44,17,615,500,0,-223,0
44,18,723,191,0,9,0
44,19,206,582,0,-177,0
44,21,31,430,0,5,1
44,22,157,99,0,-45,1
44,23,613,672,0,-191,1
44,26,197,251,0,2,1
44,27,2,381,0,-128,1
44,28,261,531,0,-27,1
44,29,306,312,0,-82,1
44,30,77,64,0,-53,1
44,31,204,168,0,-214,1
44,32,5,396,0,-54,1
44,35,491,182,0,9,1
44,36,241,531,0,-96,1
44,37,706,282,0,23,1
44,38,554,507,0,23,1
44,39,484,489,0,-186,1
44,40,655,23,0,-158,1
44,41,523,53,0,57,1
44,42,453,328,0,-167,1
44,43,115,71,0,-166,1
44,44,39,387,0,-34,1
44,45,96,706,0,-223,1
44,46,365,380,0,-68,1
44,47,108,684,0,12,1
44,48,422,8,0,39,1
44,49,369,163,0,-50,1
44,50,130,748,0,-253,1
44,52,714,692,0,-22,1
44,53,313,20,0,-193,1
44,54,668,220,0,-248,1
44,55,591,673,0,-157,1
44,56,745,90,0,-95,1
44,57,489,669,0,66,1
44,58,578,745,0,27,1
44,60,159,272,0,-91,1
44,61,236,85,0,-251,1
44,63,280,629,0,-187,1
44,64,318,587,0,29,1
44,65,606,-1,0,-1,1
44,66,401,213,0,-132,1
44,67,118,728,0,-218,1
44,68,46,428,0,-148,1
44,69,249,528,0,4,1
44,70,317,21,0,-205,1
44,71,620,672,0,-175,1
44,72,315,590,0,56,1
45,0,177,345,0,-80,0
45,1,29,178,0,-197,0
45,2,498,318,0,-254,0
45,3,273,133,0,73,0
45,4,130,58,0,2,0
45,5,72,747,0,-14,0
45,6,361,226,0,-149,0
45,7,84,641,0,-197,0
45,8,403,584,0,-160,0
45,9,491,509,0,-170,0
45,10,542,318,0,-46,0
45,11,72,346,0,-49,0
45,12,267,295,0,-245,0
45,13,588,81,0,-171,0
45,14,321,92,0,-45,0
45,15,690,558,0,-70,0
45,16,186,195,0,5,0
45,17,613,503,0,-223,0
45,18,723,188,0,9,0
45,19,206,585,0,-177,0
45,21,30,427,0,5,1
45,22,159,96,0,-45,1
45,23,613,675,0,-191,1
45,26,197,248,0,2,1
45,27,5,383,0,-128,1
45,28,263,529,0,-46,1
45,29,309,311,0,-82,1
45,30,79,63,0,-53,1
45,31,202,171,0,-214,1
45,32,7,394,0,-54,1
45,35,490,179,0,9,1
45,36,244,532,0,-96,1
45,37,705,279,0,23,1
45,38,553,504,0,23,1
45,39,484,492,0,-186,1
45,40,656,26,0,-158,1
45,41,521,51,0,57,1
45,42,453,331,0,-175,1
45,43,116,74,0,-166,1
45,44,41,384,0,-34,1
45,45,94,709,0,-223,1
45,46,368,379,0,-76,1
45,47,107,681,0,12,1
45,48,420,5,0,39,1
45,49,371,161,0,-50,1
45,50,127,750,0,-231,1
45,52,715,689,0,-22,1
45,53,313,23,0,-193,1
45,54,665,221,0,-248,1
45,55,591,676,0,-172,1
45,56,748,90,0,-88,1
45,57,486,668,0,66,1
45,58,576,742,0,36,1
45,60,161,271,0,-67,1
45,61,233,86,0,-251,1
45,63,279,632,0,-187,1
45,64,316,585,0,29,1
45,65,606,747,0,-1,1
45,66,403,215,0,-130,1
45,67,116,730,0,-218,1
45,68,48,430,0,-148,1
45,69,248,525,0,4,1
45,70,316,23,0,-205,1
45,71,620,675,0,-175,1
45,72,312,588,0,56,1
46,0,180,344,0,-80,0
46,1,29,181,0,-182,0
46,2,495,319,0,-254,0
46,3,271,132,0,73,0
46,4,130,55,0,2,0
46,5,73,744,0,-14,0
46,6,363,228,0,-149,0
46,7,84,644,0,-197,0
46,8,404,587,0,-160,0
46,9,492,512,0,-170,0
46,10,544,316,0,-46,0
46,11,75,344,0,-49,0
46,12,264,296,0,-245,0
46,13,588,84,0,-171,0
46,14,323,90,0,-45,0
46,15,690,558,0,-70,0
46,16,186,192,0,5,0
46,17,611,505,0,-223,0
46,18,722,185,0,9,0
46,19,205,588,0,-198,0
46,21,30,424,0,5,1
46,22,161,94,0,-45,1
46,23,612,678,0,-194,1
46,26,199,245,0,-27,1
46,27,7,385,0,-128,1
46,28,265,527,0,-46,1
46,29,312,311,0,-82,1
46,30,82,61,0,-53,1
46,31,200,173,0,-214,1
46,32,10,393,0,-77,1
46,35,490,176,0,9,1
46,36,247,532,0,-96,1
46,37,704,276,0,23,1
46,38,551,501,0,23,1
46,39,484,495,0,-186,1
46,40,657,28,0,-158,1
46,41,518,50,0,57,1
46,42,453,334,0,-175,1
46,43,117,77,0,-166,1
46,44,43,382,0,-34,1
46,45,93,711,0,-209,1
46,46,371,378,0,-76,1
46,47,106,678,0,12,1
46,48,417,4,0,64,1
46,49,373,159,0,-50,1
46,50,125,2,0,-231,1
46,52,716,686,0,-22,1
46,53,312,26,0,-193,1
46,54,662,222,0,-248,1
46,55,591,679,0,-172,1
46,56,751,90,0,-88,1
46,57,484,666,0,59,1
46,58,575,740,0,34,1
46,60,164,270,0,-67,1
46,61,230,87,0,-251,1
46,63,278,635,0,-199,1
46,64,315,582,0,29,1
46,65,606,744,0,-1,1
46,66,406,217,0,-130,1
46,67,115,733,0,-202,1
46,68,48,433,0,-178,1
46,69,248,523,0,4,1
46,70,315,26,0,-205,1
46,71,622,678,0,-159,1
46,72,310,587,0,56,1
47,0,183,344,0,-80,0
47,1,29,184,0,-182,0
47,2,492,319,0,-265,0
47,3,268,131,0,73,0
47,4,130,52,0,2,0
47,5,73,741,0,-14,0
47,6,364,231,0,-149,0
47,7,84,647,0,-169,0
47,8,405,589,0,-160,0
47,9,492,515,0,-170,0
47,10,547,314,0,-46,0
47,11,77,342,0,-49,0
47,12,261,297,0,-245,0
47,13,589,87,0,-171,0
47,14,325,88,0,-45,0
47,15,690,558,0,-70,0
47,16,186,189,0,5,0
47,17,609,507,0,-223,0
47,18,722,182,0,9,0
47,19,204,591,0,-198,0
47,21,30,421,0,5,1
47,22,163,92,0,-45,1
47,23,611,681,0,-194,1
47,26,200,243,0,-27,1
47,27,9,387,0,-128,1
47,28,268,525,0,-46,1
47,29,315,310,0,-82,1
47,30,84,59,0,-53,1
47,31,199,176,0,-214,1
47,32,13,393,0,-77,1
47,35,489,173,0,9,1
47,36,250,532,0,-96,1
47,37,702,273,0,23,1
47,38,550,499,0,23,1
47,39,483,498,0,-186,1
47,40,658,31,0,-158,1
47,41,516,48,0,49,1
47,42,454,337,0,-175,1
47,43,117,80,0,-166,1
47,44,44,379,0,-34,1
47,45,91,714,0,-209,1
47,46,374,378,0,-76,1
47,47,106,675,0,12,1
47,48,414,3,0,64,1
47,49,375,156,0,-26,1
47,50,124,4,0,-211,1
47,52,717,684,0,-22,1
47,53,311,29,0,-193,1
47,54,659,223,0,-248,1
47,55,592,682,0,-172,1
47,56,3,89,0,-88,1
47,57,481,665,0,59,1
47,58,574,737,0,18,1
47,60,167,268,0,-67,1
47,61,227,88,0,-253,1
47,63,277,637,0,-199,1
47,64,313,579,0,29,1
47,65,606,741,0,-1,1
47,66,408,219,0,-124,1
47,67,114,736,0,-202,1
47,68,49,436,0,-162,1
47,69,248,520,0,4,1
47,70,313,29,0,-205,1
47,71,623,681,0,-159,1
47,72,307,585,0,56,1
48,0,186,344,0,-96,0
48,1,27,187,0,-205,0
48,2,489,320,0,-265,0
48,3,265,130,0,73,0
48,4,130,49,0,2,0
48,5,73,738,0,7,0
48,6,366,234,0,-149,0
48,7,85,649,0,-164,0
48,8,406,592,0,-160,0
48,9,493,518,0,-170,0
48,10,549,312,0,-46,0
48,11,79,340,0,-44,0
48,12,259,299,0,-245,0
48,13,589,90,0,-171,0
48,14,327,86,0,-45,0
48,15,690,558,0,-70,0
48,16,186,187,0,5,0
48,17,607,509,0,-223,0
48,18,720,179,0,34,0
48,19,203,593,0,-198,0
48,21,30,418,0,5,1
48,22,165,90,0,-45,1
48,23,610,683,0,-194,1
48,26,201,240,0,-27,1
48,27,12,389,0,-128,1
48,28,270,523,0,-46,1
48,29,318,310,0,-82,1
48,30,86,57,0,-53,1
48,31,197,178,0,-214,1
48,32,16,392,0,-77,1
48,35,489,170,0,9,1
48,36,253,533,0,-96,1
48,37,701,270,0,23,1
48,38,550,496,0,6,1
48,39,483,501,0,-186,1
48,40,659,34,0,-158,1
48,41,513,46,0,63,1
48,42,454,340,0,-175,1
48,43,118,83,0,-166,1
48,44,46,377,0,-34,1
48,45,90,716,0,-209,1
48,46,377,377,0,-76,1
48,47,105,672,0,12,1
48,48,412,1,0,64,1
48,49,376,154,0,-26,1
48,50,122,7,0,-211,1
48,52,718,681,0,-22,1
48,53,311,32,0,-193,1
48,54,657,224,0,-248,1
48,55,592,685,0,-172,1
48,56,6,89,0,-88,1
48,57,479,663,0,59,1
48,58,573,734,0,18,1
48,60,170,267,0,-67,1
48,61,225,89,0,-253,1
48,63,276,640,0,-199,1
48,64,312,577,0,29,1
48,65,606,738,0,-1,1
48,66,411,220,0,-124,1
48,67,113,739,0,-202,1
48,68,50,439,0,-162,1
48,69,248,517,0,4,1
48,70,313,32,0,-183,1
48,71,624,684,0,-159,1
48,72,305,583,0,56,1
49,0,189,345,0,-96,0
49,1,26,190,0,-205,0
49,2,486,320,0,-265,0
49,3,262,129,0,73,0
49,4,128,46,0,27,0
49,5,73,735,0,7,0
49,6,367,236,0,-149,0
49,7,86,652,0,-164,0
49,8,407,595,0,-160,0
49,9,493,521,0,-170,0
49,10,551,310,0,-46,0
49,11,81,338,0,-44,0
49,12,256,300,0,-245,0
49,13,590,93,0,-171,0
49,14,329,84,0,-45,0
49,15,690,558,0,-70,0
49,16,185,184,0,5,0
49,17,605,511,0,-223,0
49,18,718,177,0,34,0
49,19,202,596,0,-198,0
49,21,29,415,0,5,1
49,22,167,87,0,-23,1
49,23,610,686,0,-194,1
49,26,203,237,0,-27,1
49,27,14,391,0,-139,1
49,28,272,521,0,-46,1
49,29,321,309,0,-82,1
49,30,89,55,0,-53,1
49,31,195,181,0,-214,1
49,32,19,391,0,-77,1
49,35,490,167,0,-19,1
49,36,256,533,0,-96,1
49,37,700,268,0,23,1
49,38,550,493,0,6,1
49,39,483,504,0,-186,1
49,40,660,37,0,-158,1
49,41,511,45,0,63,1
49,42,454,343,0,-175,1
49,43,119,86,0,-166,1
49,44,48,374,0,-34,1
49,45,88,719,0,-209,1
49,46,380,376,0,-76,1
49,47,103,670,0,33,1
49,48,409,0,0,64,1
49,49,377,151,0,-26,1
49,50,121,10,0,-211,1
49,52,718,678,0,2,1
49,53,310,35,0,-193,1
49,54,654,225,0,-248,1
49,55,593,688,0,-172,1
49,56,9,89,0,-88,1
49,57,477,661,0,37,1
49,58,572,731,0,18,1
49,60,172,266,0,-62,1
49,61,222,90,0,-248,1
49,63,276,643,0,-187,1
49,64,310,574,0,29,1
49,65,606,735,0,-1,1
49,66,413,222,0,-124,1
49,67,112,741,0,-202,1
49,68,50,442,0,-162,1
49,69,248,514,0,-10,1
49,70,312,35,0,-205,1
49,71,625,686,0,-159,1
49,72,302,582,0,56,1
50,0,192,344,0,-79,0
50,1,25,193,0,-205,0
50,2,483,320,0,-265,0
50,3,259,128,0,73,0
50,4,127,44,0,27,0
50,5,72,732,0,7,0
50,6,369,239,0,-149,0
50,7,87,655,0,-164,0
50,8,408,598,0,-160,0
50,9,494,524,0,-170,0
50,10,554,309,0,-69,0
50,11,83,335,0,-44,0
50,12,253,301,0,-241,0
50,13,590,96,0,-171,0
50,14,331,81,0,-45,0
50,15,690,558,0,-70,0
50,16,185,181,0,5,0
50,17,603,514,0,-223,0
50,18,716,174,0,34,0
50,19,201,599,0,-198,0
50,21,29,412,0,5,1
50,22,168,84,0,-19,1
50,23,609,689,0,-194,1
50,26,204,235,0,-27,1
50,27,16,393,0,-139,1
50,28,274,519,0,-56,1
50,29,324,309,0,-82,1
50,30,91,53,0,-53,1
50,31,194,183,0,-214,1
50,32,22,391,0,-77,1
50,35,491,164,0,-19,1
50,36,259,533,0,-96,1
50,37,699,265,0,23,1
50,38,549,490,0,6,1
50,39,482,507,0,-201,1
50,40,662,39,0,-158,1
50,41,508,43,0,63,1
50,42,454,346,0,-175,1
50,43,120,89,0,-166,1
50,44,49,372,0,-34,1
50,45,87,722,0,-209,1
50,46,382,375,0,-76,1
50,47,103,667,0,16,1
50,48,406,-1,0,64,1
50,49,379,148,0,-26,1
50,50,119,12,0,-211,1
50,52,718,675,0,2,1
50,53,309,38,0,-193,1
50,54,651,226,0,-248,1
50,55,593,691,0,-172,1
50,56,12,89,0,-88,1
50,57,475,658,0,37,1
50,58,571,728,0,18,1
50,60,175,264,0,-49,1
50,61,220,92,0,-219,1
50,63,276,646,0,-187,1
50,64,309,572,0,29,1
50,65,607,732,0,-1,1
50,66,416,224,0,-124,1
50,67,110,744,0,-202,1
50,68,51,445,0,-162,1
50,69,249,511,0,-18,1
50,70,311,37,0,-205,1
50,71,626,689,0,-159,1
50,72,300,580,0,56,1
51,0,195,343,0,-79,0
51,1,24,195,0,-205,0
51,2,480,321,0,-265,0
51,3,256,128,0,73,0
51,4,126,41,0,27,0
51,5,71,730,0,30,0
51,6,370,241,0,-149,0
51,7,87,658,0,-166,0
51,8,409,601,0,-160,0
51,9,494,527,0,-170,0
51,10,557,308,0,-69,0
51,11,85,333,0,-44,0
51,12,251,303,0,-241,0
51,13,591,99,0,-171,0
51,14,334,81,0,-75,0
51,15,690,558,0,-70,0
51,16,185,178,0,5,0
51,17,601,516,0,-201,0
51,18,715,172,0,34,0
51,19,200,602,0,-198,0
51,21,29,409,0,5,1
51,22,169,82,0,-19,1
51,23,607,691,0,-223,1
51,26,205,232,0,-21,1
51,27,17,396,0,-163,1
51,28,277,518,0,-56,1
51,29,327,309,0,-82,1
51,30,92,51,0,-23,1
51,31,192,186,0,-214,1
51,32,25,390,0,-77,1
51,35,492,161,0,-19,1
51,36,262,533,0,-91,1
51,37,698,262,0,23,1
51,38,549,487,0,14,1
51,39,480,510,0,-201,1
51,40,663,42,0,-158,1
51,41,505,42,0,63,1
51,42,455,349,0,-175,1
51,43,120,91,0,-166,1
51,44,51,369,0,-34,1
51,45,86,724,0,-209,1
51,46,385,375,0,-76,1
51,47,102,664,0,14,1
51,48,404,749,0,64,1
51,49,380,146,0,-27,1
51,50,117,15,0,-211,1
51,52,718,672,0,2,1
51,53,309,41,0,-193,1
51,54,648,228,0,-248,1
51,55,593,694,0,-172,1
51,56,15,89,0,-88,1
51,57,473,656,0,37,1
51,58,570,725,0,18,1
51,60,177,262,0,-49,1
51,61,218,95,0,-219,1
51,63,274,649,0,-213,1
51,64,307,569,0,29,1
51,65,606,729,0,19,1
51,66,419,224,0,-105,1
51,67,109,746,0,-218,1
51,68,52,447,0,-162,1
51,69,250,508,0,-18,1
51,70,310,40,0,-205,1
51,71,627,692,0,-159,1
51,72,298,578,0,56,1
52,0,198,343,0,-79,0
52,1,22,198,0,-205,0
52,2,477,321,0,-265,0
52,3,253,127,0,70,0
52,4,124,38,0,27,0
52,5,70,727,0,27,0
52,6,373,243,0,-132,0
52,7,87,661,0,-186,0
52,8,410,604,0,-160,0
52,9,495,529,0,-170,0
52,10,559,307,0,-69,0
52,11,87,331,0,-44,0
52,12,248,304,0,-241,0
52,13,592,102,0,-156,0
52,14,337,80,0,-75,0
52,15,690,558,0,-70,0
52,16,185,175,0,-12,0
52,17,600,519,0,-201,0
52,18,713,169,0,34,0
52,19,199,605,0,-198,0
52,21,29,406,0,5,1
52,22,170,79,0,-19,1
52,23,605,694,0,-223,1
52,26,206,229,0,-21,1
52,27,17,399,0,-163,1
52,28,279,516,0,-56,1
52,29,330,309,0,-105,1
52,30,94,48,0,-23,1
52,31,190,188,0,-214,1
52,32,28,390,0,-89,1
52,35,493,159,0,-19,1
52,36,265,533,0,-91,1
52,37,697,259,0,5,1
52,38,547,484,0,34,1
52,39,479,512,0,-201,1
52,40,664,45,0,-158,1
52,41,503,40,0,43,1
52,42,455,352,0,-175,1
52,43,121,94,0,-166,1
52,44,53,367,0,-34,1
52,45,84,727,0,-209,1
52,46,388,374,0,-76,1
52,47,100,662,0,42,1
52,48,401,748,0,73,1
52,49,381,143,0,-27,1
52,50,116,17,0,-211,1
52,52,718,669,0,2,1
52,53,309,44,0,-181,1
52,54,646,230,0,-222,1
52,55,594,697,0,-172,1
52,56,18,89,0,-88,1
52,57,471,654,0,37,1
52,58,569,723,0,18,1
52,60,178,259,0,-27,1
52,61,216,97,0,-219,1
52,63,272,651,0,-213,1
52,64,306,566,0,29,1
52,65,605,726,0,19,1
52,66,421,225,0,-105,1
52,67,107,749,0,-218,1
52,68,53,450,0,-162,1
52,69,251,505,0,-18,1
52,70,308,43,0,-205,1
52,71,628,695,0,-159,1
52,72,295,577,0,56,1
53,0,201,342,0,-79,0
53,1,21,201,0,-205,0
53,2,474,321,0,-265,0
53,3,251,126,0,70,0
53,4,123,36,0,27,0
53,5,69,724,0,6,0
53,6,375,245,0,-132,0
53,7,87,664,0,-186,0
53,8,411,606,0,-160,0
53,9,495,532,0,-170,0
53,10,562,306,0,-69,0
53,11,90,330,0,-62,0
53,12,245,306,0,-241,0
53,13,593,104,0,-156,0
53,14,340,79,0,-74,0
53,15,690,558,0,-70,0
53,16,186,172,0,-12,0
53,17,599,522,0,-201,0
53,18,712,167,0,18,0
53,19,199,608,0,-198,0
53,21,28,403,0,5,1
53,22,171,76,0,-19,1
53,23,603,696,0,-223,1
53,26,207,226,0,-21,1
53,27,18,402,0,-163,1
53,28,282,514,0,-56,1
53,29,333,311,0,-112,1
53,30,95,45,0,-23,1
53,31,189,191,0,-214,1
53,32,31,390,0,-89,1
53,35,494,156,0,-19,1
53,36,268,533,0,-91,1
53,37,697,256,0,5,1
53,38,545,482,0,34,1
53,39,478,515,0,-201,1
53,40,665,48,0,-158,1
53,41,501,38,0,43,1
53,42,455,355,0,-175,1
53,43,122,97,0,-166,1
53,44,54,364,0,-34,1
53,45,83,730,0,-209,1
53,46,391,373,0,-76,1
53,47,99,659,0,22,1
53,48,398,748,0,-259,1
53,49,383,140,0,-27,1
53,50,114,20,0,-211,1
53,52,718,666,0,2,1
53,53,309,47,0,-163,1
53,54,644,232,0,-222,1
53,55,595,700,0,-145,1
53,56,21,89,0,-88,1
53,57,469,651,0,45,1
53,58,568,720,0,19,1
53,60,179,257,0,-27,1
53,61,214,99,0,-219,1
53,63,271,654,0,-213,1
53,64,304,564,0,45,1
53,65,604,724,0,19,1
53,66,424,227,0,-120,1
53,67,105,751,0,-218,1
53,68,54,453,0,-162,1
53,69,251,502,0,10,1
53,70,307,45,0,-205,1
53,71,629,698,0,-159,1
53,72,292,575,0,62,1
54,0,204,342,0,-79,0
54,1,19,203,0,-229,0
54,2,471,321,0,-265,0
54,3,248,124,0,69,0
54,4,122,33,0,27,0
54,5,69,721,0,6,0
54,6,377,247,0,-132,0
54,7,86,667,0,-186,0
54,8,412,609,0,-160,0
54,9,496,535,0,-170,0
54,10,565,305,0,-69,0
54,11,93,328,0,-62,0
54,12,243,307,0,-241,0
54,13,594,107,0,-156,0
54,14,343,78,0,-74,0
54,15,690,558,0,-70,0
54,16,187,169,0,-12,0
54,17,597,524,0,-218,0
54,18,711,164,0,18,0
54,19,197,610,0,-217,0
54,21,28,400,0,5,1
54,22,172,73,0,-19,1
54,23,601,698,0,-223,1
54,26,209,223,0,-21,1
54,27,20,404,0,-145,1
54,28,284,513,0,-56,1
54,29,335,313,0,-136,1
54,30,96,42,0,-23,1
54,31,188,194,0,-200,1
54,32,34,390,0,-89,1
54,35,495,153,0,-12,1
54,36,271,534,0,-91,1
54,37,697,253,0,5,1
54,38,544,479,0,34,1
54,39,477,518,0,-201,1
54,40,666,51,0,-158,1
54,41,499,36,0,43,1
54,42,455,358,0,-175,1
54,43,121,100,0,-187,1
54,44,56,362,0,-34,1
54,45,81,732,0,-209,1
54,46,394,372,0,-76,1
54,47,98,656,0,22,1
54,48,395,749,0,-259,1
54,49,383,137,0,1,1
54,50,113,23,0,-211,1
54,52,718,663,0,2,1
54,53,310,50,0,-163,1
54,54,642,234,0,-222,1
54,55,597,702,0,-145,1
54,56,24,89,0,-88,1
54,57,467,649,0,45,1
54,58,567,717,0,19,1
54,60,181,254,0,-27,1
54,61,212,101,0,-227,1
54,63,269,656,0,-213,1
54,64,302,562,0,45,1
54,65,603,721,0,19,1
54,66,427,228,0,-120,1
54,67,103,2,0,-218,1
54,68,55,456,0,-154,1
54,69,250,499,0,10,1
54,70,306,48,0,-205,1
54,71,630,700,0,-159,1
54,72,289,575,0,80,1
55,0,207,341,0,-79,0
55,1,17,205,0,-229,0
55,2,468,321,0,88,0
55,3,245,123,0,69,0
55,4,120,30,0,27,0
55,5,69,718,0,6,0
55,6,378,250,0,-151,0
55,7,86,670,0,-186,0
55,8,413,612,0,-160,0
55,9,497,538,0,-157,0
55,10,568,304,0,-74,0
55,11,95,327,0,-62,0
55,12,240,308,0,-244,0
55,13,595,110,0,-156,0
55,14,346,77,0,-74,0
55,15,690,558,0,-70,0
55,16,187,166,0,-12,0
55,17,596,527,0,-218,0
55,18,710,161,0,18,0
55,19,195,613,0,-207,0
55,21,28,397,0,5,1
55,22,173,70,0,-19,1
55,23,599,700,0,-223,1
55,26,210,221,0,-21,1
55,27,22,407,0,-145,1
55,28,287,511,0,-56,1
55,29,337,315,0,-136,1
55,30,97,40,0,-23,1
55,31,186,196,0,-215,1
55,32,37,390,0,-89,1
55,35,495,150,0,-12,1
55,36,274,534,0,-91,1
55,37,697,250,0,5,1
55,38,542,477,0,34,1
55,39,476,521,0,-201,1
55,40,668,53,0,-134,1
55,41,497,33,0,43,1
55,42,456,361,0,-175,1
55,43,121,103,0,-187,1
55,44,58,359,0,-34,1
55,45,80,735,0,-209,1
55,46,396,371,0,-54,1
55,47,97,653,0,22,1
55,48,392,750,0,-259,1
55,49,383,134,0,3,1
55,52,717,660,0,2,1
55,53,311,53,0,-163,1
55,54,640,236,0,-222,1
55,55,599,704,0,-145,1
55,56,27,89,0,-88,1
55,57,465,647,0,45,1
55,58,567,714,0,12,1
55,60,182,251,0,-27,1
55,61,210,103,0,-227,1
55,63,269,659,0,-184,1
55,64,300,560,0,45,1
55,65,602,718,0,19,1
55,66,429,230,0,-120,1
55,67,101,5,0,-218,1
55,68,57,458,0,-152,1
55,69,250,496,0,10,1
55,70,305,51,0,-205,1
55,71,631,703,0,-159,1
55,72,286,574,0,80,1
56,0,210,341,0,-79,0
56,1,14,207,0,-229,0
56,2,465,321,0,88,0
56,3,243,122,0,56,0
56,4,119,28,0,27,0
56,5,68,715,0,6,0
56,6,380,253,0,-151,0
56,7,86,673,0,-186,0
56,8,414,615,0,-160,0
56,9,499,540,0,-133,0
56,10,571,303,0,-74,0
56,11,98,325,0,-62,0
56,12,238,311,0,-219,0
56,13,597,112,0,-140,0
56,14,349,77,0,-74,0
56,15,690,558,0,-70,0
56,16,188,163,0,-12,0
56,17,593,528,0,-241,0
56,18,709,158,0,18,0
56,19,194,615,0,-207,0
56,21,28,394,0,5,1
56,22,173,67,0,-19,1
56,23,596,702,0,-235,1
56,26,211,218,0,-21,1
56,27,23,409,0,-145,1
56,28,289,509,0,-56,1
56,29,339,317,0,-136,1
56,30,98,37,0,-23,1
56,31,184,198,0,-215,1
56,32,40,390,0,-89,1
56,35,496,147,0,-12,1
56,36,277,534,0,-91,1
56,37,696,247,0,5,1
56,38,540,474,0,34,1
56,39,475,524,0,-201,1
56,40,670,55,0,-134,1
56,41,494,32,0,62,1
56,42,456,364,0,-175,1
56,43,121,106,0,-187,1
56,44,60,357,0,-52,1
56,45,78,737,0,-211,1
56,46,399,369,0,-54,1
56,47,95,651,0,22,1
56,48,389,750,0,-259,1
56,49,382,131,0,3,1
56,52,717,657,0,2,1
56,53,312,55,0,-163,1
56,54,638,239,0,-222,1
56,55,601,707,0,-145,1
56,56,30,88,0,-88,1
56,57,463,645,0,43,1
56,58,566,711,0,12,1
56,60,182,248,0,-5,1
56,61,208,105,0,-227,1
56,63,268,662,0,-184,1
56,64,297,558,0,45,1
56,65,601,715,0,19,1
56,66,432,231,0,-120,1
56,67,99,7,0,-218,1
56,68,58,461,0,-152,1
56,69,251,493,0,-19,1
56,70,303,54,0,-205,1
56,71,632,706,0,-159,1
56,72,283,574,0,80,1
56,73,40,390,0,-89,1
57,0,213,340,0,-79,0
57,1,13,209,0,-213,0
57,2,462,321,0,88,0
57,3,240,120,0,56,0
57,4,118,25,0,27,0
57,5,68,712,0,6,0
57,6,381,255,0,-151,0
57,7,86,676,0,-186,0
57,8,416,618,0,-160,0
57,9,501,542,0,-133,0
57,10,574,302,0,-74,0
57,11,101,324,0,-63,0
57,12,236,313,0,-219,0
57,13,599,114,0,-140,0
57,14,351,76,0,-74,0
57,15,690,558,0,-70,0
57,16,187,160,0,13,0
57,17,590,530,0,-241,0
57,18,708,155,0,18,0
57,19,193,618,0,-207,0
57,21,27,391,0,5,1
57,22,174,65,0,-19,1
57,23,594,704,0,-235,1
57,26,212,215,0,-21,1
57,27,25,412,0,-145,1
57,28,292,508,0,-56,1
57,29,341,319,0,-136,1
57,30,99,34,0,-23,1
57,31,182,201,0,-215,1
57,32,43,390,0,-89,1
57,35,497,144,0,-20,1
57,36,280,534,0,-91,1
57,37,696,244,0,5,1
57,38,539,472,0,34,1
57,39,474,526,0,-201,1
57,40,673,57,0,-134,1
57,41,492,31,0,62,1
57,42,456,367,0,-175,1
57,43,120,109,0,-187,1
57,44,63,357,0,-80,1
57,45,77,740,0,-211,1
57,46,401,367,0,-54,1
57,47,94,648,0,22,1
57,48,386,2,0,-235,1
57,49,382,128,0,3,1
57,52,717,654,0,2,1
57,53,313,58,0,-163,1
57,54,636,241,0,-222,1
57,55,603,709,0,-135,1
57,56,33,89,0,-105,1
57,57,461,643,0,43,1
57,58,565,708,0,12,1
57,60,183,245,0,-5,1
57,61,205,107,0,-227,1
57,63,268,665,0,-184,1
57,64,295,556,0,45,1
57,65,600,712,0,19,1
57,66,434,233,0,-120,1
57,67,98,9,0,-218,1
57,68,60,464,0,-152,1
57,69,251,490,0,-19,1
57,70,302,56,0,-205,1
57,71,633,709,0,-159,1
57,72,281,574,0,-258,1
57,73,43,390,0,-89,1
58,0,215,339,0,-79,0
58,1,11,212,0,-213,0
58,2,459,321,0,88,0
58,3,238,118,0,56,0
58,4,118,22,0,2,0
58,5,68,709,0,6,0
58,6,383,258,0,-151,0
58,7,85,679,0,-186,0
58,8,415,621,0,-181,0
58,9,504,544,0,-133,0
58,10,577,301,0,-74,0
58,11,103,323,0,-63,0
58,12,234,315,0,-219,0
58,13,601,117,0,-140,0
58,14,354,75,0,-74,0
58,15,690,558,0,-70,0
58,16,187,157,0,13,0
58,17,588,531,0,-241,0
58,18,707,152,0,18,0
58,19,191,621,0,-207,0
58,21,27,388,0,5,1
58,22,175,62,0,-3,1
58,23,591,705,0,-235,1
58,26,213,212,0,-21,1
58,27,27,414,0,-145,1
58,28,294,506,0,-53,1
58,29,343,321,0,-136,1
58,30,101,31,0,-23,1
58,31,181,203,0,-215,1
58,32,46,390,0,-89,1
58,35,498,141,0,-20,1
58,36,283,534,0,-97,1
58,37,696,241,0,5,1
58,38,537,469,0,34,1
58,39,474,529,0,-179,1
58,40,675,59,0,-134,1
58,41,489,29,0,62,1
58,42,456,370,0,-175,1
58,43,121,112,0,-163,1
58,44,66,356,0,-80,1
58,45,75,743,0,-211,1
58,46,404,365,0,-54,1
58,47,93,645,0,22,1
58,48,384,3,0,-235,1
58,49,383,125,0,-13,1
58,52,717,651,0,2,1
58,53,314,61,0,-163,1
58,54,634,243,0,-222,1
58,55,605,711,0,-135,1
58,56,36,90,0,-105,1
58,57,459,641,0,43,1
58,58,565,705,0,12,1
58,60,183,242,0,-5,1
58,61,203,109,0,-227,1
58,63,268,668,0,-184,1
58,64,293,554,0,62,1
58,65,599,709,0,19,1
58,66,437,234,0,-120,1
58,67,96,12,0,-218,1
58,68,61,466,0,-152,1
58,69,252,488,0,-19,1
58,70,302,59,0,-188,1
58,71,635,711,0,-144,1
58,72,278,575,0,-258,1
58,73,46,390,0,-89,1
59,0,218,339,0,-79,0
59,1,9,214,0,-213,0
59,2,456,321,0,88,0
59,3,235,117,0,56,0
59,4,118,19,0,2,0
59,5,67,706,0,6,0
59,6,384,261,0,-151,0
59,7,84,682,0,-212,0
59,8,415,624,0,-191,0
59,9,506,546,0,-133,0
59,10,579,301,0,-74,0
59,11,106,321,0,-63,0
59,12,232,318,0,-219,0
59,13,603,119,0,-140,0
59,14,357,74,0,-74,0
59,15,690,558,0,-70,0
59,16,186,154,0,13,0
59,17,586,534,0,-212,0
59,18,706,150,0,18,0
59,19,190,624,0,-207,0
59,21,27,385,0,5,1
59,22,175,59,0,-3,1
59,23,589,707,0,-235,1
59,26,214,209,0,-21,1
59,27,28,417,0,-161,1
59,28,297,504,0,-53,1
59,29,345,324,0,-136,1
59,30,102,29,0,-23,1
59,31,178,205,0,-241,1
59,32,49,390,0,-89,1
59,35,499,138,0,-20,1
59,36,286,534,0,-97,1
59,37,696,238,0,5,1
59,38,535,467,0,34,1
59,39,474,532,0,-179,1
59,40,677,61,0,-134,1
59,41,486,28,0,62,1
59,42,456,372,0,-175,1
59,43,122,115,0,-163,1
59,44,69,356,0,-80,1
59,45,74,745,0,-211,1
59,46,406,364,0,-54,1
59,47,92,642,0,22,1
59,48,381,5,0,-235,1
59,49,384,122,0,-13,1
59,52,717,648,0,2,1
59,53,314,64,0,-166,1
59,54,632,245,0,-231,1
59,55,607,713,0,-135,1
59,56,39,91,0,-110,1
59,57,458,638,0,23,1
59,58,564,702,0,12,1
59,60,183,239,0,-5,1
59,61,201,112,0,-227,1
59,63,269,671,0,-160,1
59,64,290,553,0,62,1
59,65,598,707,0,19,1
59,66,440,235,0,-95,1
59,67,94,14,0,-218,1
59,68,63,469,0,-152,1
59,69,254,485,0,-37,1
59,70,301,62,0,-193,1
59,71,637,714,0,-144,1
59,72,275,576,0,-258,1
59,73,49,390,0,-89,1
60,0,221,338,0,-79,0
60,1,8,217,0,-213,0
60,2,453,321,0,-262,0
60,3,233,115,0,56,0
60,4,117,16,0,2,0
60,5,67,703,0,6,0
60,6,386,263,0,-151,0
60,7,82,684,0,-212,0
60,8,414,626,0,-191,0
60,9,508,548,0,-133,0
60,10,582,300,0,-74,0
60,11,109,320,0,-63,0
60,12,230,320,0,-219,0
60,13,605,121,0,-140,0
60,14,360,73,0,-74,0
60,15,690,558,0,-70,0
60,16,185,151,0,13,0
60,17,585,536,0,-212,0
60,18,705,147,0,18,0
60,19,189,626,0,-207,0
60,21,27,382,0,5,1
60,22,175,56,0,-3,1
60,23,586,709,0,-235,1
60,26,215,207,0,-21,1
60,27,29,420,0,-161,1
60,28,299,502,0,-53,1
60,29,347,326,0,-136,1
60,30,103,26,0,-23,1
60,31,176,206,0,-241,1
60,32,52,390,0,-89,1
60,35,500,136,0,-20,1
60,36,289,535,0,-97,1
60,37,696,235,0,-4,1
60,38,534,464,0,34,1
60,39,474,535,0,-179,1
60,40,679,63,0,-134,1
60,41,484,26,0,61,1
60,42,457,375,0,-175,1
60,43,123,118,0,-163,1
60,44,72,356,0,-86,1
60,45,72,748,0,-211,1
60,46,409,362,0,-54,1
60,47,91,640,0,22,1
60,48,379,7,0,-235,1
60,49,384,120,0,-13,1
60,52,716,645,0,10,1
60,53,315,67,0,-166,1
60,54,630,247,0,-231,1
60,55,608,716,0,-153,1
60,56,41,92,0,-110,1
60,57,456,635,0,23,1
60,58,564,699,0,12,1
60,60,183,236,0,-5,1
60,61,199,114,0,-227,1
60,63,270,674,0,-160,1
60,64,287,551,0,62,1
60,65,597,704,0,19,1
60,66,443,235,0,-95,1
60,67,92,17,0,-218,1
60,68,64,472,0,-160,1
60,69,256,483,0,-37,1
60,70,300,65,0,-193,1
60,71,638,716,0,-144,1
60,72,272,576,0,-258,1
60,73,52,390,0,-89,1
61,0,224,338,0,-79,0
61,1,6,219,0,-213,0
61,2,450,322,0,-262,0
61,3,230,113,0,56,0
61,4,117,13,0,2,0
61,5,67,700,0,6,0
61,6,387,266,0,-151,0
61,7,80,687,0,-212,0
61,8,414,629,0,-191,0
61,9,510,550,0,-133,0
61,10,585,299,0,-74,0
61,11,111,319,0,-63,0
61,12,229,322,0,-219,0
61,13,607,124,0,-140,0
61,14,363,73,0,-74,0
61,15,690,558,0,-70,0
61,16,185,148,0,13,0
61,17,583,539,0,-206,0
61,18,705,144,0,18,0
61,19,187,629,0,-207,0
61,21,25,380,0,24,1
61,22,174,53,0,12,1
61,23,584,711,0,-235,1
61,26,216,204,0,-21,1
61,27,30,423,0,-161,1
61,28,302,501,0,-53,1
61,29,350,327,0,-119,1
61,30,104,23,0,-23,1
61,31,173,208,0,-241,1
61,32,55,389,0,-73,1
61,35,501,133,0,-20,1
61,36,292,535,0,-97,1
61,37,696,232,0,-4,1
61,38,533,461,0,18,1
61,39,474,538,0,-179,1
61,40,681,65,0,-134,1
61,41,481,25,0,61,1
61,42,458,378,0,-146,1
61,43,124,121,0,-163,1
61,44,75,355,0,-86,1
61,45,70,750,0,-211,1
61,46,411,360,0,-54,1
61,47,90,637,0,22,1
61,48,377,9,0,-235,1
61,49,384,117,0,7,1
61,52,716,642,0,10,1
61,53,316,70,0,-166,1
61,54,627,249,0,-231,1
61,55,608,719,0,-183,1
61,56,44,93,0,-110,1
61,57,455,632,0,23,1
61,58,563,696,0,12,1
61,60,184,233,0,-5,1
61,61,197,116,0,-227,1
61,63,270,677,0,-184,1
61,64,285,550,0,62,1
61,65,595,701,0,34,1
61,66,446,235,0,-95,1
61,67,90,19,0,-218,1
61,68,65,475,0,-160,1
61,69,258,480,0,-37,1
61,70,300,68,0,-193,1
61,71,640,719,0,-144,1
61,72,269,578,0,-241,1
61,73,55,389,0,-89,1
62,0,227,337,0,-79,0
62,1,5,222,0,-213,0
62,2,447,322,0,-262,0
62,3,227,113,0,77,0
62,4,117,10,0,2,0
62,5,66,697,0,6,0
62,6,389,268,0,-151,0
62,7,79,689,0,-212,0
62,8,413,632,0,-191,0
62,9,512,553,0,-133,0
62,10,588,298,0,-74,0
62,11,114,317,0,-63,0
62,12,227,324,0,-219,0
62,13,609,126,0,-140,0
62,14,366,72,0,-74,0
62,15,690,558,0,-70,0
62,16,184,145,0,13,0
62,17,582,542,0,-206,0
62,18,704,141,0,18,0
62,19,187,632,0,-180,0
62,21,24,377,0,24,1
62,22,174,50,0,12,1
62,23,581,712,0,-235,1
62,26,217,201,0,-21,1
62,27,31,426,0,-161,1
62,28,304,499,0,-53,1
62,29,352,329,0,-119,1
62,30,105,20,0,-23,1
62,31,170,209,0,-241,1
62,32,58,388,0,-73,1
62,35,502,130,0,-20,1
62,36,295,535,0,-97,1
62,37,696,229,0,-4,1
62,38,532,459,0,18,1
62,39,474,541,0,-179,1
62,40,683,67,0,-134,1
62,41,478,24,0,61,1
62,42,460,380,0,-146,1
62,43,125,124,0,-163,1
62,44,78,355,0,-86,1
62,45,69,3,0,-211,1
62,46,414,358,0,-54,1
62,47,88,635,0,45,1
62,48,374,10,0,-235,1
62,49,383,114,0,7,1
62,52,715,639,0,10,1
62,53,317,73,0,-166,1
62,54,625,251,0,-231,1
62,55,608,722,0,-183,1
62,56,47,94,0,-110,1
62,57,454,630,0,23,1
62,58,562,693,0,12,1
62,60,184,230,0,-5,1
62,61,194,118,0,-227,1
62,63,270,680,0,-184,1
62,64,282,548,0,56,1
62,65,593,699,0,34,1
62,66,449,235,0,-90,1
62,67,88,21,0,-218,1
62,68,66,477,0,-160,1
62,69,260,478,0,-37,1
62,70,299,71,0,-193,1
62,71,642,721,0,-144,1
62,72,267,579,0,-241,1
62,73,58,389,0,-90,1
63,0,230,337,0,-79,0
63,1,3,224,0,-213,0
63,2,444,323,0,-262,0
63,3,224,113,0,-264,0
63,4,117,7,0,6,0
63,5,66,694,0,6,0
63,6,390,271,0,-151,0
63,7,77,692,0,-212,0
63,8,413,635,0,-191,0
63,9,515,555,0,-133,0
63,10,591,297,0,-74,0
63,11,117,316,0,-63,0
63,12,225,327,0,-219,0
63,13,611,128,0,-140,0
63,14,369,71,0,-74,0
63,15,690,558,0,-70,0
63,16,183,142,0,13,0
63,17,581,544,0,-206,0
63,18,702,138,0,22,0
63,19,187,635,0,-180,0
63,21,23,374,0,24,1
63,22,174,47,0,0,1
63,23,579,714,0,-235,1
63,26,218,198,0,-21,1
63,27,32,428,0,-161,1
63,28,306,497,0,-53,1
63,29,355,330,0,-119,1
63,30,106,18,0,-23,1
63,31,168,211,0,-241,1
63,32,60,387,0,-73,1
63,35,503,127,0,-20,1
63,36,298,536,0,-97,1
63,37,697,226,0,-4,1
63,38,531,456,0,18,1
63,39,474,544,0,-179,1
63,40,686,69,0,-134,1
63,41,476,22,0,61,1
63,42,462,383,0,-146,1
63,43,125,127,0,-176,1
63,44,81,355,0,-86,1
63,45,67,5,0,-211,1
63,46,416,357,0,-54,1
63,47,86,632,0,36,1
63,48,372,12,0,-235,1
63,49,383,111,0,7,1
63,52,715,636,0,10,1
63,53,317,76,0,-166,1
63,54,623,253,0,-231,1
63,55,608,725,0,-178,1
63,56,50,95,0,-108,1
63,57,453,627,0,20,1
63,58,562,690,0,12,1
63,60,184,227,0,-5,1
63,61,193,120,0,-214,1
63,63,269,683,0,-184,1
63,64,280,547,0,56,1
63,65,591,696,0,34,1
63,66,452,235,0,-90,1
63,67,86,23,0,-237,1
63,68,67,480,0,-160,1
63,69,261,476,0,-37,1
63,70,298,74,0,-193,1
63,71,644,723,0,-144,1
63,72,264,581,0,-241,1
63,73,61,389,0,-75,1
64,0,233,336,0,-79,0
64,1,1,227,0,-213,0
64,2,441,323,0,-262,0
64,3,221,114,0,-250,0
64,4,117,4,0,6,0
64,5,66,691,0,6,0
64,6,391,274,0,-151,0
64,7,76,694,0,-212,0
64,8,412,638,0,-191,0
64,9,517,557,0,-133,0
64,10,594,296,0,-74,0
64,11,119,315,0,-63,0
64,12,223,329,0,-219,0
64,13,613,130,0,-140,0
64,14,372,70,0,-74,0
64,15,690,558,0,-70,0
64,16,184,139,0,-8,0
64,17,579,547,0,-206,0
64,18,701,135,0,22,0
64,19,187,638,0,-180,0
64,21,22,372,0,24,1
64,22,174,44,0,0,1
64,23,576,716,0,-236,1
64,26,220,196,0,-28,1
64,27,33,431,0,-148,1
64,28,309,495,0,-53,1
64,29,357,332,0,-119,1
64,30,108,15,0,-23,1
64,31,166,213,0,-226,1
64,32,63,386,0,-73,1
64,35,504,124,0,-20,1
64,36,301,536,0,-97,1
64,37,697,223,0,-4,1
64,38,530,453,0,26,1
64,39,475,547,0,-171,1
64,40,688,71,0,-134,1
64,41,473,21,0,61,1
64,42,463,386,0,-161,1
64,43,125,130,0,-176,1
64,44,84,355,0,-93,1
64,45,66,8,0,-211,1
64,46,419,356,0,-71,1
64,47,84,630,0,36,1
64,48,369,14,0,-235,1
64,49,383,108,0,7,1
64,52,714,633,0,10,1
64,53,318,79,0,-166,1
64,54,621,255,0,-221,1
64,55,608,728,0,-178,1
64,56,53,96,0,-108,1
64,57,451,624,0,33,1
64,58,561,688,0,12,1
64,60,184,224,0,-5,1
64,61,191,123,0,-214,1
64,63,269,686,0,-184,1
64,64,277,545,0,56,1
64,65,590,694,0,37,1
64,66,455,237,0,-116,1
64,67,84,25,0,-218,1
64,68,68,483,0,-160,1
64,69,263,473,0,-37,1
64,70,298,77,0,-193,1
64,71,645,726,0,-144,1
64,72,261,582,0,-241,1
64,73,64,388,0,-75,1
65,0,236,335,0,-79,0
65,1,0,229,0,-213,0
65,2,438,323,0,-262,0
65,3,218,115,0,-250,0
65,4,116,1,0,6,0
65,5,65,689,0,24,0
65,6,392,277,0,-171,0
65,7,74,697,0,-212,0
65,8,412,641,0,-191,0
65,9,519,559,0,-133,0
65,10,597,296,0,-74,0
65,11,122,313,0,-63,0
65,12,221,331,0,-219,0
65,13,615,133,0,-140,0
65,14,375,69,0,-74,0
65,15,690,558,0,-70,0
65,16,184,136,0,-8,0
65,17,578,550,0,-206,0
65,18,700,133,0,22,0
65,19,187,641,0,-180,0
65,21,20,369,0,24,1
65,22,174,41,0,0,1
65,23,574,717,0,-236,1
65,26,221,193,0,-28,1
65,27,35,434,0,-148,1
65,28,311,493,0,-42,1
65,29,360,333,0,-119,1
65,30,110,13,0,-41,1
65,31,163,215,0,-226,1
65,32,66,385,0,-73,1
65,35,505,121,0,-20,1
65,36,304,537,0,-97,1
65,37,697,220,0,-4,1
65,38,530,450,0,1,1
65,39,475,550,0,-171,1
65,40,691,72,0,-104,1
65,41,471,19,0,61,1
65,42,464,389,0,-161,1
65,43,125,133,0,-176,1
65,44,87,355,0,-93,1
65,45,64,10,0,-211,1
65,46,422,355,0,-71,1
65,47,82,627,0,36,1
65,48,366,14,0,-255,1
65,49,383,105,0,-11,1
65,52,714,630,0,10,1
65,53,319,82,0,-166,1
65,54,619,257,0,-221,1
65,55,608,731,0,-178,1
65,56,56,97,0,-108,1
65,57,450,622,0,33,1
65,58,561,685,0,12,1
65,60,185,221,0,-5,1
65,61,189,125,0,-214,1
65,63,269,689,0,-184,1
65,64,275,543,0,56,1
65,65,588,691,0,34,1
65,66,457,238,0,-116,1
65,67,81,26,0,-248,1
65,68,69,486,0,-160,1
65,69,266,472,0,-60,1
65,70,297,80,0,-188,1
65,71,647,728,0,-144,1
65,72,259,584,0,-241,1
65,73,67,387,0,-75,1
66,0,239,335,0,-79,0
66,1,748,232,0,-223,0
66,2,435,324,0,-262,0
66,3,216,116,0,-250,0
66,4,116,-2,0,6,0
66,5,63,686,0,24,0
66,6,392,280,0,-171,0
66,7,73,699,0,-212,0
66,8,411,644,0,-191,0
66,9,521,561,0,-134,0
66,10,600,295,0,-74,0
66,11,125,312,0,-63,0
66,12,219,334,0,-219,0
66,13,617,135,0,-140,0
66,14,377,69,0,-82,0
66,15,690,558,0,-70,0
66,16,184,133,0,-8,0
66,17,577,552,0,-206,0
66,18,699,130,0,22,0
66,19,187,644,0,-180,0
66,21,19,366,0,24,1
66,22,174,38,0,-5,1
66,23,571,719,0,-236,1
66,26,224,191,0,-54,1
66,27,37,436,0,-148,1
66,28,313,491,0,-42,1
66,29,363,333,0,-90,1
66,31,161,217,0,-226,1
66,32,69,384,0,-73,1
66,35,506,119,0,-14,1
66,36,307,537,0,-97,1
66,37,697,217,0,-4,1
66,38,530,447,0,1,1
66,39,476,553,0,-171,1
66,40,694,73,0,-104,1
66,41,468,18,0,61,1
66,42,465,391,0,-161,1
66,43,126,136,0,-176,1
66,44,90,355,0,-93,1
66,45,63,13,0,-211,1
66,46,424,354,0,-71,1
66,47,81,625,0,36,1
66,48,363,15,0,-253,1
66,49,384,102,0,-11,1
66,52,714,627,0,-6,1
66,53,319,84,0,-166,1
66,54,617,259,0,-221,1
66,55,609,734,0,-178,1
66,56,59,98,0,-108,1
66,57,448,619,0,33,1
66,58,559,682,0,27,1
66,60,185,218,0,-5,1
66,63,269,692,0,-184,1
66,64,272,542,0,56,1
66,65,586,689,0,34,1
66,66,460,238,0,-90,1
66,67,78,28,0,-248,1
66,68,70,489,0,-160,1
66,69,269,471,0,-81,1
66,70,298,83,0,-171,1
66,71,649,731,0,-138,1
66,72,256,585,0,-241,1
66,73,69,386,0,-75,1
66,74,116,-2,0,6,0
67,0,242,334,0,-79,0
67,1,746,234,0,-223,0
67,2,432,324,0,-262,0
67,3,213,117,0,-250,0
67,4,116,747,0,6,0
67,5,61,684,0,43,0
67,6,393,283,0,-171,0
67,7,71,702,0,-212,0
67,8,410,647,0,-191,0
67,9,523,563,0,-134,0
67,10,603,294,0,-74,0
67,11,127,311,0,-67,0
67,12,217,336,0,-219,0
67,13,619,137,0,-140,0
67,14,380,67,0,-53,0
67,15,690,558,0,-70,0
67,16,184,133,0,-8,0
67,17,575,555,0,-206,0
67,18,698,127,0,14,0
67,19,187,647,0,-180,0
67,21,18,363,0,24,1
67,22,174,35,0,-5,1
67,23,569,721,0,-236,1
67,26,226,189,0,-54,1
67,27,38,439,0,-148,1
67,28,315,489,0,-42,1
67,29,366,333,0,-90,1
67,31,159,219,0,-226,1
67,32,72,384,0,-73,1
67,35,506,116,0,-14,1
67,36,310,537,0,-97,1
67,37,697,214,0,-4,1
67,38,529,444,0,2,1
67,39,476,556,0,-171,1
67,40,697,73,0,-104,1
67,41,465,16,0,61,1
67,42,466,394,0,-154,1
67,43,126,139,0,-176,1
67,44,93,356,0,-93,1
67,45,61,15,0,-211,1
67,46,427,353,0,-71,1
67,47,79,622,0,36,1
67,48,361,17,0,-246,1
67,49,384,99,0,-11,1
67,52,715,624,0,-6,1
67,53,320,87,0,-166,1
67,54,615,262,0,-221,1
67,55,609,737,0,-178,1
67,56,62,98,0,-90,1
67,57,447,616,0,15,1
67,58,558,679,0,27,1
67,60,185,215,0,-10,1
67,63,269,695,0,-184,1
67,64,270,540,0,56,1
67,65,585,686,0,34,1
67,66,463,238,0,-90,1
67,67,76,29,0,-248,1
67,68,71,492,0,-160,1
67,69,272,471,0,-81,1
67,70,298,86,0,-171,1
67,71,651,733,0,-140,1
67,72,253,587,0,-241,1
67,73,72,386,0,-75,1
67,74,116,747,0,6,0
68,0,245,335,0,-98,0
68,1,744,236,0,-223,0
68,2,429,325,0,-262,0
68,3,210,118,0,-250,0
68,4,115,744,0,6,0
68,5,59,681,0,43,0
68,6,393,286,0,-171,0
68,7,69,705,0,-212,0
68,8,410,650,0,-191,0
68,9,525,565,0,-134,0
68,10,605,293,0,-74,0
68,11,130,310,0,-67,0
68,12,215,338,0,-219,0
68,13,620,140,0,-140,0
68,14,382,65,0,-53,0
68,15,690,558,0,-70,0
68,16,184,133,0,-8,0
68,17,574,558,0,-206,0
68,18,697,125,0,37,0
68,19,187,650,0,-180,0
68,21,17,361,0,24,1
68,22,175,32,0,-5,1
68,23,566,722,0,-236,1
68,26,228,187,0,-32,1
68,27,39,442,0,-170,1
68,28,317,486,0,-42,1
68,29,369,333,0,-90,1
68,31,157,221,0,-226,1
68,32,75,383,0,-73,1
68,35,508,113,0,-36,1
68,36,313,538,0,-97,1
68,37,698,211,0,-4,1
68,38,529,441,0,2,1
68,39,477,559,0,-171,1
68,40,699,74,0,-104,1
68,41,463,15,0,61,1
68,42,467,397,0,-154,1
68,43,126,142,0,-176,1
68,44,96,356,0,-93,1
68,45,60,18,0,-211,1
68,46,430,352,0,-71,1
68,47,77,620,0,36,1
68,48,358,18,0,-246,1
68,49,385,96,0,-11,1
68,52,715,621,0,-6,1
68,53,321,90,0,-166,1
68,54,613,264,0,-210,1
68,55,609,740,0,-178,1
68,56,65,98,0,-90,1
68,57,446,614,0,15,1
68,58,557,676,0,15,1
68,60,186,212,0,-16,1
68,63,269,698,0,-166,1
68,64,267,538,0,56,1
68,65,583,684,0,34,1
68,66,466,238,0,-90,1
68,67,73,30,0,-248,1
68,68,72,494,0,-160,1
68,69,275,470,0,-81,1
68,70,300,88,0,-151,1
68,71,653,735,0,-131,1
68,72,251,588,0,-241,1
68,73,75,385,0,-75,1
68,74,115,744,0,6,0
69,0,248,335,0,-98,0
69,1,742,238,0,-223,0
69,2,426,326,0,-237,0
69,3,207,119,0,-250,0
69,4,115,741,0,6,0
69,5,57,679,0,43,0
69,6,394,288,0,-161,0
69,7,68,707,0,-212,0
69,8,409,653,0,-191,0
69,9,527,567,0,-140,0
69,10,608,292,0,-74,0
69,11,133,308,0,-67,0
69,12,213,341,0,-219,0
69,13,622,142,0,-140,0
69,14,385,63,0,-54,0
69,15,690,558,0,-70,0
69,16,184,133,0,-8,0
69,17,573,560,0,-206,0
69,18,695,122,0,43,0
69,19,188,653,0,-159,0
69,21,16,358,0,10,1
69,22,175,29,0,-5,1
69,23,564,724,0,-236,1
69,26,229,184,0,-32,1
69,27,39,445,0,-170,1
69,28,319,484,0,-42,1
69,29,372,333,0,-89,1
69,31,155,223,0,-226,1
69,32,78,382,0,-73,1
69,35,510,111,0,-36,1
69,36,316,538,0,-97,1
69,37,698,208,0,-4,1
69,38,529,438,0,2,1
69,39,477,562,0,-171,1
69,40,702,75,0,-112,1
69,41,460,13,0,61,1
69,42,467,400,0,-182,1
69,43,126,145,0,-176,1
69,44,99,356,0,-93,1
69,45,58,21,0,-203,1
69,46,433,351,0,-71,1
69,47,75,618,0,36,1
69,48,355,19,0,-246,1
69,49,385,93,0,-11,1
69,52,715,618,0,-6,1
69,53,322,93,0,-166,1
69,54,612,267,0,-210,1
69,55,609,743,0,-176,1
69,56,68,98,0,-90,1
69,57,446,611,0,15,1
69,58,555,674,0,41,1
69,60,187,210,0,-16,1
69,63,270,701,0,-166,1
69,64,265,537,0,56,1
69,65,581,681,0,34,1
69,66,469,238,0,-97,1
69,67,70,30,0,-258,1
69,68,73,497,0,-160,1
69,69,278,470,0,-81,1
69,70,301,91,0,-151,1
69,71,656,737,0,-131,1
69,72,248,589,0,-241,1
69,73,78,384,0,-75,1
69,74,115,741,0,6,0
70,0,251,336,0,-98,0
70,1,741,241,0,-205,0
70,2,424,328,0,-237,0
70,3,204,120,0,-250,0
70,4,114,738,0,27,0
70,5,55,677,0,43,0
70,6,396,291,0,-142,0
70,7,66,710,0,-212,0
70,8,408,656,0,-200,0
70,9,529,570,0,-140,0
70,10,611,292,0,-74,0
70,11,136,307,0,-67,0
70,12,212,343,0,-203,0
70,13,625,144,0,-123,0
70,14,388,62,0,-69,0
70,15,690,558,0,-70,0
70,16,184,133,0,-8,0
70,17,571,563,0,-206,0
70,18,692,120,0,43,0
70,19,190,655,0,-159,0
70,21,16,355,0,10,1
70,22,175,26,0,-5,1
70,23,562,726,0,-216,1
70,26,231,182,0,-32,1
70,27,40,448,0,-170,1
70,28,322,483,0,-67,1
70,29,375,333,0,-89,1
70,31,153,226,0,-207,1
70,32,81,381,0,-73,1
70,35,511,108,0,-25,1
70,36,319,538,0,-97,1
70,37,698,205,0,-4,1
70,38,530,435,0,-18,1
70,39,478,565,0,-171,1
70,40,705,76,0,-112,1
70,41,457,12,0,69,1
70,42,468,403,0,-164,1
70,43,127,148,0,-176,1
70,44,102,356,0,-93,1
70,45,56,23,0,-222,1
70,46,436,350,0,-71,1
70,47,74,615,0,36,1
70,48,352,20,0,-246,1
70,49,386,90,0,-11,1
70,52,716,615,0,-6,1
70,53,322,96,0,-166,1
70,54,610,269,0,-210,1
70,55,609,746,0,-182,1
70,56,71,98,0,-90,1
70,57,445,608,0,15,1
70,58,553,672,0,41,1
70,60,188,207,0,-16,1
70,63,271,703,0,-155,1
70,64,262,536,0,85,1
70,65,580,679,0,34,1
70,66,472,238,0,-86,1
70,67,67,31,0,-258,1
70,68,74,500,0,-160,1
70,69,281,469,0,-81,1
70,70,303,94,0,-151,1
70,71,658,739,0,-131,1
70,72,246,591,0,-241,1
70,73,81,383,0,-75,1
70,74,115,738,0,6,0
71,0,254,336,0,-98,0
71,1,739,244,0,-205,0
71,2,422,330,0,-219,0
71,3,202,121,0,-250,0
71,4,112,736,0,27,0
71,5,53,675,0,43,0
71,6,397,294,0,-161,0
71,7,65,712,0,-217,0
71,8,406,658,0,-217,0
71,9,531,572,0,-140,0
71,10,614,291,0,-74,0
71,11,139,307,0,-88,0
71,12,211,346,0,-203,0
71,13,627,145,0,-123,0
71,14,390,61,0,-69,0
71,15,690,558,0,-70,0
71,16,184,133,0,-8,0
71,17,570,566,0,-206,0
71,18,690,118,0,43,0
71,19,191,658,0,-159,0
71,21,15,352,0,10,1
71,22,175,23,0,-5,1
71,23,560,729,0,-216,1
71,26,232,179,0,-32,1
71,27,39,450,0,-198,1
71,28,324,482,0,-67,1
71,29,378,333,0,-89,1
71,31,152,229,0,-207,1
71,32,83,380,0,-73,1
71,35,513,106,0,-40,1
71,36,322,539,0,-97,1
71,37,698,202,0,-4,1
71,38,531,432,0,-18,1
71,39,478,568,0,-171,1
71,40,708,77,0,-112,1
71,41,454,11,0,69,1
71,42,469,406,0,-164,1
71,43,127,151,0,-176,1
71,44,105,356,0,-93,1
71,45,54,25,0,-222,1
71,46,439,349,0,-71,1
71,47,73,612,0,10,1
71,48,350,22,0,-246,1
71,49,387,87,0,-11,1
71,52,714,612,0,23,1
71,53,323,99,0,-158,1
71,54,609,272,0,-210,1
71,55,609,749,0,-182,1
71,56,73,96,0,-68,1
71,57,444,605,0,15,1
71,58,551,670,0,41,1
71,60,189,204,0,-16,1
71,63,273,706,0,-141,1
71,64,259,536,0,85,1
71,65,578,676,0,34,1
71,66,475,238,0,-86,1
71,67,64,32,0,-258,1
71,68,75,503,0,-159,1
71,69,284,469,0,-81,1
71,70,304,96,0,-151,1
71,71,660,741,0,-131,1
71,72,243,592,0,-241,1
71,73,84,383,0,-75,1
71,74,114,735,0,6,0
72,0,257,337,0,-98,0
72,1,738,246,0,-205,0
72,2,420,333,0,-219,0
72,3,199,122,0,-250,0
72,4,111,733,0,27,0
72,5,51,673,0,43,0
72,6,398,296,0,-161,0
72,7,63,715,0,-217,0
72,8,404,660,0,-243,0
72,9,533,574,0,-140,0
72,10,617,291,0,-97,0
72,11,142,307,0,-88,0
72,12,210,349,0,-203,0
72,13,630,147,0,-123,0
72,14,393,60,0,-69,0
72,15,690,558,0,-70,0
72,16,184,133,0,-8,0
72,17,569,569,0,-206,0
72,18,688,116,0,43,0
72,19,192,661,0,-159,0
72,21,15,349,0,10,1
72,22,176,20,0,-5,1
72,23,559,731,0,-216,1
72,26,234,176,0,-22,1
72,27,38,453,0,-198,1
72,28,327,481,0,-67,1
72,29,381,332,0,-73,1
72,31,151,231,0,-207,1
72,32,86,379,0,-73,1
72,35,515,104,0,-40,1
72,36,325,539,0,-97,1
72,37,700,200,0,-26,1
72,38,532,429,0,-18,1
72,39,479,571,0,-171,1
72,40,711,79,0,-112,1
72,41,452,10,0,69,1
72,42,469,409,0,-175,1
72,43,127,154,0,-176,1
72,44,108,356,0,-93,1
72,45,52,27,0,-222,1
72,46,441,347,0,-50,1
72,47,72,610,0,27,1
72,48,347,22,0,-260,1
72,49,388,84,0,-26,1
72,52,713,610,0,23,1
72,53,325,102,0,-158,1
72,54,607,275,0,-213,1
72,55,609,752,0,-182,1
72,56,76,95,0,-68,1
72,57,442,602,0,37,1
72,58,549,667,0,41,1
72,60,190,201,0,-16,1
72,63,275,708,0,-141,1
72,64,256,536,0,85,1
72,65,576,674,0,34,1
72,66,478,238,0,-94,1
72,67,61,32,0,-258,1
72,68,77,505,0,-136,1
72,69,287,469,0,-81,1
72,70,305,99,0,-151,1
72,71,662,743,0,-131,1
72,72,240,594,0,-241,1
72,73,87,383,0,-94,1
72,74,114,732,0,6,0
73,0,260,337,0,-98,0
73,1,736,249,0,-213,0
73,2,418,335,0,-219,0
73,3,196,123,0,-250,0
73,4,110,730,0,27,0
73,5,48,672,0,68,0
73,6,399,299,0,-161,0
73,7,61,717,0,-217,0
73,8,401,661,0,-243,0
73,9,535,576,0,-140,0
73,10,620,292,0,-97,0
73,11,145,307,0,-88,0
73,12,209,352,0,-203,0
73,13,632,148,0,-123,0
73,14,396,59,0,-69,0
73,15,690,558,0,-70,0
73,16,184,133,0,-8,0
73,17,567,571,0,-206,0
73,18,686,114,0,43,0
73,19,193,664,0,-159,0
73,21,14,346,0,10,1
73,22,176,17,0,-5,1
73,23,557,734,0,-216,1
73,26,235,174,0,-22,1
73,27,37,456,0,-198,1
73,28,330,479,0,-67,1
73,29,384,331,0,-73,1
73,31,149,234,0,-207,1
73,32,89,378,0,-73,1
73,35,517,101,0,-40,1
73,36,328,539,0,-97,1
73,37,701,197,0,-26,1
73,38,533,427,0,-18,1
73,39,480,574,0,-161,1
73,40,713,80,0,-111,1
73,41,449,9,0,69,1
73,42,469,412,0,-175,1
73,43,127,156,0,-176,1
73,44,111,356,0,-91,1
73,45,50,30,0,-222,1
73,46,443,345,0,-50,1
73,47,70,607,0,27,1
73,48,344,23,0,-260,1
73,49,389,82,0,-26,1
73,52,712,607,0,23,1
73,53,326,104,0,-158,1
73,54,605,276,0,-237,1
73,55,608,3,0,-182,1
73,56,79,94,0,-68,1
73,57,441,600,0,37,1
73,58,547,665,0,41,1
73,60,190,198,0,-16,1
73,63,277,710,0,-141,1
73,64,253,536,0,85,1
73,65,575,671,0,34,1
73,66,481,238,0,-94,1
73,67,58,33,0,-258,1
73,68,79,507,0,-136,1
73,69,290,468,0,-81,1
73,70,307,101,0,-147,1
73,71,665,745,0,-131,1
73,72,238,595,0,-241,1
73,73,90,383,0,-94,1
73,74,114,729,0,6,0
74,0,263,337,0,-98,0
74,1,735,251,0,-213,0
74,2,416,337,0,-219,0
74,3,193,124,0,-250,0
74,4,108,728,0,27,0
74,5,45,671,0,68,0
74,6,400,302,0,-161,0
74,7,59,719,0,-217,0
74,8,398,661,0,-260,0
74,9,537,579,0,-140,0
74,10,623,292,0,-97,0
74,11,148,307,0,-88,0
74,12,207,354,0,-203,0
74,13,635,150,0,-124,0
74,14,399,58,0,-69,0
74,15,690,558,0,-70,0
74,16,184,133,0,-8,0
74,17,566,574,0,-206,0
74,18,684,111,0,43,0
74,19,194,667,0,-159,0
74,21,14,343,0,-4,1
74,22,176,14,0,-5,1
74,23,555,736,0,-216,1
74,26,236,171,0,-22,1
74,27,36,459,0,-198,1
74,28,333,478,0,-67,1
74,29,387,330,0,-73,1
74,31,148,237,0,-207,1
74,32,92,378,0,-92,1
74,35,518,99,0,-26,1
74,36,331,540,0,-97,1
74,37,702,194,0,-26,1
74,38,534,424,0,-18,1
74,39,481,577,0,-161,1
74,40,716,81,0,-111,1
74,41,446,8,0,69,1
74,42,469,415,0,-190,1
74,43,128,159,0,-158,1
74,44,113,358,0,-116,1
74,45,49,32,0,-217,1
74,46,445,343,0,-50,1
74,47,69,604,0,27,1
74,48,341,23,0,-260,1
74,49,390,79,0,-26,1
74,52,711,604,0,23,1
74,53,327,107,0,-158,1
74,54,602,278,0,-237,1
74,55,608,6,0,-182,1
74,56,81,92,0,-49,1
74,57,439,598,0,37,1
74,58,546,663,0,41,1
74,60,191,195,0,-16,1
74,63,279,713,0,-141,1
74,64,250,536,0,-262,1
74,65,573,669,0,34,1
74,66,484,238,0,-94,1
74,67,56,35,0,-238,1
74,68,80,510,0,-164,1
74,69,292,468,0,-81,1
74,70,309,104,0,-147,1
74,71,667,747,0,-131,1
74,72,235,597,0,-241,1
74,73,93,383,0,-94,1
74,74,114,726,0,6,0
75,0,266,338,0,-98,0
75,1,733,254,0,-206,0
75,2,415,340,0,-219,0
75,3,190,125,0,-250,0
75,4,107,725,0,27,0
75,5,43,669,0,68,0
75,6,401,305,0,-161,0
75,7,57,722,0,-217,0
75,8,395,662,0,-260,0
75,9,539,581,0,-140,0
75,10,626,292,0,-97,0
75,11,151,307,0,-88,0
75,12,206,357,0,-203,0
75,13,637,152,0,-124,0
75,14,402,57,0,-75,0
75,15,690,558,0,-70,0
75,16,184,133,0,-8,0
75,17,565,577,0,-206,0
75,18,682,109,0,43,0
75,19,195,669,0,-159,0
75,21,14,340,0,-4,1
75,22,177,11,0,-5,1
75,23,553,738,0,-214,1
75,26,237,168,0,-22,1
75,27,35,462,0,-198,1
75,28,335,477,0,-67,1
75,29,390,329,0,-73,1
75,31,146,239,0,-207,1
75,32,95,379,0,-92,1
75,35,520,96,0,-26,1
75,36,334,540,0,-96,1
75,37,704,192,0,-26,1
75,38,535,421,0,-18,1
75,39,482,580,0,-161,1
75,40,719,82,0,-111,1
75,41,444,6,0,47,1
75,42,468,417,0,-191,1
75,43,129,162,0,-158,1
75,44,115,360,0,-139,1
75,45,47,34,0,-217,1
75,46,448,341,0,-50,1
75,47,68,602,0,27,1
75,48,338,24,0,-260,1
75,49,393,77,0,-48,1
75,52,710,601,0,11,1
75,53,328,110,0,-158,1
75,54,600,280,0,-237,1
75,55,609,9,0,-171,1
75,56,84,90,0,-54,1
75,57,437,595,0,37,1
75,58,544,660,0,41,1
75,60,192,192,0,-16,1
75,63,281,715,0,-141,1
75,64,247,536,0,-262,1
75,65,571,666,0,34,1
75,66,487,238,0,-94,1
75,67,53,36,0,-238,1
75,68,81,513,0,-164,1
75,69,295,468,0,-105,1
75,70,310,106,0,-147,1
75,71,669,749,0,-131,1
75,72,232,598,0,-241,1
75,73,96,383,0,-94,1
75,74,113,723,0,6,0
76,0,269,338,0,-98,0
76,1,732,257,0,-206,0
76,2,413,342,0,-219,0
76,3,188,127,0,-227,0
76,4,105,722,0,27,0
76,5,40,668,0,68,0
76,6,402,308,0,-161,0
76,7,56,724,0,-217,0
76,8,392,662,0,-260,0
76,9,541,583,0,-130,0
76,10,629,293,0,-97,0
76,11,154,307,0,-88,0
76,12,205,360,0,-203,0
76,13,640,153,0,-124,0
76,14,405,58,0,-99,0
76,15,690,558,0,-70,0
76,16,184,133,0,-8,0
76,17,564,579,0,-206,0
76,18,680,107,0,43,0
76,19,196,672,0,-159,0
76,21,15,337,0,-4,1
76,22,177,8,0,-5,1
76,23,552,741,0,-214,1
76,26,238,165,0,-13,1
76,27,34,465,0,-203,1
76,28,338,476,0,-67,1
76,29,392,329,0,-73,1
76,31,145,242,0,-207,1
76,32,98,379,0,-92,1
76,35,521,93,0,-26,1
76,36,337,540,0,-96,1
76,37,705,189,0,-26,1
76,38,536,418,0,-18,1
76,39,483,582,0,-161,1
76,40,722,83,0,-111,1
76,41,441,5,0,67,1
76,42,468,420,0,-191,1
76,43,131,164,0,-141,1
76,44,117,362,0,-139,1
76,45,45,37,0,-217,1
76,46,450,339,0,-50,1
76,47,66,599,0,27,1
76,48,335,24,0,-260,1
76,49,395,75,0,-48,1
76,52,710,598,0,11,1
76,53,329,113,0,-158,1
76,54,597,281,0,-237,1
76,55,609,12,0,-171,1
76,56,86,89,0,-54,1
76,57,435,593,0,37,1
76,58,543,658,0,16,1
76,60,193,189,0,-16,1
76,63,283,717,0,-141,1
76,64,244,538,0,-241,1
76,65,570,664,0,34,1
76,66,490,239,0,-92,1
76,67,51,38,0,-223,1
76,68,81,516,0,-164,1
76,69,298,469,0,-107,1
76,70,312,109,0,-147,1
76,71,672,750,0,-131,1
76,72,230,600,0,-241,1
76,73,98,385,0,-121,1
76,74,113,720,0,6,0
77,0,272,339,0,-98,0
77,1,731,259,0,-206,0
77,2,410,343,0,-242,0
77,3,186,129,0,-227,0
77,4,104,720,0,27,0
77,5,37,667,0,68,0
77,6,403,310,0,-161,0
77,7,54,727,0,-217,0
77,8,389,663,0,-260,0
77,9,544,585,0,-130,0
77,10,632,293,0,-97,0
77,11,157,307,0,-88,0
77,12,204,363,0,-203,0
77,13,642,155,0,-124,0
77,14,408,58,0,-99,0
77,15,690,558,0,-70,0
77,16,184,133,0,-8,0
77,17,562,582,0,-206,0
77,18,678,105,0,43,0
77,19,197,675,0,-159,0
77,21,15,334,0,-5,1
77,22,177,5,0,-5,1
77,23,550,743,0,-214,1
77,26,238,162,0,-13,1
77,27,33,467,0,-203,1
77,28,341,475,0,-67,1
77,29,395,329,0,-100,1
77,31,144,245,0,-207,1
77,32,101,379,0,-92,1
77,35,522,90,0,-26,1
77,36,340,541,0,-96,1
77,37,706,186,0,-26,1
77,38,537,415,0,-22,1
77,39,483,585,0,-163,1
77,40,725,84,0,-111,1
77,41,438,4,0,67,1
77,42,467,423,0,-191,1
77,43,133,167,0,-141,1
77,44,119,365,0,-139,1
77,45,43,39,0,-217,1
77,46,452,337,0,-50,1
77,47,65,596,0,27,1
77,48,332,25,0,-260,1
77,49,398,74,0,-69,1
77,52,709,595,0,11,1
77,53,330,116,0,-158,1
77,54,595,283,0,-237,1
77,55,610,15,0,-171,1
77,56,88,87,0,-54,1
77,57,433,590,0,37,1
77,58,542,655,0,16,1
77,60,194,187,0,-16,1
77,63,285,720,0,-141,1
77,64,242,539,0,-241,1
77,65,568,661,0,34,1
77,66,493,239,0,-92,1
77,67,49,41,0,-223,1
77,68,82,519,0,-164,1
77,69,301,471,0,-121,1
77,70,314,111,0,-147,1
77,71,674,2,0,-131,1
77,72,227,601,0,-241,1
77,73,101,387,0,-128,1
77,74,113,717,0,6,0
78,0,275,339,0,-87,0
78,1,729,262,0,-206,0
78,2,407,345,0,-242,0
78,3,184,131,0,-227,0
78,4,103,717,0,27,0
78,5,34,666,0,63,0
78,6,403,313,0,-190,0
78,7,52,729,0,-217,0
78,8,386,663,0,-260,0
78,9,546,587,0,-130,0
78,10,635,293,0,-97,0
78,11,160,307,0,-88,0
78,12,203,365,0,-203,0
78,13,645,157,0,-124,0
78,14,411,59,0,-99,0
78,15,690,558,0,-70,0
78,16,184,133,0,-8,0
78,17,561,585,0,-206,0
78,18,676,103,0,43,0
78,19,198,678,0,-159,0
78,21,14,331,0,20,1
78,22,177,2,0,-5,1
78,23,548,746,0,-214,1
78,26,239,159,0,-13,1
78,27,31,470,0,-203,1
78,28,344,473,0,-67,1
78,29,398,330,0,-100,1
78,31,142,247,0,-207,1
78,32,104,379,0,-92,1
78,35,524,88,0,-26,1
78,36,343,541,0,-96,1
78,37,708,184,0,-26,1
78,38,538,413,0,-22,1
78,39,484,588,0,-163,1
78,40,727,85,0,-111,1
78,41,436,3,0,67,1
78,42,467,426,0,-191,1
78,43,135,169,0,-141,1
78,44,120,367,0,-160,1
78,45,41,42,0,-217,1
78,46,455,335,0,-50,1
78,47,64,594,0,27,1
78,48,329,25,0,-260,1
78,49,401,73,0,-69,1
78,52,709,592,0,11,1
78,53,331,118,0,-158,1
78,54,592,284,0,-237,1
78,55,610,18,0,-171,1
78,56,91,85,0,-54,1
78,57,431,588,0,37,1
78,58,541,652,0,16,1
78,60,195,184,0,-16,1
78,63,286,722,0,-141,1
78,64,239,541,0,-238,1
78,65,566,659,0,34,1
78,66,496,239,0,-92,1
78,67,47,43,0,-223,1
78,68,84,521,0,-155,1
78,69,303,472,0,-121,1
78,70,315,114,0,-146,1
78,71,676,4,0,-131,1
78,72,224,602,0,-241,1
78,73,103,389,0,-128,1
78,74,112,714,0,6,0
79,0,278,338,0,-70,0
79,1,728,265,0,-206,0
79,2,405,346,0,-242,0
79,3,181,133,0,-227,0
79,4,101,714,0,27,0
79,5,32,664,0,63,0
79,6,401,316,0,-219,0
79,7,50,731,0,-217,0
79,8,383,664,0,-260,0
79,9,547,589,0,-148,0
79,10,638,294,0,-97,0
79,11,163,307,0,-90,0
79,12,201,368,0,-208,0
79,13,647,158,0,-124,0
79,14,413,60,0,-119,0
79,15,690,558,0,-70,0
79,16,184,133,0,-8,0
79,17,560,587,0,-203,0
79,18,674,100,0,43,0
79,19,199,681,0,-159,0
79,21,13,328,0,20,1
79,22,178,-1,0,-5,1
79,23,547,748,0,-214,1
79,26,240,156,0,-13,1
79,27,30,473,0,-203,1
79,28,346,472,0,-60,1
79,29,401,330,0,-100,1
79,31,141,250,0,-207,1
79,32,107,379,0,-92,1
79,35,525,85,0,-26,1
79,36,346,541,0,-96,1
79,37,709,181,0,-26,1
79,38,539,410,0,-22,1
79,39,485,591,0,-163,1
79,40,730,86,0,-111,1
79,41,433,1,0,67,1
79,42,466,429,0,-191,1
79,43,137,171,0,-141,1
79,44,121,370,0,-160,1
79,45,40,44,0,-217,1
79,46,457,333,0,-50,1
79,47,62,591,0,27,1
79,48,326,25,0,81,1
79,49,403,72,0,-69,1
79,52,708,589,0,11,1
79,53,332,121,0,-158,1
79,54,590,286,0,-237,1
79,55,611,21,0,-171,1
79,56,93,83,0,-54,1
79,57,430,586,0,37,1
79,58,540,649,0,16,1
79,60,195,181,0,-16,1
79,63,288,724,0,-141,1
79,64,237,543,0,-238,1
79,65,565,656,0,34,1
79,66,499,239,0,-92,1
79,67,46,46,0,-195,1
79,68,85,524,0,-155,1
79,69,306,474,0,-115,1
79,70,317,116,0,-146,1
79,71,678,6,0,-131,1
79,72,222,604,0,-241,1
79,73,106,390,0,-128,1
79,74,112,711,0,6,0
80,0,280,337,0,-70,0
80,1,727,267,0,-206,0
80,2,403,348,0,-227,0
80,3,179,135,0,-227,0
80,4,100,712,0,27,0
80,5,30,662,0,48,0
80,6,399,318,0,-219,0
80,7,48,734,0,-217,0
80,8,380,664,0,-260,0
80,9,549,592,0,-148,0
80,10,641,295,0,-121,0
80,11,166,307,0,-90,0
80,12,200,371,0,-208,0
80,13,650,161,0,-135,0
80,14,416,62,0,-119,0
80,15,690,558,0,-70,0
80,16,184,133,0,-8,0
80,17,559,590,0,-203,0
80,18,672,98,0,43,0
80,19,200,683,0,-159,0
80,21,12,325,0,20,1
80,22,178,747,0,-5,1
80,23,545,751,0,-214,1
80,26,240,154,0,-13,1
80,27,29,476,0,-203,1
80,28,349,471,0,-67,1
80,31,140,253,0,-207,1
80,32,110,379,0,-92,1
80,35,526,82,0,-26,1
80,36,349,542,0,-96,1
80,37,710,178,0,-26,1
80,38,540,407,0,-22,1
80,39,486,594,0,-163,1
80,40,733,87,0,-111,1
80,41,430,0,0,60,1
80,42,466,432,0,-172,1
80,43,138,174,0,-162,1
80,44,122,373,0,-160,1
80,45,38,46,0,-217,1
80,46,459,331,0,-50,1
80,47,61,588,0,27,1
80,48,323,24,0,81,1
80,49,406,71,0,-69,1
80,52,707,587,0,11,1
80,53,333,124,0,-164,1
80,54,587,287,0,-243,1
80,55,611,24,0,-171,1
80,56,96,82,0,-54,1
80,57,428,583,0,37,1
80,58,539,646,0,16,1
80,60,196,178,0,-16,1
80,63,290,727,0,-141,1
80,64,234,544,0,-238,1
80,65,563,654,0,34,1
80,66,502,239,0,-92,1
80,67,45,49,0,-195,1
80,68,87,527,0,-147,1
80,69,309,474,0,-99,1
80,70,319,119,0,-146,1
80,71,680,8,0,-140,1
80,72,220,606,0,-227,1
80,73,108,392,0,-128,1
80,74,112,708,0,6,0
80,75,399,318,0,-219,0
81,0,283,336,0,-70,0
81,1,725,270,0,-206,0
81,2,401,351,0,-204,0
81,3,177,138,0,-227,0
81,4,99,709,0,27,0
81,5,27,660,0,48,0
81,6,397,320,0,-219,0
81,7,47,736,0,-217,0
81,8,377,665,0,-260,0
81,9,551,594,0,-148,0
81,10,643,297,0,-121,0
81,11,169,307,0,-90,0
81,12,198,373,0,-208,0
81,13,652,162,0,-126,0
81,14,418,63,0,-119,0
81,15,690,558,0,-70,0
81,16,184,133,0,-8,0
81,17,557,593,0,-203,0
81,18,670,96,0,47,0
81,19,201,686,0,-159,0
81,21,11,323,0,20,1
81,22,178,744,0,-5,1
81,23,544,3,0,-197,1
81,26,241,151,0,-13,1
81,27,28,478,0,-203,1
81,28,352,470,0,-67,1
81,31,138,255,0,-207,1
81,32,113,379,0,-92,1
81,35,527,80,0,-26,1
81,36,352,542,0,-96,1
81,37,712,176,0,-44,1
81,38,542,404,0,-22,1
81,39,486,597,0,-178,1
81,40,736,88,0,-111,1
81,41,428,748,0,60,1
81,42,468,435,0,-143,1
81,43,140,177,0,-141,1
81,44,123,376,0,-160,1
81,45,36,49,0,-217,1
81,46,462,329,0,-49,1
81,47,59,586,0,27,1
81,48,320,24,0,81,1
81,49,409,69,0,-69,1
81,52,707,584,0,11,1
81,53,334,127,0,-164,1
81,54,584,289,0,-243,1
81,55,612,27,0,-171,1
81,56,98,80,0,-54,1
81,57,426,581,0,37,1
81,58,539,643,0,16,1
81,60,197,175,0,-16,1
81,63,292,729,0,-141,1
81,64,231,545,0,-245,1
81,65,561,651,0,34,1
81,66,505,239,0,-92,1
81,67,45,51,0,-195,1
81,68,88,529,0,-147,1
81,69,312,475,0,-99,1
81,70,320,121,0,-146,1
81,71,682,10,0,-140,1
81,72,217,608,0,-227,1
81,73,110,394,0,-128,1
81,74,111,705,0,6,0
81,75,397,320,0,-219,0
82,0,286,335,0,-70,0
82,1,724,273,0,-206,0
82,2,400,354,0,-204,0
82,3,175,140,0,-227,0
82,4,97,706,0,27,0
82,5,25,658,0,48,0
82,6,395,323,0,-219,0
82,7,45,739,0,-209,0
82,8,374,665,0,-260,0
82,9,552,597,0,-148,0
82,10,646,298,0,-121,0
82,11,172,306,0,-82,0
82,12,198,376,0,-191,0
82,13,654,164,0,-126,0
82,14,421,65,0,-119,0
82,15,690,558,0,-70,0
82,16,184,133,0,-8,0
82,17,556,596,0,-203,0
82,18,668,94,0,47,0
82,19,203,689,0,-159,0
82,21,10,320,0,20,1
82,22,178,741,0,4,1
82,23,543,6,0,-197,1
82,26,242,148,0,-13,1
82,27,27,481,0,-203,1
82,28,355,468,0,-67,1
82,31,137,258,0,-207,1
82,32,116,380,0,-102,1
82,35,529,77,0,-26,1
82,36,355,542,0,-89,1
82,37,714,174,0,-44,1
82,38,543,401,0,-22,1
82,39,486,600,0,-178,1
82,40,739,89,0,-111,1
82,41,425,747,0,53,1
82,42,470,437,0,-143,1
82,43,142,179,0,-141,1
82,44,124,379,0,-160,1
82,45,34,51,0,-217,1
82,46,464,328,0,-69,1
82,47,58,583,0,27,1
82,48,317,24,0,-260,1
82,49,412,70,0,-97,1
82,52,707,581,0,2,1
82,53,335,130,0,-164,1
82,54,582,290,0,-243,1
82,55,612,30,0,-182,1
82,56,101,79,0,-67,1
82,57,424,579,0,37,1
82,58,538,640,0,16,1
82,60,199,172,0,-31,1
82,63,294,731,0,-141,1
82,64,229,547,0,-245,1
82,65,560,649,0,34,1
82,66,508,239,0,-92,1
82,67,44,54,0,-195,1
82,68,90,532,0,-147,1
82,69,315,475,0,-99,1
82,70,322,124,0,-146,1
82,71,684,13,0,-140,1
82,72,215,610,0,-227,1
82,73,113,396,0,-128,1
82,74,111,702,0,6,0
82,75,395,323,0,-226,0
83,0,289,334,0,-70,0
83,1,723,276,0,-206,0
83,2,398,356,0,-227,0
83,3,173,142,0,-227,0
83,4,96,704,0,27,0
83,5,23,656,0,48,0
83,6,393,325,0,-214,0
83,7,44,741,0,-209,0
83,8,371,666,0,-260,0
83,9,554,599,0,-148,0
83,10,649,299,0,-99,0
83,11,175,306,0,-82,0
83,12,199,379,0,-161,0
83,13,657,166,0,-126,0
83,14,424,66,0,-119,0
83,15,690,558,0,-70,0
83,16,184,133,0,-8,0
83,17,555,598,0,-203,0
83,18,665,92,0,47,0
83,19,203,692,0,-178,0
83,21,9,317,0,20,1
83,22,178,738,0,4,1
83,23,542,9,0,-201,1
83,26,243,145,0,-13,1
83,27,25,484,0,-203,1
83,28,357,467,0,-67,1
83,31,135,261,0,-207,1
83,32,119,380,0,-89,1
83,35,530,74,0,-26,1
83,36,358,542,0,-89,1
83,37,717,173,0,-71,1
83,38,544,399,0,-22,1
83,39,486,603,0,-178,1
83,40,741,90,0,-111,1
83,41,423,745,0,53,1
83,42,471,440,0,-170,1
83,43,144,181,0,-141,1
83,44,125,382,0,-160,1
83,45,33,54,0,-199,1
83,46,467,327,0,-69,1
83,47,56,580,0,35,1
83,48,314,25,0,-260,1
83,52,707,578,0,2,1
83,53,336,133,0,-164,1
83,54,579,292,0,-243,1
83,55,611,33,0,-183,1
83,56,103,77,0,-55,1
83,57,422,576,0,37,1
83,58,537,637,0,16,1
83,60,200,170,0,-31,1
83,63,296,734,0,-141,1
83,64,226,548,0,-245,1
83,65,558,647,0,34,1
83,66,511,239,0,-92,1
83,67,43,57,0,-195,1
83,68,92,534,0,-147,1
83,69,318,476,0,-99,1
83,70,324,126,0,-146,1
83,71,686,15,0,-140,1
83,72,213,612,0,-227,1
83,73,114,399,0,-154,1
83,74,111,699,0,6,0
83,75,393,325,0,-226,0
84,0,292,333,0,-70,0
84,1,721,278,0,-206,0
84,2,396,358,0,-227,0
84,3,171,144,0,-227,0
84,4,94,701,0,27,0
84,5,20,655,0,70,0
84,6,392,328,0,-214,0
84,7,42,744,0,-209,0
84,8,368,666,0,-260,0
84,9,555,602,0,-148,0
84,10,651,300,0,-118,0
84,11,178,306,0,-82,0
84,12,200,382,0,-161,0
84,13,659,168,0,-126,0
84,14,426,68,0,-119,0
84,15,690,558,0,-70,0
84,16,184,133,0,-8,0
84,17,554,601,0,-203,0
84,18,663,90,0,47,0
84,19,203,695,0,-178,0
84,21,7,315,0,43,1
84,22,178,735,0,4,1
84,23,541,11,0,-201,1
84,26,243,142,0,-15,1
84,27,25,487,0,-187,1
84,28,360,466,0,-67,1
84,31,134,263,0,-207,1
84,32,122,380,0,-89,1
84,35,532,72,0,-42,1
84,36,361,542,0,-89,1
84,37,720,172,0,-71,1
84,38,545,396,0,-22,1
84,39,485,606,0,-201,1
84,40,744,92,0,-115,1
84,41,420,743,0,53,1
84,42,471,443,0,-170,1
84,43,145,184,0,-141,1
84,44,126,384,0,-160,1
84,45,32,57,0,-199,1
84,46,470,326,0,-69,1
84,47,55,578,0,35,1
84,48,311,26,0,-260,1
84,52,707,575,0,2,1
84,53,337,136,0,-164,1
84,54,576,292,0,-268,1
84,55,611,36,0,-183,1
84,56,106,75,0,-55,1
84,57,421,574,0,37,1
84,58,535,635,0,31,1
84,60,202,167,0,-32,1
84,63,298,736,0,-141,1
84,64,223,549,0,-245,1
84,65,556,644,0,34,1
84,66,514,240,0,-92,1
84,67,42,60,0,-195,1
84,68,93,536,0,-139,1
84,69,321,476,0,-99,1
84,70,325,129,0,-146,1
84,71,687,18,0,-164,1
84,72,211,614,0,-227,1
84,73,115,401,0,-154,1
84,74,110,696,0,6,0
84,75,391,327,0,-226,0
85,0,294,332,0,-70,0
85,1,720,281,0,-206,0
85,2,394,360,0,-227,0
85,3,168,146,0,-227,0
85,4,94,698,0,1,0
85,5,17,656,0,-264,0
85,6,390,330,0,-214,0
85,7,41,747,0,-209,0
85,8,366,667,0,-260,0
85,9,556,605,0,-174,0
85,10,653,303,0,-145,0
85,11,181,305,0,-82,0
85,12,201,385,0,-161,0
85,13,662,169,0,-126,0
85,14,429,69,0,-127,0
85,15,690,558,0,-70,0
85,16,184,133,0,-8,0
85,17,553,604,0,-203,0
85,18,661,88,0,47,0
85,19,203,698,0,-178,0
85,21,5,313,0,43,1
85,22,178,732,0,4,1
85,23,540,14,0,-206,1
85,26,244,139,0,-15,1
85,27,25,490,0,-187,1
85,28,363,465,0,-67,1
85,31,133,266,0,-207,1
85,32,125,380,0,-89,1
85,35,534,70,0,-42,1
85,36,364,541,0,-74,1
85,37,723,171,0,-71,1
85,38,546,393,0,-22,1
85,39,484,609,0,-201,1
85,40,747,93,0,-115,1
85,41,418,741,0,53,1
85,42,472,446,0,-170,1
85,43,147,186,0,-141,1
85,44,127,387,0,-160,1
85,45,31,60,0,-199,1
85,46,472,324,0,-51,1
85,47,53,576,0,35,1
85,48,308,26,0,-260,1
85,52,707,572,0,-9,1
85,53,337,138,0,-164,1
85,54,573,293,0,-238,1
85,55,611,39,0,-183,1
85,56,108,73,0,-55,1
85,57,419,571,0,37,1
85,58,534,632,0,31,1
85,60,203,165,0,-32,1
85,63,300,738,0,-141,1
85,64,221,551,0,-245,1
85,65,555,642,0,34,1
85,66,517,240,0,-92,1
85,67,42,63,0,-195,1
85,68,95,539,0,-139,1
85,69,324,476,0,-99,1
85,70,327,131,0,-146,1
85,71,688,21,0,-164,1
85,72,209,616,0,-227,1
85,73,117,404,0,-154,1
85,74,110,693,0,6,0
85,75,388,329,0,-226,0
86,0,297,330,0,-70,0
86,1,720,284,0,-180,0
86,2,391,362,0,-227,0
86,3,166,148,0,-227,0
86,4,94,695,0,3,0
86,5,14,656,0,-264,0
86,6,388,333,0,-214,0
86,7,39,749,0,-229,0
86,8,363,667,0,-260,0
86,9,556,608,0,-174,0
86,10,655,305,0,-145,0
86,11,184,305,0,-86,0
86,12,202,388,0,-161,0
86,13,664,171,0,-126,0
86,14,431,71,0,-127,0
86,15,690,558,0,-70,0
86,16,184,133,0,-8,0
86,17,551,607,0,-203,0
86,18,659,86,0,47,0
86,19,203,701,0,-178,0
86,21,3,310,0,43,1
86,22,177,729,0,4,1
86,23,538,16,0,-225,1
86,26,245,136,0,-15,1
86,27,24,493,0,-187,1
86,28,366,464,0,-67,1
86,31,131,269,0,-207,1
86,32,128,380,0,-89,1
86,35,536,68,0,-42,1
86,36,367,541,0,-85,1
86,37,726,170,0,-78,1
86,38,548,391,0,-43,1
86,39,483,611,0,-201,1
86,40,750,94,0,-115,1
86,41,416,739,0,55,1
86,42,472,449,0,-170,1
86,43,148,189,0,-159,1
86,44,128,390,0,-160,1
86,45,31,63,0,-176,1
86,46,475,322,0,-51,1
86,47,51,573,0,35,1
86,48,305,27,0,-260,1
86,52,708,569,0,-9,1
86,53,338,141,0,-164,1
86,54,571,295,0,-238,1
86,55,611,42,0,-183,1
86,56,111,73,0,-76,1
86,57,417,569,0,37,1
86,58,531,631,0,60,1
86,60,205,162,0,-32,1
86,63,302,741,0,-141,1
86,64,218,552,0,-245,1
86,65,553,639,0,24,1
86,66,520,240,0,-92,1
86,67,41,66,0,-195,1
86,68,97,541,0,-139,1
86,69,327,477,0,-99,1
86,70,329,134,0,-139,1
86,71,688,24,0,-174,1
86,72,206,618,0,-227,1
86,73,118,407,0,-154,1
86,74,110,690,0,6,0
86,75,386,331,0,-226,0
87,0,300,329,0,-70,0
87,1,720,287,0,-183,0
87,2,389,364,0,-227,0
87,3,163,149,0,-243,0
87,4,94,692,0,3,0
87,5,11,656,0,-264,0
87,6,387,335,0,-214,0
87,7,36,751,0,-229,0
87,8,360,668,0,-260,0
87,9,557,611,0,-164,0
87,10,656,308,0,-145,0
87,11,186,303,0,-61,0
87,12,203,391,0,-161,0
87,13,667,173,0,-126,0
87,14,433,73,0,-127,0
87,15,690,558,0,-70,0
87,16,184,133,0,-8,0
87,17,550,610,0,-203,0
87,18,657,84,0,47,0
87,19,203,704,0,-178,0
87,21,1,308,0,43,1
87,22,177,726,0,4,1
87,23,535,17,0,-249,1
87,26,246,133,0,-15,1
87,27,24,496,0,-187,1
87,28,368,463,0,-67,1
87,31,130,271,0,-207,1
87,32,131,379,0,-89,1
87,35,538,66,0,-52,1
87,36,370,542,0,-107,1
87,37,729,171,0,-105,1
87,38,550,389,0,-40,1
87,39,483,614,0,-178,1
87,40,752,95,0,-115,1
87,41,413,738,0,55,1
87,42,473,452,0,-170,1
87,43,149,192,0,-159,1
87,44,130,392,0,-145,1
87,45,32,66,0,-176,1
87,46,477,321,0,-63,1
87,47,49,571,0,35,1
87,48,302,27,0,-260,1
87,52,708,566,0,-9,1
87,53,339,144,0,-164,1
87,54,569,297,0,-226,1
87,55,611,45,0,-183,1
87,56,114,72,0,-76,1
87,57,417,566,0,9,1
87,58,529,629,0,60,1
87,60,207,160,0,-48,1
87,63,304,742,0,-125,1
87,64,215,552,0,-261,1
87,65,552,636,0,24,1
87,66,523,240,0,-92,1
87,67,40,69,0,-195,1
87,68,99,544,0,-153,1
87,69,330,477,0,-99,1
87,70,331,136,0,-139,1
87,71,689,27,0,-164,1
87,72,204,620,0,-227,1
87,73,119,409,0,-154,1
87,74,110,687,0,-5,0
87,75,384,333,0,-226,0
88,0,303,328,0,-63,0
88,1,720,290,0,-172,0
88,2,387,366,0,-227,0
88,3,161,151,0,-243,0
88,4,94,689,0,3,0
88,5,8,657,0,-260,0
88,6,385,338,0,-214,0
88,7,34,2,0,-229,0
88,8,357,668,0,-259,0
88,9,558,614,0,-164,0
88,10,658,310,0,-145,0
88,11,189,302,0,-61,0
88,12,203,393,0,-169,0
88,13,669,175,0,-126,0
88,14,436,75,0,-127,0
88,15,690,558,0,-70,0
88,16,184,133,0,-8,0
88,17,549,612,0,-200,0
88,18,655,82,0,47,0
88,19,203,707,0,-178,0
88,21,-2,306,0,43,1
88,22,177,723,0,4,1
88,23,532,18,0,-249,1
88,26,246,130,0,-15,1
88,27,24,499,0,-187,1
88,28,371,461,0,-67,1
88,31,129,274,0,-207,1
88,32,134,379,0,-89,1
88,35,541,64,0,-52,1
88,36,372,542,0,-107,1
88,37,732,172,0,-105,1
88,38,552,386,0,-40,1
88,39,483,617,0,-178,1
88,40,3,96,0,-111,1
88,41,411,736,0,55,1
88,42,473,455,0,-170,1
88,43,151,194,0,-150,1
88,44,132,395,0,-145,1
88,45,32,69,0,-176,1
88,46,480,320,0,-63,1
88,47,48,568,0,35,1
88,48,300,28,0,-260,1
88,52,709,563,0,-9,1
88,53,338,147,0,-192,1
88,54,566,298,0,-241,1
88,55,611,48,0,-183,1
88,56,117,71,0,-76,1
88,57,416,563,0,9,1
88,58,526,627,0,51,1
88,60,209,158,0,-48,1
88,63,306,744,0,-125,1
88,64,212,553,0,-261,1
88,65,551,633,0,24,1
88,66,526,241,0,-101,1
88,67,39,72,0,-199,1
88,68,100,546,0,-153,1
88,69,333,478,0,-99,1
88,70,333,138,0,-139,1
88,71,690,30,0,-164,1
88,72,202,622,0,-227,1
88,73,121,412,0,-154,1
88,74,110,684,0,-5,0
88,75,381,334,0,-253,0
89,0,305,327,0,-63,0
89,1,721,293,0,-172,0
89,2,385,368,0,-227,0
89,3,158,152,0,-243,0
89,4,94,686,0,3,0
89,5,5,657,0,-260,0
89,6,384,341,0,-198,0
89,7,32,4,0,-229,0
89,8,354,669,0,-259,0
89,9,559,617,0,-164,0
89,10,661,312,0,-123,0
89,11,191,301,0,-61,0
89,12,204,396,0,-169,0
89,13,671,177,0,-134,0
89,14,437,78,0,-157,0
89,15,690,558,0,-70,0
89,16,184,133,0,-8,0
89,17,548,615,0,-200,0
89,18,652,80,0,47,0
89,19,203,710,0,-178,0
89,21,748,304,0,43,1
89,22,177,720,0,4,1
89,23,529,19,0,-249,1
89,26,247,127,0,-15,1
89,27,23,502,0,-187,1
89,28,374,460,0,-67,1
89,31,127,277,0,-207,1
89,32,137,379,0,-89,1
89,35,543,62,0,-52,1
89,36,375,543,0,-107,1
89,37,735,173,0,-105,1
89,38,554,384,0,-40,1
89,39,484,620,0,-178,1
89,40,6,97,0,-106,1
89,41,408,735,0,72,1
89,42,474,458,0,-170,1
89,43,152,197,0,-150,1
89,44,134,397,0,-145,1
89,45,32,72,0,-176,1
89,46,483,318,0,-63,1
89,47,46,566,0,35,1
89,48,297,28,0,-260,1
89,52,709,560,0,-9,1
89,53,338,150,0,-192,1
89,54,563,300,0,-241,1
89,55,610,51,0,-183,1
89,56,120,70,0,-76,1
89,57,416,560,0,9,1
89,58,524,625,0,51,1
89,60,211,156,0,-48,1
89,63,309,746,0,-125,1
89,64,209,553,0,-261,1
89,65,549,631,0,46,1
89,66,529,241,0,-101,1
89,67,38,74,0,-207,1
89,68,101,549,0,-153,1
89,69,336,478,0,-99,1
89,70,336,139,0,-113,1
89,71,691,32,0,-164,1
89,72,201,625,0,-198,1
89,73,122,415,0,-154,1
89,74,111,681,0,-5,0
89,75,378,335,0,-253,0
89,76,120,70,0,-76,1
90,0,308,325,0,-63,0
90,1,721,296,0,-172,0
90,2,383,370,0,-227,0
90,3,155,153,0,-243,0
90,4,95,683,0,-20,0
90,5,2,657,0,89,0
90,6,383,343,0,-198,0
90,7,29,6,0,-229,0
90,8,351,670,0,-259,0
90,9,560,619,0,-157,0
90,10,663,313,0,-123,0
90,11,194,299,0,-61,0
90,12,204,399,0,-180,0
90,13,673,179,0,-134,0
90,14,438,80,0,-157,0
90,15,690,558,0,-70,0
90,16,184,133,0,-8,0
90,17,547,618,0,-204,0
90,18,650,78,0,47,0
90,19,203,713,0,-178,0
90,21,746,302,0,43,1
90,22,177,717,0,4,1
90,23,527,20,0,-249,1
90,26,249,125,0,-32,1
90,27,23,505,0,-187,1
90,28,377,459,0,-67,1
90,31,126,279,0,-207,1
90,32,140,378,0,-69,1
90,35,546,60,0,-52,1
90,36,378,544,0,-107,1
90,37,737,173,0,-105,1
90,38,556,382,0,-40,1
90,39,484,623,0,-178,1
90,40,9,98,0,-106,1
90,41,405,734,0,71,1
90,42,474,461,0,-170,1
90,43,154,199,0,-150,1
90,44,136,399,0,-123,1
90,45,32,75,0,-176,1
90,46,485,317,0,-63,1
90,47,44,563,0,35,1
90,48,294,29,0,-260,1
90,52,710,557,0,-9,1
90,53,338,153,0,-170,1
90,54,561,301,0,-241,1
90,55,610,54,0,-183,1
90,56,123,69,0,-68,1
90,57,415,557,0,9,1
90,58,522,624,0,51,1
90,60,214,155,0,-75,1
90,63,311,748,0,-125,1
90,64,206,554,0,-261,1
90,65,547,629,0,46,1
90,66,532,242,0,-101,1
90,67,36,77,0,-207,1
90,68,103,552,0,-153,1
90,69,339,479,0,-99,1
90,70,339,140,0,-113,1
90,71,691,35,0,-164,1
90,72,200,628,0,-198,1
90,73,123,418,0,-154,1
90,74,111,678,0,-8,0
90,75,376,337,0,-228,0
90,76,123,70,0,-76,1
91,0,311,324,0,-63,0
91,1,722,299,0,-172,0
91,2,380,372,0,-227,0
91,3,153,154,0,-257,0
91,4,96,680,0,-20,0
91,5,0,656,0,64,0
91,6,382,346,0,-198,0
91,7,27,8,0,-229,0
91,8,348,670,0,-259,0
91,9,561,622,0,-157,0
91,10,666,315,0,-123,0
91,11,197,298,0,-61,0
91,12,204,402,0,-180,0
91,13,676,181,0,-134,0
91,14,439,83,0,-157,0
91,15,690,558,0,-70,0
91,16,184,133,0,-8,0
91,17,546,621,0,-204,0
91,18,648,76,0,47,0
91,19,203,716,0,-178,0
91,21,744,299,0,43,1
91,22,176,714,0,4,1
91,23,524,22,0,-249,1
91,26,250,122,0,-32,1
91,27,23,508,0,-171,1
91,28,379,458,0,-67,1
91,31,124,282,0,-207,1
91,32,143,377,0,-69,1
91,35,548,58,0,-52,1
91,36,381,545,0,-107,1
91,37,740,174,0,-105,1
91,38,558,379,0,-40,1
91,39,484,626,0,-178,1
91,40,11,99,0,-106,1
91,41,402,733,0,71,1
91,42,474,464,0,-177,1
91,43,156,202,0,-150,1
91,44,139,401,0,-123,1
91,45,33,78,0,-176,1
91,46,488,316,0,-63,1
91,47,43,561,0,35,1
91,48,291,29,0,-260,1
91,52,710,554,0,-9,1
91,53,339,156,0,-170,1
91,54,558,303,0,-241,1
91,55,610,57,0,-183,1
91,56,125,68,0,-68,1
91,57,414,554,0,19,1
91,58,519,622,0,51,1
91,60,217,155,0,-75,1
91,63,314,749,0,-125,1
91,64,203,554,0,-261,1
91,66,535,242,0,-101,1
91,67,35,80,0,-207,1
91,68,103,555,0,-168,1
91,69,342,480,0,-105,1
91,70,341,142,0,-126,1
91,71,692,38,0,-164,1
91,72,200,631,0,-186,1
91,73,124,420,0,-154,1
91,74,112,675,0,-8,0
91,75,374,339,0,-228,0
91,76,126,69,0,-76,1
92,0,313,323,0,-63,0
92,1,722,302,0,-172,0
92,2,378,374,0,-227,0
92,3,150,156,0,-229,0
92,4,97,678,0,-20,0
92,5,747,655,0,64,0
92,6,381,349,0,-198,0
92,7,25,10,0,-229,0
92,8,345,671,0,-259,0
92,9,562,625,0,-157,0
92,10,668,317,0,-123,0
92,11,199,296,0,-61,0
92,12,204,405,0,-180,0
92,13,677,184,0,-156,0
92,14,441,85,0,-136,0
92,15,690,558,0,-70,0
92,16,184,133,0,-8,0
92,17,544,623,0,-204,0
92,18,646,74,0,47,0
92,19,203,719,0,-178,0
92,21,742,297,0,43,1
92,22,177,711,0,-11,1
92,23,521,23,0,-249,1
92,26,252,120,0,-32,1
92,27,24,511,0,-171,1
92,28,382,456,0,-59,1
92,31,123,284,0,-217,1
92,32,145,376,0,-66,1
92,35,550,57,0,-52,1
92,36,384,546,0,-98,1
92,37,743,176,0,-126,1
92,38,560,377,0,-40,1
92,39,484,629,0,-178,1
92,40,14,100,0,-106,1
92,41,399,732,0,71,1
92,42,475,467,0,-177,1
92,43,157,204,0,-150,1
92,44,141,402,0,-123,1
92,45,33,81,0,-176,1
92,46,491,314,0,-63,1
92,47,41,558,0,35,1
92,48,288,29,0,-267,1
92,52,712,551,0,-30,1
92,53,339,159,0,-170,1
92,54,555,304,0,-241,1
92,55,610,60,0,-183,1
92,56,128,67,0,-68,1
92,57,413,551,0,19,1
92,58,517,620,0,51,1
92,60,220,154,0,-75,1
92,63,316,751,0,-125,1
92,64,200,555,0,-261,1
92,66,538,242,0,-80,1
92,67,34,82,0,-207,1
92,68,104,558,0,-168,1
92,69,344,480,0,-105,1
92,70,343,144,0,-126,1
92,71,693,41,0,-164,1
92,72,200,634,0,-186,1
92,73,126,423,0,-154,1
92,74,112,672,0,-8,0
92,75,373,342,0,-206,0
92,76,129,68,0,-76,1
93,0,316,321,0,-63,0
93,1,722,305,0,-181,0
93,2,377,377,0,-201,0
93,3,148,158,0,-229,0
93,4,98,675,0,-20,0
93,5,745,653,0,64,0
93,6,380,352,0,-198,0
93,7,22,11,0,-238,0
93,8,342,671,0,-259,0
93,9,563,628,0,-157,0
93,10,671,318,0,-123,0
93,11,202,295,0,-61,0
93,12,204,408,0,-185,0
93,13,678,186,0,-156,0
93,14,443,88,0,-156,0
93,15,690,558,0,-70,0
93,16,184,133,0,-8,0
93,17,543,626,0,-204,0
93,18,644,71,0,47,0
93,19,203,722,0,-178,0
93,21,740,295,0,43,1
93,22,178,708,0,-17,1
93,23,518,24,0,-249,1
93,26,253,117,0,-32,1
93,27,24,514,0,-171,1
93,28,385,455,0,-59,1
93,31,121,287,0,-220,1
93,32,148,376,0,-91,1
93,35,553,55,0,-52,1
93,36,387,545,0,-79,1
93,37,745,178,0,-126,1
93,38,562,375,0,-40,1
93,39,483,632,0,-200,1
93,40,17,100,0,-107,1
93,41,396,732,0,-270,1
93,42,475,470,0,-177,1
93,43,159,207,0,-150,1
93,44,144,404,0,-123,1
93,45,33,84,0,-176,1
93,46,493,313,0,-63,1
93,47,39,556,0,35,1
93,48,285,29,0,80,1
93,52,713,549,0,-30,1
93,53,340,162,0,-170,1
93,54,552,304,0,-270,1
93,55,610,63,0,-183,1
93,56,131,66,0,-68,1
93,57,412,549,0,19,1
93,58,515,618,0,51,1
93,60,223,154,0,-102,1
93,63,319,2,0,-125,1
93,64,197,555,0,-261,1
93,66,541,241,0,-80,1
93,67,32,85,0,-207,1
93,68,105,561,0,-168,1
93,69,347,481,0,-105,1
93,70,346,146,0,-126,1
93,71,694,44,0,-164,1
93,72,199,637,0,-186,1
93,73,127,426,0,-154,1
93,74,112,669,0,-8,0
93,75,371,344,0,-206,0
93,76,131,67,0,-76,1
94,0,319,320,0,-63,0
94,1,722,308,0,-181,0
94,2,375,379,0,-224,0
94,3,146,160,0,-229,0
94,4,99,672,0,-20,0
94,5,742,652,0,54,0
94,6,379,355,0,-198,0
94,7,20,13,0,-238,0
94,8,339,672,0,-259,0
94,9,564,630,0,-157,0
94,10,673,320,0,-123,0
94,11,205,293,0,-61,0
94,12,203,411,0,-185,0
94,13,679,189,0,-156,0
94,14,444,91,0,-156,0
94,15,690,558,0,-70,0
94,16,184,133,0,-8,0
94,17,542,629,0,-204,0
94,18,641,69,0,47,0
94,19,204,725,0,-178,0
94,21,738,293,0,43,1
94,22,179,705,0,-17,1
94,23,515,25,0,-249,1
94,26,255,115,0,-32,1
94,27,25,517,0,-171,1
94,28,387,453,0,-59,1
94,31,119,289,0,-220,1
94,32,151,376,0,-94,1
94,35,555,53,0,-52,1
94,36,390,544,0,-66,1
94,37,748,179,0,-126,1
94,38,564,373,0,-40,1
94,39,482,635,0,-200,1
94,40,20,101,0,-107,1
94,41,393,732,0,-270,1
94,42,475,473,0,-177,1
94,43,160,210,0,-150,1
94,44,146,406,0,-123,1
94,45,33,87,0,-176,1
94,46,496,312,0,-63,1
94,47,38,553,0,35,1
94,48,282,28,0,80,1
94,52,714,546,0,-30,1
94,53,340,165,0,-170,1
94,54,549,304,0,-270,1
94,55,610,66,0,-183,1
94,56,133,64,0,-53,1
94,57,411,546,0,19,1
94,58,512,616,0,51,1
94,60,226,155,0,-102,1
94,63,321,3,0,-125,1
94,64,194,556,0,-261,1
94,66,544,241,0,-80,1
94,67,31,88,0,-207,1
94,68,105,563,0,-168,1
94,69,350,482,0,-98,1
94,70,348,147,0,-126,1
94,71,695,47,0,-164,1
94,72,199,640,0,-186,1
94,73,130,427,0,-127,1
94,74,113,667,0,-8,0
94,75,370,347,0,-206,0
94,76,134,67,0,-76,1
95,0,322,319,0,-63,0
95,1,722,311,0,-181,0
95,2,373,381,0,-224,0
95,3,144,162,0,-229,0
95,4,100,669,0,-20,0
95,5,740,650,0,54,0
95,6,379,358,0,-198,0
95,7,17,15,0,-238,0
95,8,336,672,0,-265,0
95,9,566,633,0,-157,0
95,10,676,322,0,-123,0
95,11,207,292,0,-61,0
95,12,205,414,0,-157,0
95,13,680,192,0,-156,0
95,14,445,93,0,-156,0
95,15,690,558,0,-70,0
95,16,184,133,0,-8,0
95,17,541,632,0,-204,0
95,18,640,67,0,40,0
95,19,204,728,0,-178,0
95,21,736,291,0,43,1
95,22,180,703,0,-17,1
95,23,513,26,0,-249,1
95,26,257,112,0,-37,1
95,27,24,519,0,-198,1
95,28,390,453,0,-76,1
95,31,117,291,0,-220,1
95,32,154,376,0,-94,1
95,35,557,51,0,-52,1
95,36,392,543,0,-66,1
95,37,750,181,0,-126,1
95,38,566,370,0,-40,1
95,39,481,638,0,-200,1
95,40,23,101,0,-83,1
95,41,390,732,0,-270,1
95,42,475,476,0,-177,1
95,43,162,212,0,-150,1
95,44,149,407,0,-123,1
95,45,34,90,0,-176,1
95,46,499,310,0,-63,1
95,47,36,551,0,35,1
95,48,279,27,0,69,1
95,52,716,543,0,-30,1
95,53,341,168,0,-170,1
95,54,546,304,0,-270,1
95,55,609,69,0,-183,1
95,56,136,63,0,-60,1
95,57,410,543,0,29,1
95,58,510,614,0,58,1
95,60,229,156,0,-102,1
95,63,324,4,0,-103,1
95,64,191,556,0,-261,1
95,66,547,240,0,-80,1
95,67,29,90,0,-207,1
95,68,106,566,0,-168,1
95,69,353,482,0,-98,1
95,70,350,150,0,-139,1
95,71,697,49,0,-144,1
95,72,199,643,0,-186,1
95,73,132,429,0,-125,1
95,74,113,664,0,-8,0
95,75,369,350,0,-206,0
95,76,137,66,0,-76,1
96,0,324,317,0,-63,0
96,1,723,314,0,-163,0
96,2,371,383,0,-224,0
96,3,141,164,0,-229,0
96,4,101,666,0,-20,0
96,5,737,648,0,54,0
96,6,378,361,0,-198,0
96,7,15,16,0,-238,0
96,8,333,672,0,-265,0
96,9,567,636,0,-157,0
96,10,678,324,0,-132,0
96,11,210,290,0,-61,0
96,12,205,417,0,-172,0
96,13,682,195,0,-156,0
96,14,446,96,0,-156,0
96,15,690,558,0,-70,0
96,16,184,133,0,-8,0
96,17,540,634,0,-204,0
96,18,638,65,0,40,0
96,19,204,731,0,-178,0
96,21,734,288,0,43,1
96,22,180,700,0,-17,1
96,23,510,26,0,-263,1
96,26,259,110,0,-37,1
96,27,23,522,0,-198,1
96,28,393,452,0,-76,1
96,31,115,293,0,-221,1
96,32,157,377,0,-94,1
96,35,560,50,0,-76,1
96,36,395,541,0,-50,1
96,37,2,183,0,-132,1
96,38,568,368,0,-40,1
96,39,480,641,0,-200,1
96,40,26,101,0,-83,1
96,41,387,732,0,-270,1
96,42,475,479,0,-177,1
96,43,163,215,0,-150,1
96,44,151,409,0,-129,1
96,45,35,92,0,-153,1
96,46,502,310,0,-86,1
96,47,34,548,0,35,1
96,48,276,26,0,69,1
96,52,717,541,0,-30,1
96,53,341,171,0,-170,1
96,54,543,304,0,-270,1
96,55,609,72,0,-183,1
96,56,138,60,0,-39,1
96,57,408,540,0,29,1
96,58,508,612,0,33,1
96,60,232,156,0,-102,1
96,63,327,5,0,-103,1
96,64,188,556,0,-261,1
96,66,550,240,0,-80,1
96,67,28,93,0,-212,1
96,68,106,569,0,-168,1
96,69,356,482,0,-98,1
96,70,353,151,0,-111,1
96,71,698,52,0,-144,1
96,72,198,646,0,-186,1
96,73,134,431,0,-125,1
96,74,114,661,0,-22,0
96,75,368,353,0,-191,0
96,76,140,65,0,-76,1
97,0,327,316,0,-67,0
97,1,723,317,0,-175,0
97,2,369,386,0,-224,0
97,3,139,166,0,-229,0
97,4,102,664,0,-20,0
97,5,734,647,0,74,0
97,6,377,363,0,-198,0
97,7,12,18,0,-238,0
97,8,330,673,0,-265,0
97,9,569,638,0,-129,0
97,10,680,326,0,-132,0
97,11,212,289,0,-61,0
97,12,205,420,0,-172,0
97,13,683,197,0,-156,0
97,14,448,99,0,-156,0
97,15,690,558,0,-70,0
97,16,184,133,0,-8,0
97,17,538,637,0,-204,0
97,18,636,63,0,40,0
97,19,204,734,0,-178,0
97,21,732,286,0,43,1
97,22,180,697,0,10,1
97,23,507,26,0,-263,1
97,26,260,107,0,-37,1
97,27,22,525,0,-198,1
97,28,396,451,0,-79,1
97,31,114,296,0,-200,1
97,32,160,377,0,-94,1
97,35,563,50,0,-76,1
97,36,397,539,0,-50,1
97,37,4,186,0,-145,1
97,38,569,366,0,-40,1
97,39,479,643,0,-200,1
97,40,29,100,0,-83,1
97,41,384,732,0,-270,1
97,42,474,482,0,-196,1
97,43,165,217,0,-150,1
97,44,153,411,0,-129,1
97,45,36,95,0,-153,1
97,46,504,309,0,-67,1
97,47,32,546,0,36,1
97,48,273,25,0,69,1
97,52,718,538,0,-19,1
97,53,342,174,0,-170,1
97,54,540,304,0,-270,1
97,55,609,75,0,-183,1
97,56,140,58,0,-39,1
97,57,406,538,0,42,1
97,58,506,609,0,33,1
97,60,235,155,0,-75,1
97,63,330,6,0,-103,1
97,64,185,556,0,87,1
97,66,553,239,0,-68,1
97,67,26,95,0,-212,1
97,68,107,572,0,-168,1
97,69,359,483,0,-98,1
97,70,356,152,0,-111,1
97,71,700,54,0,-144,1
97,72,198,649,0,-186,1
97,73,136,433,0,-149,1
97,74,116,658,0,-22,0
97,75,368,355,0,-191,0
97,76,143,64,0,-76,1
98,0,330,315,0,-67,0
98,1,723,320,0,-183,0
98,2,367,388,0,-224,0
98,3,137,168,0,-229,0
98,4,103,661,0,-20,0
98,5,732,646,0,74,0
98,6,376,366,0,-191,0
98,7,10,19,0,-238,0
98,8,327,673,0,-265,0
98,9,571,640,0,-129,0
98,10,682,328,0,-132,0
98,11,215,287,0,-61,0
98,12,206,423,0,-172,0
98,13,684,200,0,-156,0
98,14,449,102,0,-156,0
98,15,690,558,0,-70,0
98,16,184,133,0,-8,0
98,17,537,640,0,-204,0
98,18,634,60,0,40,0
98,19,204,737,0,-178,0
98,21,731,283,0,19,1
98,22,179,694,0,10,1
98,23,504,27,0,-263,1
98,26,263,106,0,-53,1
98,27,21,528,0,-198,1
98,28,399,451,0,-79,1
98,31,114,299,0,-171,1
98,32,163,377,0,-94,1
98,35,566,49,0,-76,1
98,36,399,537,0,-50,1
98,37,6,188,0,-145,1
98,38,571,363,0,-40,1
98,39,478,646,0,-195,1
98,40,32,100,0,-83,1
98,41,381,732,0,-270,1
98,42,474,484,0,-196,1
98,43,166,220,0,-150,1
98,44,156,413,0,-129,1
98,45,38,98,0,-153,1
98,46,507,308,0,-67,1
98,47,31,543,0,36,1
98,48,271,24,0,69,1
98,52,720,535,0,-32,1
98,53,343,176,0,-153,1
98,54,537,304,0,-270,1
98,55,609,78,0,-183,1
98,56,142,56,0,-39,1
98,57,404,537,0,64,1
98,58,505,607,0,29,1
98,60,238,155,0,-75,1
98,63,333,6,0,-103,1
98,64,182,556,0,87,1
98,66,555,237,0,-68,1
98,67,25,98,0,-212,1
98,68,108,575,0,-168,1
98,69,362,483,0,-98,1
98,70,359,153,0,-111,1
98,71,702,57,0,-144,1
98,72,197,652,0,-207,1
98,73,138,436,0,-149,1
98,74,117,655,0,-22,0
98,75,367,358,0,-191,0
98,76,146,64,0,-76,1
98,77,31,543,0,36,1
99,0,333,314,0,-67,0
99,1,723,323,0,-183,0
99,2,365,390,0,-224,0
99,3,134,169,0,-251,0
99,4,104,658,0,-20,0
99,5,729,646,0,74,0
99,6,376,369,0,-191,0
99,7,7,21,0,-238,0
99,8,324,673,0,-265,0
99,9,574,642,0,-134,0
99,10,685,330,0,-132,0
99,11,218,286,0,-64,0
99,12,206,426,0,-172,0
99,13,685,203,0,-156,0
99,14,451,104,0,-138,0
99,15,690,558,0,-70,0
99,16,184,133,0,-8,0
99,17,536,643,0,-204,0
99,18,631,59,0,67,0
99,19,204,740,0,-178,0
99,21,730,281,0,19,1
99,22,179,691,0,10,1
99,23,501,27,0,-263,1
99,26,265,104,0,-53,1
99,27,20,531,0,-198,1
99,28,402,450,0,-79,1
99,31,115,302,0,-171,1
99,32,166,377,0,-94,1
99,35,569,48,0,-76,1
99,36,402,535,0,-50,1
99,37,7,190,0,-145,1
99,38,573,361,0,-40,1
99,39,477,649,0,-195,1
99,40,35,99,0,-83,1
99,41,378,732,0,-270,1
99,42,473,487,0,-196,1
99,43,168,223,0,-150,1
99,44,158,415,0,-129,1
99,45,39,100,0,-153,1
99,46,510,307,0,-68,1
99,47,29,541,0,36,1
99,48,268,23,0,69,1
99,52,722,533,0,-32,1
99,53,343,179,0,-183,1
99,54,534,304,0,-268,1
99,55,609,81,0,-183,1
99,56,143,53,0,-33,1
99,57,401,536,0,64,1
99,58,504,604,0,29,1
99,60,241,154,0,-75,1
99,63,336,7,0,-103,1
99,64,179,556,0,87,1
99,66,558,236,0,-68,1
99,67,23,101,0,-212,1
99,68,108,578,0,-168,1
99,69,365,484,0,-98,1
99,70,361,154,0,-111,1
99,71,704,59,0,-144,1
99,72,196,654,0,-199,1
99,73,139,439,0,-149,1
99,74,118,652,0,-22,0
99,75,366,361,0,-191,0
99,76,149,63,0,-76,1
99,77,30,541,0,13,1
100,0,335,313,0,-67,0
100,1,721,325,0,-205,0
100,2,363,392,0,-224,0
100,3,132,171,0,-236,0
100,4,105,655,0,-20,0
100,5,726,645,0,74,0
100,6,376,372,0,-176,0
100,7,4,22,0,-238,0
100,8,321,673,0,-265,0
100,9,576,644,0,-134,0
100,10,687,332,0,-132,0
100,11,220,285,0,-64,0
100,12,207,429,0,-172,0
100,13,686,206,0,-156,0
100,14,453,106,0,-138,0
100,15,690,558,0,-70,0
100,16,184,133,0,-8,0
100,17,535,645,0,-204,0
100,18,628,58,0,67,0
100,19,204,743,0,-181,0
100,21,729,278,0,19,1
100,22,178,688,0,10,1
100,23,498,28,0,-263,1
100,26,268,102,0,-53,1
100,27,19,534,0,-198,1
100,28,405,450,0,-79,1
100,31,115,305,0,-171,1
100,32,169,378,0,-94,1
100,35,572,47,0,-67,1
100,36,404,533,0,-50,1
100,37,9,193,0,-145,1
100,38,575,359,0,-40,1
100,39,476,652,0,-195,1
100,40,38,99,0,-83,1
100,41,375,732,0,-270,1
100,42,471,490,0,-217,1
100,43,169,225,0,-150,1
100,44,160,417,0,-129,1
100,45,40,103,0,-153,1
100,46,513,305,0,-68,1
100,47,27,539,0,36,1
100,48,265,22,0,69,1
100,52,723,530,0,-32,1
100,53,344,182,0,-167,1
100,54,531,305,0,-268,1
100,55,609,84,0,-183,1
100,56,145,51,0,-47,1
100,57,398,534,0,64,1
100,58,502,602,0,29,1
100,60,244,153,0,-75,1
100,63,339,8,0,-103,1
100,64,176,556,0,87,1
100,66,561,235,0,-68,1
100,67,22,103,0,-212,1
100,68,108,581,0,-177,1
100,69,368,484,0,-98,1
100,70,364,156,0,-122,1
100,71,706,61,0,-144,1
100,72,195,657,0,-195,1
100,73,141,441,0,-149,1
100,74,119,650,0,-22,0
100,75,366,364,0,-191,0
100,76,152,62,0,-68,1
100,77,29,538,0,13,1
101,0,338,312,0,-67,0
101,1,720,328,0,-205,0
101,2,360,394,0,-224,0
101,3,129,172,0,-236,0
101,4,106,652,0,-20,0
101,5,723,644,0,84,0
101,6,376,375,0,-176,0
101,7,2,24,0,-238,0
101,8,318,674,0,-265,0
101,9,578,646,0,-134,0
101,10,689,334,0,-132,0
101,11,223,283,0,-64,0
101,12,207,432,0,-172,0
101,13,688,208,0,-156,0
101,14,455,108,0,-138,0
101,15,690,558,0,-70,0
101,16,184,133,0,-8,0
101,17,534,648,0,-204,0
101,18,625,57,0,67,0
101,19,205,746,0,-161,0
101,21,728,275,0,19,1
101,22,179,685,0,-16,1
101,23,495,28,0,-263,1
101,26,270,100,0,-53,1
101,27,19,537,0,-198,1
101,28,408,449,0,-79,1
101,31,117,308,0,-153,1
101,32,172,378,0,-94,1
101,35,575,46,0,-67,1
101,36,406,531,0,-50,1
101,37,11,195,0,-145,1
101,38,577,357,0,-40,1
101,39,474,654,0,-222,1
101,40,41,99,0,-83,1
101,41,372,732,0,-270,1
101,42,469,492,0,-217,1
101,43,171,228,0,-150,1
101,44,163,419,0,-129,1
101,45,42,106,0,-153,1
101,46,516,304,0,-68,1
101,47,25,536,0,36,1
101,48,262,21,0,69,1
101,52,725,528,0,-32,1
101,53,344,185,0,-167,1
101,54,528,305,0,-268,1
101,55,608,87,0,-183,1
101,56,148,49,0,-47,1
101,57,396,533,0,64,1
101,58,501,599,0,29,1
101,60,246,152,0,-75,1
101,63,342,8,0,-103,1
101,64,173,556,0,87,1
101,66,564,234,0,-68,1
101,67,20,106,0,-212,1
101,68,108,584,0,-177,1
101,69,371,484,0,-98,1
101,70,367,157,0,-107,1
101,71,707,64,0,-144,1
101,72,194,660,0,-195,1
101,73,142,444,0,-149,1
101,74,120,647,0,-22,0
101,75,366,367,0,-174,0
101,76,155,61,0,-76,1
101,77,29,535,0,13,1
102,0,340,310,0,-48,0
102,1,719,331,0,-205,0
102,2,358,396,0,-224,0
102,3,127,174,0,-236,0
102,4,107,649,0,-20,0
102,5,720,644,0,84,0
102,6,376,378,0,-176,0
102,7,-1,26,0,-238,0
102,8,315,674,0,-265,0
102,9,580,648,0,-134,0
102,10,691,336,0,-132,0
102,11,226,282,0,-64,0
102,12,208,435,0,-172,0
102,13,689,211,0,-156,0
102,14,457,111,0,-138,0
102,15,690,558,0,-70,0
102,16,184,133,0,-8,0
102,17,532,651,0,-204,0
102,18,623,55,0,48,0
102,19,206,749,0,-161,0
102,21,727,272,0,19,1
102,22,180,682,0,-27,1
102,23,492,28,0,-263,1
102,26,272,98,0,-53,1
102,27,18,539,0,-198,1
102,28,411,448,0,-79,1
102,31,118,310,0,-153,1
102,32,175,378,0,-94,1
102,35,577,45,0,-67,1
102,36,409,529,0,-50,1
102,37,12,198,0,-154,1
102,38,579,354,0,-40,1
102,39,472,657,0,-222,1
102,40,44,98,0,-83,1
102,41,369,732,0,87,1
102,42,467,494,0,-217,1
102,43,171,231,0,-175,1
102,44,165,420,0,-129,1
102,45,43,108,0,-153,1
102,46,518,303,0,-68,1
102,47,25,533,0,8,1
102,48,259,20,0,69,1
102,52,726,525,0,-32,1
102,53,345,188,0,-167,1
102,54,525,305,0,-268,1
102,55,608,90,0,-183,1
102,56,150,47,0,-47,1
102,57,393,532,0,60,1
102,58,499,596,0,29,1
102,60,249,150,0,-47,1
102,63,344,9,0,-103,1
102,64,170,555,0,87,1
102,66,566,232,0,-58,1
102,67,18,108,0,-212,1
102,68,109,587,0,-177,1
102,69,374,485,0,-98,1
102,70,370,157,0,-107,1
102,71,709,66,0,-144,1
102,72,194,663,0,-185,1
102,73,144,446,0,-149,1
102,74,121,644,0,-22,0
102,75,367,370,0,-164,0
102,76,157,60,0,-76,1
102,77,28,532,0,13,1
103,0,343,308,0,-66,0
103,1,718,333,0,-205,0
103,2,356,398,0,-224,0
103,3,124,176,0,-236,0
103,4,109,647,0,-32,0
103,5,717,643,0,67,0
103,6,377,381,0,-166,0
103,7,747,27,0,-238,0
103,8,312,674,0,89,0
103,9,582,650,0,-134,0
103,10,693,338,0,-145,0
103,11,228,281,0,-64,0
103,12,209,438,0,-159,0
103,13,690,214,0,-156,0
103,14,459,113,0,-142,0
103,15,690,558,0,-70,0
103,16,184,133,0,-8,0
103,17,531,654,0,-204,0
103,18,621,53,0,48,0
103,19,207,751,0,-161,0
103,21,726,269,0,19,1
103,22,182,680,0,-27,1
103,23,489,29,0,-263,1
103,26,274,96,0,-28,1
103,27,17,542,0,-198,1
103,28,414,448,0,-77,1
103,31,119,313,0,-153,1
103,32,178,378,0,-94,1
103,35,580,43,0,-67,1
103,36,411,527,0,-50,1
103,37,13,201,0,-154,1
103,38,582,353,0,-65,1
103,39,470,659,0,-222,1
103,40,47,98,0,-83,1
103,41,367,731,0,63,1
103,42,465,497,0,-217,1
103,43,172,233,0,-151,1
103,44,167,422,0,-129,1
103,45,45,111,0,-153,1
103,46,521,302,0,-68,1
103,47,24,530,0,20,1
103,48,257,19,0,69,1
103,52,727,522,0,-20,1
103,53,346,191,0,-167,1
103,54,522,305,0,-268,1
103,55,608,93,0,-183,1
103,56,153,46,0,-71,1
103,57,390,530,0,60,1
103,58,498,594,0,29,1
103,60,251,148,0,-47,1
103,63,347,10,0,-103,1
103,64,167,555,0,87,1
103,66,569,231,0,-58,1
103,67,17,111,0,-211,1
103,68,109,590,0,-173,1
103,69,377,485,0,-98,1
103,70,373,158,0,-107,1
103,71,711,69,0,-144,1
103,72,194,666,0,-185,1
103,73,145,449,0,-149,1
103,74,122,641,0,-22,0
103,75,368,373,0,-164,0
103,76,160,58,0,-51,1
103,77,28,529,0,5,1
104,0,346,307,0,-66,0
104,1,716,336,0,-205,0
104,2,354,401,0,-224,0
104,3,122,177,0,-236,0
104,4,110,644,0,-32,0
104,5,714,642,0,67,0
104,6,378,384,0,-166,0
104,7,745,29,0,-238,0
104,8,309,674,0,-261,0
104,9,584,652,0,-134,0
104,10,695,341,0,-145,0
104,11,231,279,0,-64,0
104,12,210,441,0,-159,0
104,13,691,217,0,-156,0
104,14,460,116,0,-154,0
104,15,690,558,0,-70,0
104,16,184,133,0,-8,0
104,17,530,656,0,-204,0
104,18,619,51,0,48,0
104,19,208,3,0,-161,0
104,21,725,266,0,19,1
104,22,183,677,0,-27,1
104,23,486,29,0,-263,1
104,26,275,93,0,-28,1
104,27,15,545,0,-203,1
104,28,416,449,0,-107,1
104,31,121,316,0,-156,1
104,32,181,378,0,-94,1
104,35,583,42,0,-67,1
104,36,413,525,0,-50,1
104,37,15,203,0,-154,1
104,38,585,352,0,-65,1
104,39,468,661,0,-228,1
104,40,50,98,0,-83,1
104,41,364,729,0,63,1
104,42,464,499,0,-217,1
104,43,174,236,0,-151,1
104,44,170,424,0,-129,1
104,45,46,114,0,-153,1
104,46,524,301,0,-68,1
104,47,23,527,0,20,1
104,48,254,18,0,69,1
104,52,728,520,0,-20,1
104,53,346,194,0,-167,1
104,54,520,305,0,-260,1
104,55,608,96,0,-180,1
104,56,156,45,0,-71,1
104,57,388,529,0,60,1
104,58,496,591,0,29,1
104,60,253,146,0,-47,1
104,63,350,10,0,-103,1
104,64,164,555,0,87,1
104,66,571,229,0,-58,1
104,67,15,113,0,-211,1
104,68,109,593,0,-173,1
104,69,380,486,0,-98,1
104,70,375,159,0,-107,1
104,71,713,71,0,-144,1
104,72,193,669,0,-185,1
104,73,147,451,0,-149,1
104,74,124,639,0,-22,0
104,75,369,376,0,-164,0
104,76,162,57,0,-51,1
104,77,27,526,0,5,1
105,0,349,306,0,-75,0
105,1,715,339,0,-205,0
105,2,352,403,0,-224,0
105,3,119,179,0,-236,0
105,4,112,642,0,-32,0
105,5,711,642,0,86,0
105,6,378,387,0,-166,0
105,7,742,30,0,-238,0
105,8,306,675,0,-261,0
105,9,587,654,0,-123,0
105,10,696,343,0,-145,0
105,11,234,278,0,-64,0
105,12,211,443,0,-159,0
105,13,692,219,0,-156,0
105,14,461,118,0,-154,0
105,15,690,558,0,-70,0
105,16,184,133,0,-8,0
105,17,529,659,0,-204,0
105,18,617,48,0,25,0
105,19,209,6,0,-161,0
105,21,724,264,0,19,1
105,22,186,675,0,-51,1
105,23,483,29,0,-263,1
105,26,277,90,0,-28,1
105,27,14,548,0,-203,1
105,28,419,449,0,-107,1
105,31,123,318,0,-132,1
105,32,184,379,0,-94,1
105,35,586,41,0,-67,1
105,36,416,525,0,-80,1
105,37,16,206,0,-154,1
105,38,587,350,0,-56,1
105,39,466,663,0,-228,1
105,40,53,97,0,-83,1
105,41,362,727,0,48,1
105,42,462,502,0,-217,1
105,43,175,239,0,-151,1
105,44,172,426,0,-129,1
105,45,47,116,0,-153,1
105,46,527,300,0,-68,1
105,47,22,525,0,20,1
105,48,251,17,0,69,1
105,52,729,517,0,-20,1
105,53,346,197,0,-193,1
105,54,517,306,0,-260,1
105,55,608,99,0,-180,1
105,56,158,44,0,-71,1
105,57,385,527,0,60,1
105,58,495,588,0,29,1
105,60,255,144,0,-47,1
105,63,353,11,0,-105,1
105,64,161,555,0,87,1
105,66,574,228,0,-69,1
105,67,14,116,0,-211,1
105,68,110,596,0,-173,1
105,69,383,486,0,-98,1
105,70,378,159,0,-88,1
105,71,714,73,0,-144,1
105,72,193,672,0,-185,1
105,73,147,454,0,-179,1
105,74,125,636,0,-22,0
105,75,369,379,0,-164,0
105,76,164,55,0,-51,1
105,77,27,523,0,5,1
105,78,483,29,0,-263,1
106,0,352,305,0,-75,0
106,1,714,342,0,-205,0
106,2,350,405,0,-224,0
106,3,117,181,0,-236,0
106,4,113,639,0,-32,0
106,5,708,642,0,-259,0
106,6,379,390,0,-166,0
106,7,740,32,0,-238,0
106,8,303,675,0,-261,0
106,9,589,655,0,-123,0
106,10,698,346,0,-145,0
106,11,237,278,0,-91,0
106,12,212,446,0,-159,0
106,13,694,222,0,-156,0
106,14,463,121,0,-154,0
106,15,690,558,0,-70,0
106,16,184,133,0,-8,0
106,17,528,662,0,-185,0
106,18,616,45,0,25,0
106,19,211,8,0,-145,0
106,21,723,261,0,19,1
106,22,188,673,0,-51,1
106,23,480,30,0,-263,1
106,26,278,88,0,-28,1
106,27,13,550,0,-203,1
106,28,422,450,0,-107,1
106,31,125,320,0,-132,1
106,32,187,379,0,-94,1
106,35,588,40,0,-67,1
106,36,419,524,0,-80,1
106,37,17,209,0,-154,1
106,38,590,348,0,-56,1
106,39,463,664,0,-237,1
106,40,56,97,0,-83,1
106,41,359,727,0,76,1
106,42,461,505,0,-195,1
106,43,177,241,0,-151,1
106,44,174,428,0,-129,1
106,45,49,119,0,-153,1
106,46,529,299,0,-68,1
106,47,21,522,0,20,1
106,48,248,16,0,75,1
106,52,730,514,0,-20,1
106,53,345,200,0,-193,1
106,54,514,306,0,-260,1
106,55,608,102,0,-180,1
106,56,161,43,0,-71,1
106,57,383,525,0,60,1
106,58,493,586,0,29,1
106,60,257,142,0,-47,1
106,63,356,12,0,-105,1
106,64,158,555,0,87,1
106,66,577,227,0,-69,1
106,67,12,119,0,-211,1
106,68,110,599,0,-173,1
106,69,386,486,0,-98,1
106,70,381,159,0,-88,1
106,71,716,76,0,-144,1
106,72,193,675,0,-185,1
106,73,147,457,0,-179,1
106,74,126,633,0,-22,0
106,75,370,382,0,-165,0
106,76,167,53,0,-51,1
106,77,27,520,0,5,1
106,78,480,30,0,-263,1
107,0,354,304,0,-62,0
107,1,713,344,0,-205,0
107,2,348,407,0,-224,0
107,3,114,182,0,-236,0
107,4,115,637,0,-32,0
107,5,705,643,0,-254,0
107,6,380,393,0,-166,0
107,7,737,33,0,-238,0
107,8,300,676,0,-261,0
107,9,592,657,0,-121,0
107,10,700,348,0,-145,0
107,11,240,278,0,-91,0
107,12,214,448,0,-137,0
107,13,695,225,0,-156,0
107,14,464,124,0,-154,0
107,15,690,558,0,-70,0
107,16,184,133,0,-8,0
107,17,528,665,0,-185,0
107,18,615,43,0,25,0
107,19,213,9,0,-116,0
107,21,722,258,0,19,1
107,22,190,671,0,-51,1
107,23,477,31,0,-247,1
107,26,279,85,0,-28,1
107,27,13,553,0,-176,1
107,28,425,451,0,-107,1
107,31,127,322,0,-132,1
107,32,190,379,0,-94,1
107,35,591,39,0,-79,1
107,36,422,524,0,-80,1
107,37,19,212,0,-154,1
107,38,592,347,0,-56,1
107,39,462,667,0,-209,1
107,40,59,96,0,-70,1
107,41,356,726,0,76,1
107,42,460,507,0,-195,1
107,43,178,244,0,-151,1
107,44,177,430,0,-129,1
107,45,51,121,0,-134,1
107,46,532,297,0,-68,1
107,47,20,519,0,20,1
107,48,245,15,0,75,1
107,52,731,511,0,-20,1
107,53,344,203,0,-193,1
107,54,511,306,0,85,1
107,55,608,105,0,-180,1
107,56,164,42,0,-71,1
107,57,380,524,0,57,1
107,58,492,583,0,29,1
107,60,260,140,0,-47,1
107,63,359,13,0,-105,1
107,64,155,556,0,-255,1
107,66,580,226,0,-69,1
107,67,11,121,0,-211,1
107,68,110,602,0,-173,1
107,69,389,487,0,-98,1
107,70,384,159,0,-88,1
107,71,718,79,0,-154,1
107,72,194,678,0,-161,1
107,73,147,460,0,-179,1
107,74,127,630,0,-22,0
107,75,371,385,0,-165,0
107,76,169,51,0,-51,1
107,77,26,517,0,12,1
107,78,477,30,0,-263,1
108,0,357,303,0,-62,0
108,1,711,347,0,-205,0
108,2,346,409,0,-220,0
108,3,112,184,0,-236,0
108,4,116,634,0,-20,0
108,5,703,644,0,-254,0
108,6,381,396,0,-166,0
108,7,735,35,0,-238,0
108,8,297,676,0,-261,0
108,9,595,659,0,-121,0
108,10,702,350,0,-139,0
108,11,243,278,0,-91,0
108,12,216,451,0,-137,0
108,13,696,228,0,-156,0
108,14,465,126,0,-154,0
108,15,690,558,0,-70,0
108,16,184,133,0,-8,0
108,17,528,668,0,-185,0
108,18,612,41,0,55,0
108,19,216,11,0,-116,0
108,21,721,255,0,19,1
108,22,193,669,0,-51,1
108,23,474,32,0,-247,1
108,26,281,82,0,-28,1
108,27,13,556,0,-176,1
108,28,428,452,0,-107,1
108,31,130,324,0,-132,1
108,32,193,379,0,-94,1
108,35,594,39,0,-79,1
108,36,425,523,0,-80,1
108,37,20,214,0,-154,1
108,38,595,345,0,-56,1
108,39,461,670,0,-209,1
108,40,61,95,0,-70,1
108,41,353,727,0,-260,1
108,42,460,510,0,-195,1
108,43,180,247,0,-151,1
108,44,179,432,0,-129,1
108,45,53,123,0,-134,1
108,46,535,296,0,-68,1
108,47,19,516,0,20,1
108,48,242,15,0,78,1
108,52,732,508,0,-20,1
108,53,344,206,0,-193,1
108,54,508,306,0,85,1
108,55,608,108,0,-180,1
108,56,167,41,0,-71,1
108,57,378,522,0,57,1
108,58,491,580,0,29,1
108,60,262,138,0,-47,1
108,63,362,14,0,-105,1
108,64,152,556,0,-255,1
108,66,582,225,0,-69,1
108,67,9,124,0,-211,1
108,68,111,605,0,-173,1
108,69,392,487,0,-98,1
108,70,387,159,0,-88,1
108,71,719,81,0,-154,1
108,72,195,681,0,-161,1
108,73,147,463,0,-179,1
108,74,128,628,0,-32,0
108,75,371,388,0,-172,0
108,76,171,49,0,-51,1
108,77,25,514,0,27,1
108,78,474,30,0,-263,1
109,0,359,301,0,-62,0
109,1,710,350,0,-205,0
109,2,344,412,0,-220,0
109,3,109,186,0,-236,0
109,4,118,632,0,-46,0
109,5,700,645,0,-247,0
109,6,381,399,0,-166,0
109,7,732,37,0,-238,0
109,8,294,677,0,-261,0
109,9,597,660,0,-121,0
109,10,704,353,0,-139,0
109,11,246,278,0,-91,0
109,12,218,453,0,-137,0
109,13,697,230,0,-156,0
109,14,466,129,0,-154,0
109,15,690,558,0,-70,0
109,16,184,133,0,-8,0
109,17,528,671,0,-185,0
109,18,610,39,0,55,0
109,19,219,12,0,-116,0
109,21,720,252,0,19,1
109,22,195,667,0,-51,1
109,23,471,33,0,-247,1
109,26,282,80,0,-28,1
109,27,12,559,0,-201,1
109,28,431,452,0,-98,1
109,31,132,326,0,-132,1
109,32,196,379,0,-94,1
109,35,597,38,0,-79,1
109,36,428,523,0,-80,1
109,37,21,217,0,-154,1
109,38,597,344,0,-67,1
109,39,459,672,0,-210,1
109,40,64,94,0,-70,1
109,41,350,727,0,-260,1
109,42,459,513,0,-195,1
109,43,181,249,0,-151,1
109,44,181,434,0,-129,1
109,45,55,125,0,-134,1
109,46,538,295,0,-68,1
109,47,17,514,0,33,1
109,48,239,14,0,78,1
109,52,734,506,0,-20,1
109,53,343,209,0,-193,1
109,54,505,306,0,85,1
109,55,608,111,0,-180,1
109,56,170,40,0,-71,1
109,57,375,522,0,87,1
109,58,489,578,0,29,1
109,60,263,135,0,-22,1
109,63,365,14,0,-105,1
109,64,150,557,0,-255,1
109,66,585,224,0,-69,1
109,67,8,126,0,-211,1
109,68,111,608,0,-173,1
109,69,395,488,0,-98,1
109,70,390,159,0,-88,1
109,71,721,84,0,-144,1
109,72,196,684,0,-161,1
109,73,147,466,0,-179,1
109,74,130,625,0,-32,0
109,75,372,391,0,-172,0
109,76,174,47,0,-51,1
109,77,24,512,0,27,1
109,78,471,30,0,78,1
110,0,362,299,0,-44,0
110,1,709,352,0,-205,0
110,2,342,414,0,-220,0
110,3,107,188,0,-235,0
110,4,120,630,0,-46,0
110,5,697,646,0,-247,0
110,6,381,402,0,-186,0
110,7,730,38,0,-238,0
110,8,292,678,0,-234,0
110,9,600,661,0,-111,0
110,10,706,355,0,-139,0
110,11,249,278,0,-91,0
110,12,220,455,0,-137,0
110,13,698,233,0,-156,0
110,14,468,132,0,-154,0
110,15,690,558,0,-70,0
110,16,184,133,0,-8,0
110,17,527,674,0,-185,0
110,18,608,37,0,55,0
110,19,221,13,0,-116,0
110,21,720,249,0,-10,1
110,22,197,666,0,-51,1
110,23,469,34,0,-247,1
110,26,284,77,0,-28,1
110,27,11,562,0,-201,1
110,28,434,453,0,-98,1
110,31,134,328,0,-132,1
110,32,199,379,0,-76,1
110,35,600,38,0,-79,1
110,36,431,524,0,-107,1
110,37,23,220,0,-154,1
110,38,600,343,0,-67,1
110,39,458,675,0,-210,1
110,40,67,93,0,-70,1
110,41,347,728,0,-260,1
110,42,458,516,0,-195,1
110,43,182,252,0,-155,1
110,44,184,435,0,-129,1
110,45,57,127,0,-134,1
110,46,541,294,0,-68,1
110,47,16,511,0,33,1
110,48,236,13,0,78,1
110,52,735,503,0,-20,1
110,53,342,212,0,-193,1
110,54,502,307,0,-246,1
110,55,608,114,0,-180,1
110,56,172,38,0,-43,1
110,57,372,522,0,87,1
110,58,488,575,0,29,1
110,60,264,132,0,-22,1
110,63,368,15,0,-105,1
110,64,147,558,0,-255,1
110,66,588,223,0,-69,1
110,67,6,129,0,-211,1
110,68,112,611,0,-173,1
110,69,398,487,0,-72,1
110,70,393,159,0,-88,1
110,71,722,86,0,-144,1
110,72,197,686,0,-161,1
110,73,147,469,0,-179,1
110,74,132,623,0,-32,0
110,75,372,394,0,-172,0
110,76,176,45,0,-51,1
110,77,22,509,0,27,1
110,78,468,29,0,69,1
111,0,364,298,0,-65,0
111,1,708,355,0,-193,0
111,2,340,416,0,-220,0
111,3,104,189,0,-238,0
111,4,123,628,0,-46,0
111,5,694,647,0,-247,0
111,6,381,405,0,-186,0
111,7,727,40,0,-238,0
111,8,289,679,0,-257,0
111,9,603,662,0,-111,0
111,10,707,357,0,-155,0
111,11,252,278,0,-86,0
111,12,223,456,0,-111,0
111,13,698,236,0,-184,0
111,14,470,134,0,-131,0
111,15,690,558,0,-70,0
111,16,184,133,0,-8,0
111,17,527,677,0,-187,0
111,18,605,36,0,55,0
111,19,224,15,0,-116,0
111,21,721,246,0,-10,1
111,22,200,664,0,-51,1
111,23,466,35,0,-247,1
111,26,285,74,0,-28,1
111,27,10,565,0,-201,1
111,28,437,453,0,-98,1
111,31,136,330,0,-132,1
111,32,202,378,0,-76,1
111,35,603,36,0,-64,1
111,36,434,524,0,-107,1
111,37,25,222,0,-133,1
111,38,603,342,0,-67,1
111,39,456,677,0,-210,1
111,40,70,92,0,-67,1
111,41,344,728,0,-260,1
111,42,458,519,0,-188,1
111,43,184,255,0,-155,1
111,44,186,437,0,-129,1
111,45,60,129,0,-134,1
111,46,543,293,0,-68,1
111,47,14,509,0,33,1
111,52,736,500,0,-20,1
111,53,342,214,0,-193,1
111,54,499,308,0,-246,1
111,55,608,117,0,-180,1
111,56,174,36,0,-43,1
111,57,369,521,0,78,1
111,58,486,573,0,29,1
111,60,266,130,0,-32,1
111,63,371,16,0,-105,1
111,64,145,560,0,-225,1
111,66,591,222,0,-69,1
111,67,5,131,0,-211,1
111,68,112,614,0,-173,1
111,69,401,486,0,-72,1
111,70,396,159,0,-88,1
111,71,724,88,0,-144,1
111,72,198,689,0,-161,1
111,73,147,472,0,-179,1
111,74,133,620,0,-32,0
111,75,373,397,0,-172,0
111,76,178,43,0,-51,1
111,77,21,506,0,27,1
111,78,465,28,0,69,1
111,79,721,246,0,-10,1
112,0,367,297,0,-65,0
112,1,707,358,0,-206,0
112,2,339,419,0,-199,0
112,3,102,191,0,-238,0
112,4,125,625,0,-46,0
112,5,692,648,0,-247,0
112,6,380,408,0,-186,0
112,7,725,41,0,-238,0
112,8,286,680,0,-257,0
112,9,606,663,0,-111,0
112,10,708,360,0,-155,0
112,11,255,278,0,-86,0
112,12,225,457,0,-116,0
112,13,698,239,0,-184,0
112,14,472,136,0,-131,0
112,15,690,558,0,-70,0
112,16,184,133,0,-8,0
112,17,527,680,0,-176,0
112,18,603,34,0,55,0
112,19,227,16,0,-116,0
112,21,722,244,0,-29,1
112,22,202,662,0,-51,1
112,23,463,37,0,-247,1
112,26,286,72,0,-28,1
112,27,9,568,0,-201,1
112,28,440,453,0,-86,1
112,31,139,332,0,-132,1
112,32,205,377,0,-76,1
112,35,606,35,0,-64,1
112,36,436,525,0,-110,1
112,37,27,224,0,-133,1
112,38,606,340,0,-67,1
112,39,455,680,0,-210,1
112,40,73,90,0,-67,1
112,41,341,729,0,-260,1
112,42,457,522,0,-198,1
112,43,185,257,0,-155,1
112,44,188,439,0,-129,1
112,45,62,131,0,-126,1
112,46,545,291,0,-42,1
112,47,12,506,0,33,1
112,52,737,497,0,-20,1
112,53,341,217,0,-184,1
112,54,496,309,0,-246,1
112,55,608,120,0,-180,1
112,56,176,34,0,-43,1
112,57,366,521,0,78,1
112,58,485,570,0,29,1
112,60,267,127,0,-32,1
112,63,373,17,0,-105,1
112,64,142,562,0,-225,1
112,66,594,221,0,-69,1
112,67,3,134,0,-206,1
112,68,112,617,0,-173,1
112,69,403,485,0,-72,1
112,70,399,158,0,-88,1
112,71,726,91,0,-144,1
112,72,199,692,0,-161,1
112,73,147,475,0,-179,1
112,74,135,617,0,-32,0
112,75,373,400,0,-172,0
112,76,181,41,0,-51,1
112,77,20,503,0,27,1
112,78,462,26,0,69,1
112,79,720,243,0,15,1
113,0,370,295,0,-65,0
113,1,705,361,0,-206,0
113,2,338,422,0,-199,0
113,3,99,192,0,-238,0
113,4,127,623,0,-46,0
113,5,689,650,0,-247,0
113,6,380,411,0,-186,0
113,7,722,43,0,-238,0
113,8,283,680,0,-257,0
113,9,608,664,0,-111,0
113,10,710,363,0,-155,0
113,11,258,278,0,-86,0
113,12,228,459,0,-116,0
113,13,698,242,0,-184,0
113,14,474,138,0,-131,0
113,15,690,558,0,-70,0
113,16,184,133,0,-8,0
113,17,528,683,0,-164,0
113,18,600,32,0,55,0
113,19,229,17,0,-116,0
113,21,722,241,0,-6,1
113,22,204,660,0,-51,1
113,23,460,38,0,-247,1
113,26,288,69,0,-28,1
113,27,8,571,0,-201,1
113,28,443,453,0,-81,1
113,31,141,334,0,-132,1
113,32,208,376,0,-76,1
113,36,439,526,0,-110,1
113,37,29,226,0,-133,1
113,38,608,339,0,-67,1
113,39,454,683,0,-183,1
113,40,75,89,0,-67,1
113,41,338,729,0,-260,1
113,42,456,525,0,-198,1
113,43,186,260,0,-155,1
113,44,191,441,0,-129,1
113,45,64,133,0,-126,1
113,46,547,288,0,-42,1
113,47,11,504,0,33,1
113,52,738,494,0,-20,1
113,53,341,220,0,-184,1
113,54,494,311,0,-246,1
113,55,608,123,0,-180,1
113,56,178,31,0,-43,1
113,57,363,520,0,78,1
113,58,483,567,0,29,1
113,60,269,125,0,-32,1
113,63,376,17,0,-105,1
113,64,140,564,0,-225,1
113,66,596,219,0,-69,1
113,67,2,137,0,-206,1
113,68,113,620,0,-173,1
113,69,406,484,0,-72,1
113,70,402,158,0,-88,1
113,71,728,93,0,-144,1
113,72,200,695,0,-161,1
113,73,147,478,0,-179,1
113,74,136,615,0,-32,0
113,75,373,403,0,-172,0
113,76,183,40,0,-51,1
113,77,18,501,0,27,1
113,78,460,25,0,69,1
113,79,719,241,0,15,1
114,0,372,293,0,-41,0
114,1,705,364,0,-191,0
114,2,337,425,0,-199,0
114,3,97,194,0,-238,0
114,4,129,621,0,-46,0
114,5,686,651,0,-234,0
114,6,380,414,0,-186,0
114,7,719,45,0,-238,0
114,8,280,681,0,-257,0
114,9,611,665,0,-111,0
114,10,711,366,0,-155,0
114,11,261,278,0,-86,0
114,12,231,460,0,-116,0
114,13,698,245,0,-184,0
114,14,477,140,0,-131,0
114,15,690,558,0,-70,0
114,16,184,133,0,-8,0
114,17,529,686,0,-164,0
114,18,598,30,0,55,0
114,19,232,19,0,-116,0
114,21,723,238,0,-6,1
114,22,207,658,0,-51,1
114,23,458,39,0,-247,1
114,26,289,66,0,-28,1
114,27,7,573,0,-201,1
114,28,446,452,0,-81,1
114,31,143,336,0,-132,1
114,32,211,376,0,-76,1
114,36,442,528,0,-128,1
114,37,31,228,0,-133,1
114,38,611,338,0,-67,1
114,39,454,686,0,-183,1
114,40,78,88,0,-67,1
114,41,335,730,0,-260,1
114,42,455,528,0,-198,1
114,43,186,263,0,-177,1
114,44,193,443,0,-129,1
114,45,67,135,0,-126,1
114,46,549,286,0,-42,1
114,47,9,501,0,33,1
114,52,739,491,0,-20,1
114,53,341,223,0,-184,1
114,54,491,311,0,-258,1
114,55,608,126,0,-180,1
114,56,180,29,0,-43,1
114,57,360,519,0,60,1
114,58,482,565,0,29,1
114,60,269,122,0,-7,1
114,63,379,18,0,-105,1
114,64,138,566,0,-225,1
114,66,599,219,0,-88,1
114,67,1,140,0,-206,1
114,68,113,623,0,-173,1
114,69,409,483,0,-72,1
114,70,405,158,0,-88,1
114,71,730,96,0,-144,1
114,72,201,698,0,-161,1
114,73,147,481,0,-179,1
114,74,138,612,0,-32,0
114,75,374,405,0,-158,0
114,76,185,38,0,-51,1
114,77,17,498,0,27,1
114,78,457,24,0,69,1
114,79,718,238,0,15,1
115,0,374,291,0,-41,0
115,1,705,367,0,-175,0
115,2,336,428,0,-199,0
115,3,94,196,0,-234,0
115,4,131,619,0,-46,0
115,5,684,653,0,-234,0
115,6,380,417,0,-186,0
115,7,716,45,0,-260,0
115,8,277,682,0,-257,0
115,9,614,665,0,-81,0
115,10,712,368,0,-155,0
115,11,264,277,0,-86,0
115,12,234,461,0,-116,0
115,13,699,248,0,-157,0
115,14,479,142,0,-131,0
115,15,690,558,0,-70,0
115,16,184,133,0,-8,0
115,17,530,689,0,-164,0
115,18,595,29,0,55,0
115,19,235,20,0,-116,0
115,21,723,235,0,-6,1
115,22,209,656,0,-51,1
115,23,455,40,0,-247,1
115,26,291,64,0,-28,1
115,27,6,576,0,-201,1
115,28,449,452,0,-81,1
115,31,145,338,0,-132,1
115,32,214,375,0,-76,1
115,36,444,530,0,-128,1
115,37,34,230,0,-133,1
115,38,614,337,0,-67,1
115,39,454,689,0,-183,1
115,40,81,87,0,-67,1
115,41,332,730,0,-260,1
115,42,453,530,0,-226,1
115,43,186,266,0,-177,1
115,44,195,445,0,-129,1
115,45,69,136,0,-126,1
115,46,551,284,0,-30,1
115,47,7,499,0,33,1
115,52,740,489,0,-20,1
115,53,341,226,0,-184,1
115,54,489,313,0,-230,1
115,55,608,129,0,-180,1
115,56,182,27,0,-43,1
115,57,358,517,0,60,1
115,58,481,562,0,29,1
115,60,270,119,0,-7,1
115,63,382,19,0,-105,1
115,64,136,569,0,-225,1
115,66,602,219,0,-88,1
115,67,-1,142,0,-206,1
115,68,113,626,0,-173,1
115,69,412,482,0,-72,1
115,70,408,158,0,-88,1
115,71,731,98,0,-144,1
115,72,202,701,0,-161,1
115,73,147,484,0,-179,1
115,74,138,609,0,-5,0
115,75,376,408,0,-158,0
115,76,188,36,0,-51,1
115,77,15,495,0,27,1
115,78,454,23,0,69,1
115,79,718,235,0,13,1
116,0,376,288,0,-41,0
116,1,705,370,0,-175,0
116,2,335,430,0,-199,0
116,3,93,198,0,-210,0
116,4,134,617,0,-53,0
116,5,681,655,0,-234,0
116,6,379,420,0,-186,0
116,7,714,46,0,-260,0
116,8,274,683,0,-257,0
116,9,617,666,0,-107,0
116,10,713,371,0,-155,0
116,11,267,277,0,-86,0
116,12,236,463,0,-116,0
116,13,699,251,0,-174,0
116,14,481,144,0,-130,0
116,15,690,558,0,-70,0
116,16,184,133,0,-8,0
116,17,531,691,0,-164,0
116,18,594,26,0,37,0
116,19,238,21,0,-116,0
116,21,723,232,0,-6,1
116,22,211,654,0,-51,1
116,23,452,41,0,-247,1
116,26,292,61,0,-28,1
116,27,5,579,0,-201,1
116,28,452,451,0,-81,1
116,31,148,339,0,-113,1
116,32,217,374,0,-76,1
116,36,446,532,0,-128,1
116,37,36,232,0,-133,1
116,38,617,336,0,-67,1
116,39,454,692,0,-183,1
116,40,84,86,0,-67,1
116,41,330,732,0,-241,1
116,42,450,532,0,-226,1
116,43,187,269,0,-177,1
116,44,197,447,0,-138,1
116,45,72,138,0,-125,1
116,46,552,281,0,-30,1
116,47,6,496,0,33,1
116,52,740,486,0,-3,1
116,53,341,229,0,-184,1
116,54,486,315,0,-230,1
116,55,608,132,0,-180,1
116,56,184,25,0,-43,1
116,57,355,516,0,60,1
116,58,479,559,0,29,1
116,60,270,116,0,-18,1
116,63,385,20,0,-105,1
116,64,134,571,0,-225,1
116,66,605,219,0,-88,1
116,67,749,145,0,-206,1
116,68,114,629,0,-173,1
116,69,415,481,0,-72,1
116,70,411,158,0,-88,1
116,71,733,100,0,-144,1
116,72,203,703,0,-161,1
116,73,147,487,0,-179,1
116,74,138,606,0,-5,0
116,75,377,411,0,-158,0
116,76,190,34,0,-51,1
116,77,14,493,0,27,1
116,78,451,22,0,69,1
116,79,717,232,0,13,1
117,0,378,286,0,-41,0
117,1,706,373,0,-175,0
117,2,334,433,0,-199,0
117,3,92,201,0,-184,0
117,4,136,616,0,-53,0
117,5,679,657,0,-234,0
117,6,379,423,0,-186,0
117,7,711,46,0,-260,0
117,8,271,683,0,-258,0
117,9,620,667,0,-107,0
117,10,715,374,0,-155,0
117,11,270,277,0,-86,0
117,12,239,464,0,-116,0
117,13,699,254,0,-174,0
117,14,483,146,0,-144,0
117,15,690,558,0,-70,0
117,16,184,133,0,-8,0
117,17,531,694,0,-164,0
117,18,592,24,0,37,0
117,19,240,22,0,-116,0
117,21,724,229,0,-6,1
117,22,214,654,0,-81,1
117,23,449,42,0,-247,1
117,26,293,59,0,-28,1
117,27,4,582,0,-201,1
117,28,455,451,0,-81,1
117,31,151,340,0,-113,1
117,32,220,373,0,-76,1
117,36,449,534,0,-128,1
117,37,38,234,0,-133,1
117,38,620,335,0,-67,1
117,39,454,695,0,-183,1
117,40,86,84,0,-65,1
117,41,327,733,0,-236,1
117,42,448,534,0,-226,1
117,43,187,272,0,-177,1
117,44,199,449,0,-138,1
117,45,74,140,0,-125,1
117,46,554,278,0,-30,1
117,47,4,494,0,33,1
117,52,740,483,0,-3,1
117,53,340,232,0,-184,1
117,54,484,317,0,-230,1
117,55,608,135,0,-180,1
117,56,186,23,0,-43,1
117,57,352,514,0,60,1
117,58,478,557,0,29,1
117,60,273,114,0,-45,1
117,63,388,21,0,-105,1
117,64,132,573,0,-225,1
117,66,608,219,0,-88,1
117,67,747,148,0,-206,1
117,68,114,632,0,-173,1
117,69,418,480,0,-65,1
117,70,414,158,0,-88,1
117,71,735,103,0,-144,1
117,72,204,706,0,-161,1
117,73,147,490,0,-179,1
117,74,139,603,0,-5,0
117,75,378,414,0,-158,0
117,76,192,32,0,-51,1
117,77,13,490,0,27,1
117,78,448,21,0,69,1
117,79,716,229,0,13,1
118,0,380,284,0,-41,0
118,1,706,376,0,-175,0
118,2,333,436,0,-199,0
118,3,92,204,0,-184,0
118,4,138,614,0,-53,0
118,5,677,658,0,-234,0
118,6,379,426,0,-186,0
118,7,708,47,0,-260,0
118,8,268,684,0,-258,0
118,9,623,668,0,-107,0
118,10,716,377,0,-155,0
118,11,273,277,0,-86,0
118,12,242,465,0,-116,0
118,13,699,257,0,-188,0
118,14,485,149,0,-144,0
118,15,690,558,0,-70,0
118,16,184,133,0,-8,0
118,17,532,697,0,-164,0
118,18,589,22,0,55,0
118,19,243,24,0,-116,0
118,21,724,226,0,-6,1
118,22,217,653,0,-81,1
118,23,447,43,0,-247,1
118,26,295,56,0,-43,1
118,27,2,584,0,-224,1
118,28,458,450,0,-81,1
118,31,154,341,0,-113,1
118,32,222,373,0,-76,1
118,36,452,535,0,-106,1
118,37,41,235,0,-108,1
118,38,622,334,0,-67,1
118,39,454,698,0,-183,1
118,40,89,83,0,-65,1
118,41,325,735,0,-236,1
118,42,446,536,0,-226,1
118,43,187,275,0,-177,1
118,44,201,452,0,-138,1
118,45,77,142,0,-125,1
118,46,555,276,0,-30,1
118,47,3,491,0,33,1
118,52,741,480,0,-10,1
118,53,341,235,0,-177,1
118,54,483,320,0,-200,1
118,55,608,138,0,-180,1
118,56,188,20,0,-43,1
118,57,350,513,0,60,1
118,58,476,554,0,29,1
118,60,275,112,0,-45,1
118,63,391,21,0,-105,1
118,64,129,574,0,-235,1
118,66,611,219,0,-88,1
118,67,746,150,0,-206,1
118,68,115,635,0,-173,1
118,69,421,480,0,-90,1
118,70,417,158,0,-88,1
118,71,737,105,0,-144,1
118,72,204,709,0,-173,1
118,73,148,493,0,-179,1
118,74,139,600,0,-5,0
118,75,380,416,0,-144,0
118,76,195,30,0,-51,1
118,77,11,487,0,27,1
118,78,446,20,0,69,1
118,79,716,226,0,13,1
118,80,11,487,0,27,1
119,0,381,281,0,-32,0
119,1,707,378,0,-147,0
119,2,332,439,0,-199,0
119,3,92,207,0,-188,0
119,4,141,612,0,-53,0
119,5,674,660,0,-234,0
119,6,379,429,0,-177,0
119,7,705,47,0,-260,0
119,8,266,684,0,-258,0
119,9,626,668,0,-107,0
119,10,717,379,0,-158,0
119,11,276,277,0,-86,0
119,12,244,466,0,-114,0
119,13,699,260,0,-188,0
119,14,485,151,0,-172,0
119,15,690,558,0,-70,0
119,16,184,133,0,-8,0
119,17,533,700,0,-164,0
119,18,587,20,0,55,0
119,19,246,25,0,-116,0
119,21,724,223,0,-6,1
119,22,220,653,0,-81,1
119,23,444,45,0,-247,1
119,26,297,54,0,-43,1
119,27,0,586,0,-224,1
119,28,460,451,0,-104,1
119,31,156,342,0,-113,1
119,32,225,372,0,-76,1
119,36,454,536,0,-106,1
119,37,44,236,0,-108,1
119,38,625,332,0,-67,1
119,39,454,701,0,-183,1
119,40,92,82,0,-65,1
119,41,322,737,0,-236,1
119,42,444,538,0,-226,1
119,43,187,278,0,-177,1
119,44,203,454,0,-138,1
119,45,79,143,0,-125,1
119,46,557,273,0,-30,1
119,47,1,489,0,33,1
119,52,741,477,0,-10,1
119,53,341,238,0,-179,1
119,54,482,323,0,-200,1
119,55,608,141,0,-180,1
119,56,190,18,0,-43,1
119,57,347,511,0,67,1
119,58,475,551,0,29,1
119,60,276,109,0,-29,1
119,63,394,22,0,-105,1
119,64,127,576,0,-235,1
119,66,614,219,0,-88,1
119,67,745,153,0,-206,1
119,68,114,638,0,-194,1
119,69,424,480,0,-85,1
119,70,420,159,0,-112,1
119,71,739,108,0,-144,1
119,72,204,712,0,-173,1
119,73,148,496,0,-179,1
119,74,139,597,0,-5,0
119,75,382,418,0,-118,0
119,76,197,28,0,-51,1
119,77,9,486,0,52,1
119,78,443,18,0,46,1
119,79,716,223,0,-10,1
119,80,11,484,0,4,1
120,0,383,279,0,-32,0
120,1,709,381,0,-147,0
120,2,331,442,0,-199,0
120,3,91,210,0,-188,0
120,4,143,610,0,-53,0
120,5,672,662,0,-234,0
120,6,379,432,0,-182,0
120,7,702,48,0,-260,0
120,8,263,685,0,-258,0
120,9,628,669,0,-107,0
120,10,718,382,0,-158,0
120,11,279,277,0,-86,0
120,12,247,467,0,-101,0
120,13,698,263,0,-188,0
120,14,486,154,0,-172,0
120,15,690,558,0,-70,0
120,16,184,133,0,-8,0
120,17,534,703,0,-164,0
120,18,584,19,0,58,0
120,19,248,26,0,-116,0
120,21,725,220,0,-6,1
120,22,223,652,0,-81,1
120,23,441,46,0,-247,1
120,26,300,52,0,-43,1
120,27,748,588,0,-224,1
120,28,463,452,0,-104,1
120,31,159,343,0,-113,1
120,32,228,371,0,-76,1
120,36,457,536,0,-94,1
120,37,47,237,0,-108,1
120,38,628,332,0,-83,1
120,39,454,704,0,-171,1
120,40,95,81,0,-65,1
120,41,320,738,0,-236,1
120,42,442,540,0,-226,1
120,43,187,281,0,-177,1
120,44,205,456,0,-138,1
120,45,81,145,0,-125,1
120,46,558,271,0,-30,1
120,47,-1,487,0,53,1
120,52,742,474,0,-10,1
120,53,341,241,0,-179,1
120,54,481,325,0,-200,1
120,55,608,144,0,-180,1
120,56,192,16,0,-43,1
120,57,344,510,0,67,1
120,58,473,549,0,32,1
120,60,278,107,0,-29,1
120,63,397,23,0,-105,1
120,64,124,578,0,-235,1
120,66,617,219,0,-88,1
120,67,744,156,0,-206,1
120,68,114,641,0,-174,1
120,69,427,479,0,-85,1
120,70,423,160,0,-112,1
120,71,740,110,0,-144,1
120,72,205,715,0,-173,1
120,73,148,499,0,-179,1
120,74,139,594,0,9,0
120,75,385,419,0,-118,0
120,76,199,26,0,-51,1
120,77,6,485,0,72,1
120,78,441,16,0,46,1
120,79,717,220,0,-10,1
120,80,12,481,0,-6,1
120,81,320,738,0,-236,1
121,0,384,276,0,-32,0
121,1,711,383,0,-147,0
121,2,330,445,0,-199,0
121,3,91,213,0,-188,0
121,4,146,608,0,-53,0
121,5,669,664,0,-234,0
121,6,379,435,0,-182,0
121,7,699,47,0,84,0
121,8,260,687,0,-229,0
121,9,631,670,0,-107,0
121,10,719,385,0,-158,0
121,11,282,276,0,-86,0
121,12,250,467,0,-101,0
121,13,698,266,0,-188,0
121,14,485,157,0,-185,0
121,15,690,558,0,-70,0
121,16,184,133,0,-8,0
121,17,535,706,0,-164,0
121,18,582,17,0,58,0
121,19,251,28,0,-116,0
121,21,726,217,0,-26,1
121,22,226,653,0,-94,1
121,23,439,48,0,-234,1
121,26,302,51,0,-66,1
121,27,746,590,0,-224,1
121,28,466,452,0,-104,1
121,31,162,345,0,-113,1
121,32,231,370,0,-76,1
121,36,460,536,0,-94,1
121,37,50,238,0,-108,1
121,38,631,332,0,-83,1
121,39,455,707,0,-153,1
121,40,97,79,0,-65,1
121,41,317,740,0,-236,1
121,42,441,543,0,-199,1
121,43,189,284,0,-150,1
121,44,207,458,0,-138,1
121,45,84,147,0,-125,1
121,46,560,268,0,-30,1
121,47,748,485,0,53,1
121,52,741,471,0,17,1
121,53,341,244,0,-179,1
121,54,480,328,0,-200,1
121,55,608,147,0,-180,1
121,56,194,14,0,-43,1
121,57,341,509,0,67,1
121,58,472,546,0,32,1
121,60,279,104,0,-29,1
121,63,399,25,0,-125,1
121,64,122,580,0,-235,1
121,66,620,218,0,-69,1
121,67,742,158,0,-206,1
121,68,114,644,0,-174,1
121,69,430,479,0,-85,1
121,70,426,161,0,-112,1
121,71,742,113,0,-144,1
121,72,205,718,0,-173,1
121,73,148,502,0,-169,1
121,74,138,591,0,9,0
121,75,387,420,0,-118,0
121,76,202,24,0,-51,1
121,77,3,485,0,-265,1
121,78,439,14,0,46,1
121,79,718,217,0,-18,1
121,80,12,478,0,-6,1
121,81,317,740,0,-236,1
122,0,386,274,0,-41,0
122,1,711,386,0,-173,0
122,2,329,447,0,-199,0
122,3,91,216,0,-188,0
122,4,148,607,0,-53,0
122,5,667,665,0,-234,0
122,6,378,438,0,-182,0
122,7,696,47,0,84,0
122,8,258,689,0,-229,0
122,9,634,671,0,-107,0
122,10,720,388,0,-158,0
122,11,285,276,0,-86,0
122,12,253,468,0,-101,0
122,13,697,268,0,-197,0
122,14,485,160,0,-185,0
122,15,690,558,0,-70,0
122,16,184,133,0,-8,0
122,17,536,708,0,-146,0
122,18,579,16,0,58,0
122,19,254,29,0,-116,0
122,21,727,214,0,-26,1
122,22,229,653,0,-94,1
122,23,436,49,0,-234,1
122,26,305,50,0,-66,1
122,27,744,592,0,-224,1
122,28,469,453,0,-104,1
122,31,165,346,0,-113,1
122,32,234,370,0,-76,1
122,36,463,536,0,-94,1
122,37,52,238,0,-108,1
122,38,633,330,0,-54,1
122,39,457,709,0,-153,1
122,40,100,78,0,-65,1
122,41,315,742,0,-236,1
122,42,440,546,0,-199,1
122,43,190,286,0,-150,1
122,44,209,461,0,-138,1
122,45,86,148,0,-125,1
122,46,561,265,0,-30,1
122,47,745,483,0,47,1
122,52,740,468,0,17,1
122,53,341,247,0,-179,1
122,54,479,331,0,-200,1
122,55,608,150,0,-180,1
122,56,196,12,0,-43,1
122,57,339,508,0,67,1
122,58,470,544,0,32,1
122,60,281,102,0,-46,1
122,63,402,26,0,-109,1
122,64,119,581,0,-235,1
122,66,623,217,0,-69,1
122,67,742,161,0,-194,1
122,68,115,647,0,-174,1
122,69,433,479,0,-85,1
122,70,429,162,0,-112,1
122,71,744,114,0,-126,1
122,72,204,721,0,-201,1
122,73,148,505,0,-183,1
122,74,136,589,0,39,0
122,75,390,422,0,-118,0
122,76,204,23,0,-51,1
122,77,0,485,0,-265,1
122,78,437,12,0,57,1
122,79,719,214,0,-18,1
122,80,12,475,0,-6,1
122,81,315,742,0,-236,1
123,0,388,272,0,-41,0
123,1,711,389,0,-173,0
123,2,328,450,0,-199,0
123,3,89,219,0,-214,0
123,4,151,605,0,-62,0
123,5,664,667,0,-234,0
123,6,378,441,0,-182,0
123,7,693,47,0,84,0
123,8,255,690,0,-259,0
123,9,637,672,0,-107,0
123,10,722,390,0,-158,0
123,11,288,276,0,-86,0
123,12,256,469,0,-101,0
123,13,696,271,0,-197,0
123,14,484,163,0,-211,0
123,15,690,558,0,-70,0
123,16,184,133,0,-8,0
123,17,538,711,0,-146,0
123,18,577,14,0,64,0
123,19,256,30,0,-116,0
123,21,729,212,0,-26,1
123,22,232,652,0,-82,1
123,23,434,51,0,-234,1
123,26,308,48,0,-66,1
123,27,742,595,0,-209,1
123,28,472,454,0,-104,1
123,31,167,347,0,-113,1
123,32,237,368,0,-58,1
123,36,466,537,0,-94,1
123,37,55,239,0,-108,1
123,38,636,328,0,-54,1
123,39,458,712,0,-153,1
123,40,103,77,0,-65,1
123,41,312,743,0,-236,1
123,42,440,549,0,-169,1
123,43,192,289,0,-150,1
123,44,210,463,0,-165,1
123,45,89,150,0,-125,1
123,46,564,264,0,-58,1
123,47,743,481,0,47,1
123,52,739,465,0,17,1
123,53,341,250,0,-179,1
123,54,478,334,0,-200,1
123,55,608,153,0,-180,1
123,56,198,9,0,-43,1
123,57,336,507,0,67,1
123,58,469,541,0,32,1
123,60,283,100,0,-46,1
123,63,405,27,0,-109,1
123,64,117,583,0,-235,1
123,66,626,216,0,-69,1
123,67,740,164,0,-216,1
123,68,115,650,0,-174,1
123,69,436,478,0,-85,1
123,70,431,164,0,-112,1
123,71,747,115,0,-111,1
123,72,204,724,0,-188,1
123,73,148,508,0,-183,1
123,74,134,587,0,39,0
123,75,392,424,0,-142,0
123,76,206,21,0,-51,1
123,77,-3,485,0,-265,1
123,78,434,10,0,57,1
123,79,720,211,0,-18,1
123,80,11,473,0,21,1
123,81,312,743,0,-236,1
124,0,390,270,0,-41,0
124,1,712,392,0,-173,0
124,2,327,453,0,-197,0
124,3,87,221,0,-214,0
124,4,153,604,0,-62,0
124,5,662,669,0,-234,0
124,6,378,444,0,-182,0
124,7,690,46,0,68,0
124,8,252,690,0,-252,0
124,9,640,673,0,-107,0
124,10,723,393,0,-158,0
124,11,291,276,0,-95,0
124,12,259,469,0,-101,0
124,13,695,274,0,-197,0
124,14,482,165,0,-216,0
124,15,690,558,0,-70,0
124,16,184,133,0,-8,0
124,17,540,713,0,-146,0
124,18,574,13,0,64,0
124,19,259,31,0,-112,0
124,21,730,209,0,-26,1
124,22,235,653,0,-96,1
124,23,431,53,0,-234,1
124,26,310,47,0,-52,1
124,27,741,598,0,-209,1
124,28,475,455,0,-104,1
124,31,170,348,0,-113,1
124,32,240,368,0,-86,1
124,36,469,537,0,-94,1
124,37,58,240,0,-108,1
124,38,638,326,0,-54,1
124,39,459,715,0,-153,1
124,40,105,75,0,-65,1
124,41,310,746,0,-218,1
124,42,441,552,0,-169,1
124,43,193,291,0,-150,1
124,44,211,466,0,-165,1
124,45,90,153,0,-153,1
124,46,566,262,0,-58,1
124,47,741,479,0,47,1
124,52,738,462,0,17,1
124,53,341,253,0,-179,1
124,54,477,337,0,-200,1
124,55,608,156,0,-180,1
124,56,201,9,0,-71,1
124,57,333,506,0,67,1
124,58,467,539,0,32,1
124,60,285,98,0,-46,1
124,63,408,28,0,-109,1
124,64,114,585,0,-235,1
124,66,629,215,0,-69,1
124,67,738,166,0,-216,1
124,68,115,653,0,-174,1
124,69,439,478,0,-85,1
124,70,434,165,0,-112,1
124,71,750,116,0,-111,1
124,72,203,727,0,-188,1
124,73,148,511,0,-183,1
124,74,133,584,0,39,0
124,75,394,427,0,-142,0
124,76,208,18,0,-32,1
124,77,747,486,0,-265,1
124,78,431,9,0,65,1
124,79,720,209,0,-18,1
124,80,10,470,0,21,1
124,81,310,745,0,-236,1
124,82,204,727,0,-167,1
125,0,392,267,0,-41,0
125,1,712,395,0,-173,0
125,2,327,456,0,-197,0
125,3,86,224,0,-214,0
125,4,156,602,0,-62,0
125,5,660,671,0,-234,0
125,6,378,447,0,-182,0
125,7,687,44,0,68,0
125,8,249,691,0,-252,0
125,9,642,675,0,-130,0
125,10,724,396,0,-158,0
125,11,294,277,0,-95,0
125,12,262,470,0,-101,0
125,13,693,276,0,-221,0
125,14,480,168,0,-224,0
125,15,690,558,0,-70,0
125,16,184,133,0,-8,0
125,17,542,715,0,-137,0
125,18,571,12,0,64,0
125,19,262,33,0,-112,0
125,21,731,206,0,-26,1
125,22,238,653,0,-93,1
125,23,429,55,0,-234,1
125,26,312,44,0,-45,1
125,27,739,600,0,-209,1
125,28,478,455,0,-104,1
125,31,173,349,0,-113,1
125,32,242,369,0,-113,1
125,36,472,537,0,-94,1
125,37,61,241,0,-113,1
125,38,641,325,0,-54,1
125,39,461,717,0,-153,1
125,40,108,75,0,-77,1
125,41,308,748,0,-218,1
125,42,442,555,0,-169,1
125,43,195,294,0,-150,1
125,44,212,469,0,-165,1
125,45,91,156,0,-157,1
125,46,569,260,0,-51,1
125,47,739,477,0,48,1
125,52,737,459,0,17,1
125,53,341,256,0,-179,1
125,54,476,339,0,-200,1
125,55,608,159,0,-180,1
125,56,204,7,0,-50,1
125,57,331,503,0,38,1
125,58,465,536,0,32,1
125,60,288,96,0,-46,1
125,63,410,29,0,-109,1
125,64,112,586,0,-235,1
125,66,631,214,0,-69,1
125,67,736,169,0,-210,1
125,68,116,656,0,-173,1
125,69,441,479,0,-114,1
125,70,437,166,0,-112,1
125,71,3,118,0,-111,1
125,72,203,730,0,-188,1
125,73,146,514,0,-208,1
125,74,131,582,0,39,0
125,75,396,429,0,-142,0
125,76,209,15,0,-17,1
125,77,744,486,0,-265,1
125,78,429,8,0,65,1
125,79,721,206,0,-18,1
125,80,9,467,0,21,1
125,81,307,747,0,-236,1
125,82,204,730,0,-185,1
125,83,212,469,0,-165,1
126,0,394,265,0,-41,0
126,1,713,398,0,-173,0
126,2,327,459,0,-170,0
126,3,84,226,0,-214,0
126,4,159,601,0,-62,0
126,5,657,673,0,-234,0
126,6,378,450,0,-182,0
126,7,684,43,0,68,0
126,8,247,692,0,-252,0
126,9,644,677,0,-130,0
126,10,725,399,0,-158,0
126,11,297,277,0,-95,0
126,12,265,470,0,-101,0
126,13,691,279,0,-221,0
126,14,478,170,0,-224,0
126,15,690,558,0,-70,0
126,16,184,133,0,-8,0
126,17,544,718,0,-137,0
126,18,568,10,0,64,0
126,19,265,34,0,-112,0
126,21,732,203,0,-14,1
126,22,241,654,0,-106,1
126,23,426,56,0,-234,1
126,26,314,42,0,-45,1
126,27,738,603,0,-209,1
126,28,481,456,0,-104,1
126,31,176,350,0,-113,1
126,32,245,370,0,-113,1
126,36,475,537,0,-94,1
126,37,64,243,0,-118,1
126,38,643,323,0,-54,1
126,39,462,720,0,-153,1
126,40,111,74,0,-77,1
126,41,307,750,0,-218,1
126,42,442,558,0,-169,1
126,43,196,297,0,-150,1
126,44,212,472,0,-171,1
126,45,93,158,0,-157,1
126,46,571,259,0,-51,1
126,47,737,475,0,48,1
126,52,737,457,0,17,1
126,53,341,259,0,-179,1
126,54,475,342,0,-200,1
126,55,608,162,0,-169,1
126,56,205,4,0,-22,1
126,57,330,501,0,38,1
126,58,464,534,0,32,1
126,60,290,93,0,-46,1
126,63,413,30,0,-109,1
126,64,110,589,0,-224,1
126,66,634,212,0,-69,1
126,67,735,171,0,-210,1
126,68,116,659,0,-180,1
126,69,444,481,0,-114,1
126,70,440,167,0,-112,1
126,71,6,119,0,-111,1
126,72,202,733,0,-193,1
126,73,145,517,0,-208,1
126,74,129,580,0,39,0
126,75,397,431,0,-142,0
126,76,210,12,0,-17,1
126,77,741,486,0,-265,1
126,78,426,7,0,65,1
126,79,722,203,0,-18,1
126,80,8,464,0,21,1
126,81,305,748,0,-236,1
126,82,204,733,0,-185,1
126,83,212,472,0,-165,1
127,0,396,263,0,-46,0
127,1,713,401,0,-179,0
127,2,328,462,0,-170,0
127,3,82,229,0,-214,0
127,4,161,600,0,-62,0
127,5,655,674,0,-234,0
127,6,378,453,0,-182,0
127,7,682,42,0,68,0
127,8,244,693,0,-252,0
127,9,647,679,0,-130,0
127,10,725,402,0,-184,0
127,11,300,277,0,-95,0
127,12,268,471,0,-101,0
127,13,689,281,0,-221,0
127,14,476,172,0,-224,0
127,15,690,558,0,-70,0
127,16,184,133,0,-8,0
127,17,546,720,0,-137,0
127,18,566,9,0,64,0
127,19,268,35,0,-112,0
127,21,733,201,0,-14,1
127,22,244,655,0,-106,1
127,23,424,58,0,-234,1
127,26,317,40,0,-45,1
127,27,736,605,0,-224,1
127,28,484,457,0,-104,1
127,31,178,352,0,-113,1
127,32,248,371,0,-113,1
127,36,478,539,0,-122,1
127,37,66,244,0,-118,1
127,38,646,321,0,-54,1
127,39,464,723,0,-153,1
127,40,114,75,0,-103,1
127,41,305,2,0,-218,1
127,42,443,561,0,-169,1
127,43,197,299,0,-150,1
127,44,212,475,0,-171,1
127,45,94,161,0,-157,1
127,46,573,257,0,-51,1
127,47,734,473,0,48,1
127,52,736,454,0,17,1
127,53,342,262,0,-154,1
127,54,473,345,0,-208,1
127,55,609,165,0,-169,1
127,56,207,2,0,-51,1
127,57,327,499,0,49,1
127,58,462,531,0,32,1
127,60,292,91,0,-46,1
127,63,416,31,0,-109,1
127,64,108,591,0,-224,1
127,66,637,211,0,-69,1
127,67,733,174,0,-210,1
127,68,115,662,0,-194,1
127,69,447,481,0,-103,1
127,70,442,168,0,-112,1
127,71,8,120,0,-111,1
127,72,201,736,0,-193,1
127,73,143,519,0,-208,1
127,74,128,577,0,26,0
127,75,399,433,0,-137,0
127,76,211,9,0,-17,1
127,77,738,486,0,-265,1
127,78,423,5,0,65,1
127,79,723,200,0,-18,1
127,80,7,462,0,25,1
127,81,302,750,0,-243,1
127,82,203,736,0,-185,1
127,83,213,475,0,-165,1
128,0,399,261,0,-46,0
128,1,713,404,0,-179,0
128,2,328,465,0,-170,0
128,3,81,231,0,-214,0
128,4,164,598,0,-62,0
128,5,652,676,0,-234,0
128,6,378,456,0,-182,0
128,7,679,41,0,68,0
128,8,241,694,0,-252,0
128,9,649,681,0,-130,0
128,10,725,405,0,-184,0
128,11,303,277,0,-95,0
128,12,271,471,0,-101,0
128,13,687,283,0,-221,0
128,14,474,174,0,-224,0
128,15,690,558,0,-70,0
128,16,184,133,0,-8,0
128,17,548,722,0,-137,0
128,18,563,8,0,64,0
128,19,270,36,0,-112,0
128,21,735,198,0,-43,1
128,22,247,655,0,-106,1
128,23,422,60,0,-234,1
128,26,319,38,0,-45,1
128,27,734,607,0,-224,1
128,28,487,458,0,-104,1
128,31,181,352,0,-95,1
128,32,251,373,0,-113,1
128,36,480,540,0,-122,1
128,37,69,246,0,-118,1
128,38,648,319,0,-54,1
128,39,465,725,0,-153,1
128,40,117,76,0,-103,1
128,41,303,5,0,-218,1
128,42,443,564,0,-169,1
128,43,199,302,0,-150,1
128,44,213,478,0,-171,1
128,45,95,164,0,-157,1
128,46,576,255,0,-51,1
128,47,732,471,0,48,1
128,52,735,451,0,9,1
128,53,344,265,0,-154,1
128,54,472,348,0,-208,1
128,55,609,167,0,-169,1
128,56,209,0,0,-48,1
128,57,325,497,0,49,1
128,58,461,528,0,32,1
128,60,294,89,0,-46,1
128,63,419,32,0,-109,1
128,64,106,593,0,-224,1
128,66,640,210,0,-56,1
128,67,732,177,0,-210,1
128,68,114,664,0,-194,1
128,69,450,482,0,-103,1
128,70,445,169,0,-112,1
128,71,11,121,0,-111,1
128,72,201,739,0,-193,1
128,73,142,522,0,-208,1
128,74,126,574,0,26,0
128,75,402,436,0,-137,0
128,76,211,7,0,-17,1
128,77,735,487,0,-265,1
128,78,420,4,0,65,1
128,79,724,197,0,-18,1
128,80,4,460,0,53,1
128,81,299,751,0,-243,1
128,82,203,739,0,-185,1
128,83,214,478,0,-165,1
129,0,401,259,0,-46,0
129,1,713,407,0,-179,0
129,2,329,468,0,-170,0
129,3,79,234,0,-214,0
129,4,167,597,0,-62,0
129,5,650,678,0,-234,0
129,6,378,459,0,-182,0
129,7,676,40,0,68,0
129,8,238,695,0,-252,0
129,9,651,683,0,-130,0
129,10,724,408,0,-184,0
129,11,306,278,0,-105,0
129,12,274,472,0,-101,0
129,13,685,286,0,-221,0
129,14,471,175,0,-243,0
129,15,690,558,0,-70,0
129,16,184,133,0,-8,0
129,17,550,724,0,-137,0
129,18,560,6,0,64,0
129,19,273,37,0,-112,0
129,21,737,196,0,-43,1
129,22,250,656,0,-106,1
129,23,419,62,0,-234,1
129,26,320,35,0,-23,1
129,27,732,609,0,-224,1
129,28,490,458,0,-104,1
129,31,184,352,0,-95,1
129,32,253,374,0,-113,1
129,36,483,542,0,-122,1
129,37,71,248,0,-142,1
129,38,651,318,0,-54,1
129,39,465,728,0,-177,1
129,40,120,76,0,-103,1
129,41,301,7,0,-218,1
129,42,444,567,0,-169,1
129,43,200,305,0,-150,1
129,44,213,481,0,-171,1
129,45,96,167,0,-157,1
129,46,578,253,0,-51,1
129,47,730,469,0,48,1
129,52,736,448,0,-6,1
129,53,345,268,0,-154,1
129,54,471,351,0,-193,1
129,55,610,170,0,-169,1
129,56,212,749,0,-68,1
129,57,323,495,0,46,1
129,58,459,526,0,32,1
129,60,297,88,0,-62,1
129,63,422,32,0,-109,1
129,64,104,595,0,-224,1
129,66,642,208,0,-56,1
129,67,730,179,0,-210,1
129,68,114,667,0,-194,1
129,69,453,483,0,-103,1
129,70,448,170,0,-112,1
129,71,14,122,0,-111,1
129,72,200,742,0,-193,1
129,73,141,525,0,-208,1
129,74,125,572,0,29,0
129,75,404,438,0,-137,0
129,76,212,4,0,-17,1
129,77,732,487,0,-265,1
129,78,418,3,0,65,1
129,79,726,195,0,-27,1
129,80,2,458,0,53,1
129,81,297,1,0,-243,1
129,82,203,742,0,-185,1
129,83,215,481,0,-155,1
130,0,403,257,0,-46,0
130,1,713,410,0,-179,0
130,2,329,471,0,-170,0
130,3,77,235,0,-234,0
130,4,169,595,0,-62,0
130,5,647,680,0,-234,0
130,6,378,462,0,-175,0
130,7,673,39,0,68,0
130,8,235,696,0,-252,0
130,9,654,685,0,-130,0
130,10,724,411,0,-184,0
130,11,309,279,0,-105,0
130,12,277,472,0,-101,0
130,13,683,288,0,-221,0
130,14,468,177,0,-243,0
130,15,690,558,0,-70,0
130,16,184,133,0,-8,0
130,17,552,726,0,-137,0
130,18,558,5,0,64,0
130,19,276,38,0,-112,0
130,21,739,194,0,-43,1
130,22,252,657,0,-102,1
130,23,417,64,0,-234,1
130,26,321,33,0,-23,1
130,27,730,612,0,-224,1
130,28,492,459,0,-104,1
130,31,187,352,0,-95,1
130,32,256,375,0,-113,1
130,36,486,544,0,-122,1
130,37,72,250,0,-142,1
130,38,653,316,0,-54,1
130,39,465,731,0,-177,1
130,40,123,77,0,-103,1
130,41,298,8,0,-244,1
130,42,444,569,0,-169,1
130,43,202,307,0,-150,1
130,44,214,484,0,-171,1
130,45,97,169,0,-157,1
130,46,580,251,0,-51,1
130,47,728,467,0,48,1
130,52,736,445,0,-6,1
130,53,346,270,0,-154,1
130,54,471,354,0,-175,1
130,55,610,173,0,-172,1
130,56,215,748,0,-68,1
130,57,320,494,0,71,1
130,58,457,523,0,32,1
130,60,299,86,0,-56,1
130,63,425,33,0,-109,1
130,64,101,597,0,-224,1
130,66,644,206,0,-56,1
130,67,729,182,0,-210,1
130,68,113,670,0,-194,1
130,69,455,484,0,-117,1
130,70,451,170,0,-87,1
130,71,17,123,0,-111,1
130,72,199,744,0,-193,1
130,73,139,527,0,-208,1
130,74,123,569,0,29,0
130,75,406,440,0,-137,0
130,76,212,1,0,12,1
130,77,729,487,0,-265,1
130,78,415,2,0,65,1
130,79,726,192,0,-9,1
130,80,0,456,0,53,1
130,81,294,3,0,-243,1
130,82,203,745,0,-185,1
130,83,216,483,0,-155,1
131,0,405,255,0,-46,0
131,1,713,413,0,-179,0
131,2,330,474,0,-170,0
131,3,75,238,0,-209,0
131,4,172,594,0,-62,0
131,5,645,681,0,-234,0
131,6,378,464,0,-175,0
131,7,670,38,0,68,0
131,8,232,697,0,-252,0
131,9,656,686,0,-110,0
131,10,724,414,0,-184,0
131,11,311,280,0,-105,0
131,12,280,473,0,-101,0
131,13,681,290,0,-221,0
131,14,466,178,0,-243,0
131,15,690,558,0,-70,0
131,16,184,133,0,-8,0
131,17,554,729,0,-137,0
131,18,555,4,0,64,0
131,19,279,39,0,-104,0
131,21,741,192,0,-43,1
131,22,255,657,0,-102,1
131,23,414,65,0,-234,1
131,26,322,30,0,-23,1
131,27,729,614,0,-199,1
131,28,495,460,0,-115,1
131,31,190,353,0,-95,1
131,32,259,375,0,-99,1
131,36,488,545,0,-122,1
131,37,74,253,0,-142,1
131,38,656,315,0,-71,1
131,39,465,734,0,-177,1
131,40,126,78,0,-103,1
131,41,295,9,0,-259,1
131,42,445,572,0,-169,1
131,43,203,310,0,-150,1
131,44,214,487,0,-171,1
131,45,99,172,0,-157,1
131,46,583,249,0,-51,1
131,47,725,466,0,78,1
131,52,737,442,0,-28,1
131,53,347,273,0,-162,1
131,54,472,357,0,-175,1
131,55,611,176,0,-172,1
131,56,218,747,0,-68,1
131,57,317,493,0,71,1
131,58,456,521,0,32,1
131,60,302,84,0,-56,1
131,63,427,34,0,-109,1
131,64,99,599,0,-224,1
131,66,647,205,0,-56,1
131,67,727,184,0,-210,1
131,68,112,673,0,-194,1
131,69,458,485,0,-117,1
131,70,454,170,0,-87,1
131,71,20,124,0,-111,1
131,72,199,747,0,-193,1
131,73,138,530,0,-208,1
131,74,121,567,0,50,0
131,75,408,441,0,-118,0
131,76,211,-2,0,12,1
131,77,726,487,0,-265,1
131,78,412,0,0,65,1
131,79,725,189,0,14,1
131,80,748,454,0,53,1
131,81,291,4,0,-243,1
131,82,202,748,0,-185,1
131,83,218,486,0,-155,1
132,0,407,253,0,-46,0
132,1,714,416,0,-162,0
132,2,331,476,0,-144,0
132,3,73,240,0,-216,0
132,4,175,593,0,-77,0
132,5,643,683,0,-234,0
132,6,378,467,0,-175,0
132,7,668,37,0,68,0
132,8,229,698,0,-252,0
132,9,659,687,0,-110,0
132,10,724,417,0,-184,0
132,11,314,280,0,-95,0
132,12,283,472,0,-78,0
132,13,679,292,0,-221,0
132,14,463,179,0,-243,0
132,15,690,558,0,-70,0
132,16,184,133,0,-8,0
132,17,556,731,0,-137,0
132,18,552,2,0,64,0
132,19,282,40,0,-104,0
132,21,743,189,0,-43,1
132,22,258,658,0,-102,1
132,23,412,67,0,-234,1
132,26,322,27,0,6,1
132,27,728,617,0,-199,1
132,28,498,462,0,-115,1
132,31,193,353,0,-95,1
132,32,262,376,0,-99,1
132,36,491,547,0,-122,1
132,37,77,254,0,-116,1
132,38,659,314,0,-71,1
132,39,466,737,0,-177,1
132,40,129,78,0,-103,1
132,41,292,10,0,-259,1
132,42,446,575,0,-169,1
132,43,205,312,0,-150,1
132,44,215,490,0,-171,1
132,45,100,175,0,-157,1
132,46,585,247,0,-51,1
132,47,722,465,0,78,1
132,52,739,439,0,-28,1
132,53,348,276,0,-162,1
132,54,472,360,0,-175,1
132,55,610,179,0,-190,1
132,56,220,746,0,-68,1
132,57,314,492,0,71,1
132,58,454,518,0,32,1
132,60,304,83,0,-56,1
132,63,430,35,0,-109,1
132,64,97,601,0,-224,1
132,66,648,202,0,-29,1
132,67,726,187,0,-210,1
132,68,112,676,0,-179,1
132,69,461,487,0,-117,1
132,70,457,170,0,-87,1
132,71,22,125,0,-111,1
132,72,198,750,0,-193,1
132,73,136,533,0,-208,1
132,74,119,565,0,50,0
132,75,411,443,0,-118,0
132,76,210,747,0,12,1
132,77,723,488,0,-265,1
132,78,410,-2,0,48,1
132,79,724,186,0,21,1
132,80,746,452,0,39,1
132,81,289,5,0,-243,1
132,82,202,751,0,-185,1
132,83,219,489,0,-155,1
133,0,409,250,0,-46,0
133,1,715,419,0,-162,0
133,2,333,479,0,-144,0
133,3,72,243,0,-216,0
133,4,178,593,0,-77,0
133,5,640,685,0,-234,0
133,6,379,470,0,-175,0
133,7,665,35,0,68,0
133,8,227,699,0,-252,0
133,9,662,688,0,-110,0
133,10,724,420,0,-184,0
133,11,317,280,0,-95,0
133,12,286,472,0,-78,0
133,13,678,295,0,-221,0
133,14,460,181,0,-243,0
133,15,690,558,0,-70,0
133,16,184,133,0,-8,0
133,17,557,734,0,-157,0
133,18,550,1,0,64,0
133,19,285,40,0,-101,0
133,21,745,187,0,-43,1
133,22,261,659,0,-102,1
133,23,410,69,0,-234,1
133,26,321,24,0,6,1
133,27,727,620,0,-199,1
133,28,501,463,0,-112,1
133,31,196,353,0,-95,1
133,32,265,376,0,-99,1
133,36,493,548,0,-122,1
133,38,661,313,0,-71,1
133,39,466,740,0,-177,1
133,40,132,79,0,-103,1
133,41,289,10,0,-259,1
133,42,447,578,0,-142,1
133,43,206,315,0,-150,1
133,44,215,493,0,-171,1
133,45,101,178,0,-157,1
133,46,588,245,0,-51,1
133,47,719,465,0,78,1
133,52,740,437,0,-28,1
133,53,350,278,0,-134,1
133,54,472,362,0,-175,1
133,55,610,182,0,-190,1
133,56,223,744,0,-68,1
133,57,311,491,0,71,1
133,58,453,516,0,32,1
133,60,307,81,0,-56,1
133,63,433,35,0,-85,1
133,64,95,604,0,-224,1
133,66,650,199,0,-29,1
133,67,725,190,0,-192,1
133,68,112,679,0,-179,1
133,69,463,488,0,-117,1
133,71,25,126,0,-111,1
133,72,197,3,0,-193,1
133,73,135,535,0,-208,1
133,74,117,563,0,50,0
133,75,414,444,0,-118,0
133,76,210,744,0,12,1
133,77,720,488,0,-265,1
133,78,408,748,0,48,1
133,79,723,183,0,21,1
133,80,744,450,0,39,1
133,81,286,7,0,-243,1
133,82,202,3,0,-185,1
133,83,220,492,0,-155,1
134,0,412,248,0,-46,0
134,1,716,422,0,-162,0
134,2,335,481,0,-144,0
134,3,70,245,0,-216,0
134,4,181,592,0,-77,0
134,5,638,687,0,-234,0
134,6,380,473,0,-148,0
134,7,662,36,0,-267,0
134,8,224,700,0,-252,0
134,9,665,689,0,-110,0
134,10,724,423,0,-184,0
134,11,320,280,0,-95,0
134,12,289,471,0,-78,0
134,13,676,297,0,-221,0
134,14,460,181,0,-243,0
134,15,690,558,0,-70,0
134,16,184,133,0,-8,0
134,17,559,736,0,-157,0
134,18,547,0,0,64,0
134,19,288,41,0,-101,0
134,21,747,185,0,-43,1
134,22,264,659,0,-102,1
134,23,407,71,0,-234,1
134,26,321,21,0,6,1
134,27,726,623,0,-199,1
134,28,503,464,0,-112,1
134,31,199,353,0,-95,1
134,32,268,377,0,-99,1
134,36,496,550,0,-122,1
134,38,664,312,0,-67,1
134,39,466,743,0,-177,1
134,40,135,80,0,-103,1
134,41,287,11,0,-259,1
134,42,450,580,0,-131,1
134,43,208,318,0,-150,1
134,44,216,496,0,-171,1
134,45,102,180,0,-157,1
134,46,590,244,0,-51,1
134,47,716,465,0,-264,1
134,52,741,434,0,-28,1
134,53,353,279,0,-106,1
134,54,472,365,0,-175,1
134,55,609,185,0,-190,1
134,56,226,743,0,-68,1
134,57,309,489,0,42,1
134,58,451,513,0,28,1
134,60,309,79,0,-56,1
134,63,436,35,0,-85,1
134,64,93,606,0,-224,1
134,66,650,196,0,-5,1
134,67,725,193,0,-192,1
134,68,112,682,0,-179,1
134,69,466,489,0,-117,1
134,71,28,127,0,-111,1
134,72,197,6,0,-193,1
134,73,134,538,0,-208,1
134,74,114,561,0,50,0
134,75,416,446,0,-118,0
134,76,210,741,0,-2,1
134,77,717,488,0,-265,1
134,78,406,746,0,48,1
134,79,722,180,0,21,1
134,80,742,447,0,39,1
134,81,283,8,0,-243,1
134,82,202,6,0,-185,1
134,83,222,494,0,-155,1
135,0,414,247,0,-58,0
135,1,717,425,0,-162,0
135,2,337,483,0,-144,0
135,3,68,248,0,-216,0
135,4,183,591,0,-77,0
135,5,635,688,0,-234,0
135,6,382,476,0,-148,0
135,7,659,36,0,-267,0
135,8,221,701,0,-252,0
135,9,668,690,0,-110,0
135,10,723,426,0,-184,0
135,11,323,280,0,-74,0
135,12,292,471,0,-86,0
135,13,675,300,0,-200,0
135,14,460,181,0,-243,0
135,15,690,558,0,-70,0
135,16,184,133,0,-8,0
135,17,560,739,0,-159,0
135,18,544,749,0,64,0
135,19,291,41,0,-101,0
135,21,749,183,0,-43,1
135,22,267,660,0,-102,1
135,23,405,72,0,-234,1
135,26,321,18,0,6,1
135,27,725,626,0,-198,1
135,28,506,465,0,-112,1
135,31,202,352,0,-66,1
135,32,271,377,0,-99,1
135,36,498,551,0,-122,1
135,38,667,311,0,-67,1
135,39,466,746,0,-177,1
135,40,138,80,0,-100,1
135,41,284,11,0,-259,1
135,42,452,582,0,-131,1
135,43,208,321,0,-174,1
135,44,216,499,0,-171,1
135,45,103,183,0,-157,1
135,46,592,242,0,-51,1
135,47,713,465,0,-264,1
135,52,743,431,0,-28,1
135,53,356,280,0,-106,1
135,54,473,368,0,-175,1
135,55,609,188,0,-179,1
135,56,229,742,0,-68,1
135,57,307,486,0,42,1
135,58,450,510,0,28,1
135,60,312,78,0,-56,1
135,63,439,35,0,-85,1
135,64,92,608,0,-208,1
135,66,650,193,0,4,1
135,67,724,196,0,-192,1
135,68,112,685,0,-183,1
135,69,469,491,0,-117,1
135,71,31,128,0,-111,1
135,72,196,9,0,-193,1
135,73,132,541,0,-208,1
135,74,112,559,0,50,0
135,75,419,447,0,-118,0
135,76,210,738,0,-2,1
135,77,714,488,0,-265,1
135,78,403,744,0,48,1
135,79,721,177,0,21,1
135,80,740,445,0,39,1
135,81,281,10,0,-243,1
135,82,201,9,0,-185,1
135,83,224,496,0,-127,1
136,0,417,245,0,-58,0
136,1,718,427,0,-162,0
136,2,339,485,0,-121,0
136,3,66,250,0,-216,0
136,4,186,591,0,-77,0
136,5,633,690,0,-234,0
136,6,383,478,0,-148,0
136,7,656,36,0,-267,0
136,8,218,702,0,-252,0
136,9,671,691,0,-110,0
136,10,723,429,0,-184,0
136,11,326,278,0,-60,0
136,12,294,469,0,-62,0
136,13,674,303,0,-200,0
136,14,460,181,0,-243,0
136,15,690,558,0,-70,0
136,16,184,133,0,-8,0
136,17,561,742,0,-159,0
136,18,542,747,0,64,0
136,19,293,42,0,-101,0
136,21,751,181,0,-43,1
136,22,270,661,0,-102,1
136,23,402,74,0,-234,1
136,26,320,15,0,6,1
136,27,724,629,0,-198,1
136,28,509,466,0,-112,1
136,31,205,351,0,-66,1
136,32,274,378,0,-99,1
136,36,501,553,0,-122,1
136,39,466,749,0,-177,1
136,40,140,81,0,-100,1
136,41,281,12,0,-259,1
136,42,454,584,0,-131,1
136,43,208,324,0,-174,1
136,44,218,501,0,-145,1
136,45,104,186,0,-157,1
136,46,595,240,0,-51,1
136,47,710,466,0,-264,1
136,52,744,429,0,-30,1
136,53,359,281,0,-106,1
136,54,473,371,0,-175,1
136,55,609,191,0,-179,1
136,56,232,741,0,-68,1
136,57,305,484,0,42,1
136,58,449,508,0,28,1
136,60,314,76,0,-56,1
136,63,442,36,0,-109,1
136,64,90,611,0,-208,1
136,66,650,190,0,4,1
136,67,723,199,0,-192,1
136,68,112,688,0,-183,1
136,69,471,492,0,-117,1
136,71,34,129,0,-111,1
136,72,195,12,0,-193,1
136,73,132,543,0,-192,1
136,74,110,558,0,50,0
136,75,422,448,0,-118,0
136,76,210,735,0,-2,1
136,77,711,488,0,-265,1
136,78,401,742,0,48,1
136,79,720,175,0,21,1
136,80,738,443,0,39,1
136,81,278,11,0,-243,1
136,82,201,12,0,-185,1
136,83,226,498,0,-127,1
137,0,420,244,0,-76,0
137,1,718,430,0,-162,0
137,2,342,486,0,-121,0
137,3,64,253,0,-216,0
137,4,189,590,0,-77,0
137,5,630,692,0,-234,0
137,6,385,481,0,-148,0
137,7,653,36,0,-267,0
137,8,216,703,0,-238,0
137,9,673,692,0,-112,0
137,10,723,432,0,-184,0
137,11,328,276,0,-60,0
137,12,297,468,0,-62,0
137,13,674,306,0,-176,0
137,14,460,181,0,-243,0
137,15,690,558,0,-70,0
137,16,184,133,0,-8,0
137,17,563,744,0,-145,0
137,18,539,746,0,64,0
137,19,296,43,0,-101,0
137,21,2,178,0,-43,1
137,22,273,661,0,-102,1
137,23,400,76,0,-234,1
137,26,320,12,0,6,1
137,27,723,632,0,-198,1
137,28,512,467,0,-112,1
137,31,207,349,0,-50,1
137,32,277,378,0,-99,1
137,36,503,555,0,-122,1
137,39,466,752,0,-177,1
137,40,143,81,0,-100,1
137,41,278,12,0,-259,1
137,42,456,586,0,-131,1
137,43,209,327,0,-174,1
137,44,220,504,0,-145,1
137,45,106,189,0,-157,1
137,46,597,238,0,-51,1
137,47,707,467,0,-248,1
137,52,746,426,0,-30,1
137,53,362,281,0,-106,1
137,54,473,374,0,-175,1
137,55,609,194,0,-179,1
137,56,234,740,0,-68,1
137,57,303,482,0,42,1
137,58,447,505,0,28,1
137,60,317,74,0,-56,1
137,63,445,36,0,-103,1
137,64,89,614,0,-208,1
137,66,649,187,0,4,1
137,67,724,202,0,-169,1
137,68,112,691,0,-183,1
137,69,474,494,0,-117,1
137,71,36,130,0,-111,1
137,72,195,15,0,-193,1
137,73,132,546,0,-176,1
137,74,107,556,0,50,0
137,75,423,451,0,-147,0
137,76,210,732,0,-2,1
137,77,708,489,0,-265,1
137,78,399,740,0,48,1
137,79,719,172,0,21,1
137,80,736,440,0,39,1
137,81,275,12,0,-243,1
137,82,201,15,0,-185,1
137,83,229,500,0,-127,1
138,0,422,244,0,-76,0
138,1,719,433,0,-162,0
138,2,344,488,0,-121,0
138,3,63,255,0,-216,0
138,4,192,589,0,-77,0
138,5,628,694,0,-234,0
138,6,387,483,0,-148,0
138,7,650,36,0,-267,0
138,8,213,705,0,-238,0
138,9,676,693,0,-112,0
138,10,723,435,0,-184,0
138,11,331,275,0,-60,0
138,12,300,467,0,-68,0
138,13,674,309,0,-176,0
138,14,460,181,0,-243,0
138,15,690,558,0,-70,0
138,16,184,133,0,-8,0
138,17,564,747,0,-145,0
138,18,536,745,0,64,0
138,19,299,42,0,-79,0
138,21,4,176,0,-43,1
138,22,276,662,0,-102,1
138,23,397,78,0,-234,1
138,26,320,9,0,6,1
138,27,722,634,0,-198,1
138,28,515,468,0,-112,1
138,31,210,347,0,-50,1
138,32,280,379,0,-99,1
138,36,505,557,0,-146,1
138,39,466,3,0,-177,1
138,40,146,82,0,-100,1
138,41,275,13,0,-259,1
138,42,459,588,0,-131,1
138,43,209,329,0,-174,1
138,44,221,506,0,-145,1
138,45,107,191,0,-157,1
138,46,599,236,0,-51,1
138,47,704,468,0,-248,1
138,52,747,424,0,-30,1
138,53,365,282,0,-106,1
138,54,473,377,0,-175,1
138,55,609,197,0,-179,1
138,56,237,739,0,-71,1
138,57,301,480,0,42,1
138,58,446,502,0,28,1
138,60,319,73,0,-56,1
138,63,448,37,0,-103,1
138,64,87,616,0,-208,1
138,66,649,184,0,4,1
138,67,723,205,0,-192,1
138,68,111,694,0,-199,1
138,69,477,495,0,-117,1
138,71,39,131,0,-111,1
138,72,194,18,0,-193,1
138,73,131,549,0,-191,1
138,74,105,554,0,50,0
138,75,425,453,0,-147,0
138,76,210,729,0,-2,1
138,77,705,489,0,-258,1
138,78,397,738,0,48,1
138,79,718,169,0,21,1
138,80,734,438,0,39,1
138,81,273,14,0,-243,1
138,82,201,18,0,-185,1
138,83,231,501,0,-127,1
139,0,425,243,0,-76,0
139,1,720,436,0,-162,0
139,2,347,489,0,-121,0
139,3,61,257,0,-216,0
139,4,195,589,0,-77,0
139,5,625,694,0,-255,0
139,6,388,486,0,-148,0
139,7,647,37,0,-259,0
139,8,210,706,0,-238,0
139,9,679,694,0,-112,0
139,10,723,438,0,-184,0
139,11,334,275,0,-88,0
139,12,303,466,0,-81,0
139,13,674,312,0,-176,0
139,14,460,181,0,-243,0
139,15,690,558,0,-70,0
139,16,184,133,0,-8,0
139,17,566,749,0,-145,0
139,18,533,743,0,64,0
139,19,302,41,0,-79,0
139,21,6,174,0,-43,1
139,22,278,664,0,-132,1
139,23,395,80,0,-234,1
139,26,320,6,0,6,1
139,27,721,637,0,-198,1
139,28,517,469,0,-112,1
139,31,212,345,0,-50,1
139,32,283,379,0,-99,1
139,36,507,560,0,-146,1
139,39,466,6,0,-195,1
139,40,149,82,0,-100,1
139,41,272,12,0,72,1
139,42,461,590,0,-131,1
139,43,209,332,0,-174,1
139,44,223,509,0,-145,1
139,45,108,194,0,-157,1
139,46,602,234,0,-51,1
139,47,702,469,0,-248,1
139,52,749,421,0,-30,1
139,53,368,283,0,-106,1
139,54,474,380,0,-175,1
139,55,610,200,0,-179,1
139,56,240,738,0,-71,1
139,58,444,500,0,28,1
139,60,322,71,0,-56,1
139,63,451,38,0,-103,1
139,64,87,619,0,-179,1
139,66,648,182,0,30,1
139,67,723,207,0,-192,1
139,68,110,697,0,-199,1
139,69,480,496,0,-117,1
139,71,42,132,0,-111,1
139,72,193,20,0,-193,1
139,73,130,552,0,-210,1
139,74,103,552,0,50,0
139,75,427,456,0,-146,0
139,76,210,726,0,-2,1
139,77,702,490,0,-258,1
139,78,394,736,0,48,1
139,79,717,166,0,21,1
139,80,732,436,0,39,1
139,81,270,15,0,-243,1
139,82,200,21,0,-185,1
139,83,234,503,0,-127,1
140,0,428,242,0,-76,0
140,1,722,439,0,-155,0
140,2,350,490,0,-100,0
140,3,59,260,0,-216,0
140,4,198,587,0,-56,0
140,5,622,695,0,-255,0
140,6,390,488,0,-148,0
140,7,644,37,0,-259,0
140,8,208,708,0,-238,0
140,9,682,695,0,-112,0
140,10,722,441,0,-184,0
140,11,337,276,0,-110,0
140,12,306,466,0,-81,0
140,13,674,315,0,-176,0
140,14,460,181,0,-243,0
140,15,690,558,0,-70,0
140,16,184,133,0,-8,0
140,17,568,752,0,-145,0
140,18,531,742,0,64,0
140,19,305,41,0,-77,0
140,21,8,172,0,-43,1
140,22,280,666,0,-132,1
140,23,393,81,0,-234,1
140,26,320,3,0,-10,1
140,27,720,640,0,-198,1
140,28,520,471,0,-112,1
140,31,214,343,0,-50,1
140,32,286,380,0,-107,1
140,36,508,562,0,-146,1
140,39,465,9,0,-195,1
140,40,152,83,0,-100,1
140,41,269,11,0,72,1
140,42,463,592,0,-131,1
140,43,210,335,0,-174,1
140,44,225,511,0,-145,1
140,45,109,197,0,-157,1
140,46,604,232,0,-51,1
140,47,699,470,0,-248,1
140,52,750,418,0,-30,1
140,53,371,284,0,-106,1
140,54,474,383,0,-175,1
140,55,610,203,0,-179,1
140,56,243,737,0,-71,1
140,58,443,497,0,18,1
140,60,324,69,0,-56,1
140,63,454,38,0,-103,1
140,64,87,622,0,-179,1
140,66,646,179,0,30,1
140,67,721,210,0,-214,1
140,68,109,700,0,-199,1
140,69,482,498,0,-117,1
140,71,45,134,0,-111,1
140,72,192,23,0,-193,1
140,73,129,555,0,-199,1
140,74,100,550,0,50,0
140,75,428,458,0,-146,0
140,76,210,723,0,-2,1
140,77,699,491,0,-258,1
140,78,392,734,0,44,1
140,79,716,163,0,21,1
140,81,267,16,0,-243,1
140,82,200,24,0,-185,1
140,83,236,505,0,-127,1
141,0,431,242,0,-76,0
141,1,723,441,0,-154,0
141,2,353,491,0,-100,0
141,3,57,262,0,-216,0
141,4,200,585,0,-56,0
141,5,619,696,0,-255,0
141,6,392,490,0,-124,0
141,7,641,38,0,-259,0
141,8,205,710,0,-238,0
141,9,684,696,0,-112,0
141,10,722,444,0,-189,0
141,11,340,276,0,-84,0
141,12,309,466,0,-81,0
141,13,674,318,0,-186,0
141,14,460,181,0,-243,0
141,15,690,558,0,-70,0
141,16,184,133,0,-8,0
141,17,570,2,0,-141,0
141,18,528,741,0,64,0
141,19,308,40,0,-77,0
141,21,10,170,0,-43,1
141,22,283,668,0,-132,1
141,23,390,83,0,-234,1
141,26,319,0,0,16,1
141,27,719,643,0,-198,1
141,28,523,472,0,-112,1
141,31,217,342,0,-69,1
141,32,289,381,0,-107,1
141,36,510,565,0,-146,1
141,39,464,12,0,-195,1
141,40,155,82,0,-75,1
141,41,266,10,0,72,1
141,42,465,594,0,-131,1
141,43,210,338,0,-174,1
141,44,226,514,0,-145,1
141,45,110,200,0,-157,1
141,46,606,230,0,-51,1
141,47,696,472,0,-232,1
141,52,1,416,0,-27,1
141,53,373,285,0,-106,1
141,54,474,386,0,-175,1
141,55,610,206,0,-179,1
141,56,246,736,0,-71,1
141,58,443,494,0,18,1
141,60,327,68,0,-56,1
141,63,457,38,0,-78,1
141,64,88,625,0,-179,1
141,66,645,177,0,30,1
141,67,719,212,0,-214,1
141,68,108,702,0,-199,1
141,69,485,499,0,-117,1
141,71,48,135,0,-111,1
141,72,192,26,0,-193,1
141,73,127,557,0,-219,1
141,74,98,548,0,50,0
141,75,430,461,0,-146,0
141,76,211,720,0,-2,1
141,77,696,491,0,-258,1
141,78,390,733,0,71,1
141,79,715,161,0,21,1
141,81,265,18,0,-243,1
141,82,200,27,0,-185,1
141,83,238,507,0,-127,1
142,0,434,241,0,-76,0
142,1,725,444,0,-135,0
142,2,356,491,0,-100,0
142,3,56,265,0,-216,0
142,4,203,583,0,-56,0
142,5,616,697,0,-255,0
142,6,395,492,0,-124,0
142,7,638,37,0,77,0
142,8,203,711,0,-238,0
142,9,687,698,0,-112,0
142,10,721,447,0,-189,0
142,11,343,275,0,-84,0
142,12,312,465,0,-81,0
142,13,674,321,0,-186,0
142,14,460,181,0,-243,0
142,15,690,558,0,-70,0
142,16,184,133,0,-8,0
142,17,571,5,0,-141,0
142,18,525,739,0,64,0
142,19,311,39,0,-77,0
142,21,12,167,0,-43,1
142,22,285,670,0,-132,1
142,23,388,85,0,-234,1
142,26,318,-3,0,16,1
142,27,719,646,0,-184,1
142,28,526,473,0,-112,1
142,31,220,341,0,-69,1
142,32,291,382,0,-107,1
142,36,512,567,0,-146,1
142,39,463,15,0,-195,1
142,40,158,81,0,-75,1
142,41,263,9,0,72,1
142,42,467,596,0,-141,1
142,43,210,341,0,-174,1
142,44,228,516,0,-145,1
142,45,112,202,0,-157,1
142,46,609,229,0,-51,1
142,47,694,474,0,-232,1
142,52,3,413,0,-27,1
142,53,376,286,0,-106,1
142,54,474,389,0,-183,1
142,55,610,209,0,-179,1
142,56,248,735,0,-71,1
142,58,442,491,0,18,1
142,60,329,66,0,-58,1
142,63,460,37,0,-78,1
142,64,88,628,0,-179,1
142,66,644,174,0,20,1
142,67,718,215,0,-214,1
142,68,107,705,0,-199,1
142,69,488,500,0,-117,1
142,71,50,136,0,-123,1
142,72,191,29,0,-193,1
142,73,126,560,0,-200,1
142,74,95,547,0,79,0
142,75,431,464,0,-154,0
142,76,211,717,0,-2,1
142,77,693,492,0,-258,1
142,78,387,732,0,71,1
142,79,714,158,0,21,1
142,81,262,19,0,-243,1
142,82,200,30,0,-185,1
142,83,241,509,0,-127,1
143,0,437,240,0,-76,0
143,1,727,446,0,-135,0
143,2,359,492,0,-106,0
143,3,54,267,0,-216,0
143,4,205,582,0,-56,0
143,5,614,696,0,77,0
143,6,397,493,0,-127,0
143,7,635,37,0,77,0
143,8,200,713,0,-238,0
143,9,690,699,0,-112,0
143,10,721,450,0,-189,0
143,11,346,274,0,-63,0
143,12,315,465,0,-81,0
143,13,673,324,0,-186,0
143,14,460,181,0,-243,0
143,15,690,558,0,-70,0
143,16,184,133,0,-8,0
143,17,573,7,0,-141,0
143,18,523,738,0,64,0
143,19,314,39,0,-77,0
143,21,14,165,0,-43,1
143,22,287,672,0,-132,1
143,23,385,87,0,-234,1
143,26,318,747,0,16,1
143,27,719,649,0,-184,1
143,28,528,474,0,-112,1
143,31,223,340,0,-69,1
143,32,294,383,0,-107,1
143,36,513,570,0,-146,1
143,39,462,17,0,-195,1
143,40,161,82,0,-103,1
143,41,260,8,0,72,1
143,42,469,598,0,-141,1
143,43,211,344,0,-174,1
143,44,230,519,0,-145,1
143,45,113,205,0,-157,1
143,46,611,227,0,-51,1
143,47,692,476,0,-232,1
143,52,4,410,0,-27,1
143,53,378,288,0,-132,1
143,54,474,392,0,-183,1
143,55,610,212,0,-179,1
143,56,251,734,0,-75,1
143,58,441,488,0,18,1
143,60,332,66,0,-83,1
143,63,463,37,0,-78,1
143,64,88,631,0,-179,1
143,66,643,171,0,20,1
143,67,716,217,0,-214,1
143,68,106,708,0,-199,1
143,69,490,502,0,-117,1
143,71,53,138,0,-123,1
143,72,190,32,0,-193,1
143,73,125,563,0,-200,1
143,74,92,547,0,85,0
143,75,432,466,0,-161,0
143,76,210,714,0,21,1
143,77,691,491,0,73,1
143,78,384,730,0,47,1
143,79,713,155,0,21,1
143,81,260,21,0,-233,1
143,82,199,33,0,-185,1
143,83,243,510,0,-127,1
144,0,440,239,0,-76,0
144,1,729,448,0,-135,0
144,2,362,493,0,-106,0
144,3,51,268,0,-241,0
144,4,207,579,0,-34,0
144,5,611,695,0,77,0
144,6,400,495,0,-127,0
144,7,632,36,0,77,0
144,8,197,714,0,-255,0
144,9,692,701,0,-134,0
144,10,720,452,0,-189,0
144,11,348,273,0,-63,0
144,12,317,464,0,-81,0
144,13,673,327,0,-186,0
144,14,460,181,0,-243,0
144,15,690,558,0,-70,0
144,16,184,133,0,-8,0
144,17,575,9,0,-141,0
144,18,520,737,0,64,0
144,19,317,38,0,-77,0
144,21,16,163,0,-43,1
144,22,289,674,0,-132,1
144,23,383,88,0,-234,1
144,26,317,744,0,16,1
144,27,719,652,0,-184,1
144,28,531,475,0,-112,1
144,31,225,339,0,-69,1
144,32,297,384,0,-104,1
144,36,515,572,0,-146,1
144,39,462,20,0,-195,1
144,40,164,83,0,-103,1
144,41,258,7,0,72,1
144,42,471,601,0,-141,1
144,43,211,347,0,-174,1
144,44,232,521,0,-137,1
144,45,114,208,0,-157,1
144,46,613,225,0,-51,1
144,47,689,478,0,-232,1
144,52,5,408,0,-27,1
144,53,381,290,0,-132,1
144,54,474,395,0,-183,1
144,55,610,215,0,-179,1
144,56,254,734,0,-75,1
144,58,440,485,0,18,1
144,60,335,65,0,-83,1
144,63,466,36,0,-78,1
144,64,88,634,0,-179,1
144,66,642,168,0,20,1
144,67,714,220,0,-214,1
144,68,105,711,0,-199,1
144,69,493,503,0,-117,1
144,71,55,139,0,-123,1
144,72,190,35,0,-193,1
144,73,124,566,0,-204,1
144,74,89,547,0,85,0
144,75,433,469,0,-161,0
144,76,208,712,0,21,1
144,77,688,490,0,73,1
144,78,382,728,0,47,1
144,79,712,152,0,21,1
144,81,257,23,0,-233,1
144,82,199,36,0,-185,1
144,83,246,512,0,-127,1
145,0,443,239,0,-76,0
145,1,731,450,0,-142,0
145,2,364,494,0,-106,0
145,3,49,270,0,-241,0
145,4,209,577,0,-48,0
145,5,608,695,0,77,0
145,6,402,497,0,-127,0
145,7,629,35,0,77,0
145,8,194,714,0,-255,0
145,9,694,703,0,-134,0
145,10,720,455,0,-181,0
145,11,351,271,0,-63,0
145,12,320,464,0,-81,0
145,13,673,330,0,-186,0
145,14,460,181,0,-243,0
145,15,690,558,0,-70,0
145,16,184,133,0,-8,0
145,17,577,12,0,-141,0
145,18,517,735,0,64,0
145,19,320,37,0,-77,0
145,21,18,161,0,-43,1
145,22,291,676,0,-132,1
145,23,381,90,0,-234,1
145,26,316,741,0,16,1
145,27,717,655,0,-205,1
145,28,534,476,0,-112,1
145,31,228,338,0,-69,1
145,32,300,384,0,-104,1
145,36,517,575,0,-146,1
145,39,461,23,0,-193,1
145,40,167,83,0,-103,1
145,41,255,7,0,72,1
145,42,473,603,0,-141,1
145,43,212,350,0,-156,1
145,44,234,523,0,-137,1
145,45,115,211,0,-157,1
145,46,615,222,0,-24,1
145,47,687,479,0,-232,1
145,52,7,405,0,-27,1
145,53,383,292,0,-132,1
145,54,474,398,0,-183,1
145,55,610,218,0,-179,1
145,56,257,733,0,-75,1
145,58,439,483,0,18,1
145,60,338,65,0,-83,1
145,63,468,35,0,-78,1
145,64,88,637,0,-179,1
145,66,641,165,0,20,1
145,67,713,222,0,-214,1
145,68,104,714,0,-199,1
145,69,496,505,0,-117,1
145,71,58,141,0,-123,1
145,72,189,38,0,-193,1
145,73,122,568,0,-204,1
145,74,86,546,0,85,0
145,75,434,472,0,-161,0
145,76,207,709,0,21,1
145,77,685,489,0,73,1
145,78,380,726,0,47,1
145,79,710,149,0,21,1
145,81,255,25,0,-233,1
145,82,199,39,0,-185,1
145,83,248,514,0,-127,1
146,0,446,238,0,-76,0
146,1,733,452,0,-142,0
146,2,367,495,0,-106,0
146,3,46,270,0,-267,0
146,4,211,575,0,-48,0
146,5,605,694,0,77,0
146,6,404,499,0,-127,0
146,7,626,35,0,-264,0
146,8,192,715,0,-255,0
146,9,696,705,0,-134,0
146,10,720,458,0,-181,0
146,11,354,270,0,-63,0
146,12,323,463,0,-81,0
146,13,672,332,0,-186,0
146,14,460,181,0,-243,0
146,15,690,558,0,-70,0
146,16,184,133,0,-8,0
146,17,578,15,0,-169,0
146,18,515,734,0,64,0
146,19,323,37,0,-77,0
146,21,19,158,0,-15,1
146,22,294,678,0,-132,1
146,23,378,92,0,-234,1
146,26,315,738,0,16,1
146,27,716,657,0,-205,1
146,28,537,477,0,-112,1
146,31,231,337,0,-69,1
146,32,302,386,0,-133,1
146,36,517,578,0,-175,1
146,39,460,26,0,-193,1
146,40,170,84,0,-103,1
146,41,252,6,0,72,1
146,42,476,604,0,-113,1
146,43,213,353,0,-156,1
146,44,236,525,0,-137,1
146,45,115,214,0,-176,1
146,46,616,219,0,-24,1
146,47,685,481,0,-232,1
146,52,8,402,0,-27,1
146,53,385,294,0,-131,1
146,54,473,401,0,-183,1
146,55,610,221,0,-179,1
146,56,260,732,0,-75,1
146,58,439,480,0,-9,1
146,60,341,65,0,-83,1
146,63,471,35,0,-78,1
146,64,88,640,0,-179,1
146,66,640,162,0,15,1
146,67,711,225,0,-214,1
146,68,103,717,0,-199,1
146,69,498,506,0,-117,1
146,71,60,143,0,-123,1
146,72,188,41,0,-193,1
146,73,121,571,0,-204,1
146,74,83,546,0,85,0
146,75,435,475,0,-161,0
146,77,682,488,0,73,1
146,78,378,724,0,47,1
146,79,708,147,0,50,1
146,81,252,26,0,-233,1
146,82,199,42,0,-185,1
146,83,250,516,0,-127,1
147,0,449,237,0,-76,0
147,1,736,454,0,-119,0
147,2,370,495,0,-106,0
147,3,43,270,0,-267,0
147,4,213,573,0,-48,0
147,5,602,693,0,77,0
147,6,407,500,0,-122,0
147,7,623,36,0,-264,0
147,8,192,715,0,-255,0
147,9,697,708,0,-164,0
147,10,720,461,0,-193,0
147,11,356,268,0,-51,0
147,12,326,463,0,-81,0
147,13,672,335,0,-186,0
147,14,460,181,0,-243,0
147,15,690,558,0,-70,0
147,16,184,133,0,-8,0
147,17,578,18,0,-169,0
147,18,512,733,0,64,0
147,19,326,36,0,-77,0
147,21,20,155,0,-15,1
147,22,296,680,0,-132,1
147,23,376,94,0,-220,1
147,26,314,736,0,16,1
147,27,715,660,0,-205,1
147,28,540,478,0,-112,1
147,31,233,334,0,-39,1
147,32,305,388,0,-133,1
147,36,519,580,0,-147,1
147,39,459,29,0,-201,1
147,40,173,85,0,-103,1
147,41,249,5,0,72,1
147,42,478,605,0,-113,1
147,43,215,356,0,-156,1
147,44,238,527,0,-137,1
147,45,115,217,0,-191,1
147,46,617,217,0,-24,1
147,47,682,483,0,-232,1
147,52,10,400,0,-27,1
147,53,387,296,0,-131,1
147,54,473,404,0,-183,1
147,55,610,224,0,-179,1
147,56,263,731,0,-75,1
147,58,440,477,0,-9,1
147,60,344,64,0,-83,1
147,63,474,34,0,-78,1
147,64,88,643,0,-179,1
147,66,639,160,0,15,1
147,67,709,227,0,-226,1
147,68,102,719,0,-208,1
147,69,501,507,0,-117,1
147,71,63,144,0,-123,1
147,72,188,44,0,-193,1
147,73,120,574,0,-204,1
147,74,80,546,0,85,0
147,75,436,478,0,-161,0
147,77,679,488,0,73,1
147,78,376,722,0,47,1
147,79,706,146,0,50,1
147,81,250,28,0,-233,1
147,82,198,45,0,-185,1
147,83,252,518,0,-144,1
148,0,452,237,0,-76,0
148,1,738,456,0,-131,0
148,2,373,496,0,-106,0
148,3,40,270,0,-267,0
148,4,216,572,0,-72,0
148,5,599,693,0,77,0
148,6,409,502,0,-122,0
148,7,620,36,0,-264,0
148,8,192,715,0,-255,0
148,9,698,711,0,-164,0
148,10,720,464,0,-180,0
148,11,358,266,0,-51,0
148,12,329,461,0,-58,0
148,13,671,338,0,-196,0
148,14,460,181,0,-243,0
148,15,690,558,0,-70,0
148,16,184,133,0,-8,0
148,17,579,21,0,-170,0
148,18,509,731,0,64,0
148,19,328,34,0,-48,0
148,21,21,152,0,-15,1
148,22,297,683,0,-159,1
148,23,374,97,0,-220,1
148,26,313,733,0,16,1
148,27,713,663,0,-210,1
148,28,542,480,0,-112,1
148,31,235,332,0,-39,1
148,32,307,390,0,-133,1
148,36,519,583,0,-166,1
148,39,459,32,0,-176,1
148,40,176,85,0,-103,1
148,41,246,4,0,72,1
148,42,481,606,0,-113,1
148,43,215,359,0,-163,1
148,44,240,529,0,-132,1
148,45,114,220,0,-191,1
148,46,618,214,0,-24,1
148,47,680,485,0,-232,1
148,52,11,397,0,-27,1
148,53,390,298,0,-131,1
148,54,472,407,0,-198,1
148,55,610,227,0,-179,1
148,56,266,730,0,-75,1
148,58,440,474,0,6,1
148,60,347,63,0,-72,1
148,63,477,33,0,-78,1
148,64,88,646,0,-179,1
148,66,638,157,0,15,1
148,67,706,228,0,-247,1
148,68,100,722,0,-208,1
148,69,504,509,0,-117,1
148,71,65,146,0,-123,1
148,72,187,47,0,-193,1
148,73,119,577,0,-204,1
148,74,77,546,0,85,0
148,75,436,481,0,-178,0
148,77,676,487,0,73,1
148,78,373,720,0,47,1
148,79,704,144,0,50,1
148,81,248,30,0,-233,1
148,82,198,48,0,-185,1
148,83,254,521,0,-144,1
149,0,455,237,0,-95,0
149,1,740,458,0,-126,0
149,2,376,497,0,-106,0
149,3,37,271,0,-267,0
149,4,219,571,0,-72,0
149,5,596,692,0,77,0
149,6,412,504,0,-122,0
149,7,617,36,0,-264,0
149,8,192,715,0,-255,0
149,9,699,714,0,-164,0
149,10,720,467,0,-180,0
149,11,361,265,0,-78,0
149,12,332,460,0,-75,0
149,13,670,341,0,-196,0
149,14,460,181,0,-243,0
149,15,690,558,0,-70,0
149,16,184,133,0,-8,0
149,17,579,23,0,-170,0
149,18,507,730,0,64,0
149,19,330,32,0,-48,0
149,21,22,150,0,-30,1
149,22,298,686,0,-159,1
149,23,372,99,0,-220,1
149,26,313,730,0,16,1
149,27,712,665,0,-210,1
149,28,545,481,0,-112,1
149,31,237,330,0,-39,1
149,32,309,393,0,-144,1
149,36,520,586,0,-166,1
149,39,460,35,0,-176,1
149,40,179,86,0,-106,1
149,41,243,3,0,72,1
149,42,484,608,0,-113,1
149,43,215,361,0,-186,1
149,44,243,531,0,-132,1
149,45,114,223,0,-191,1
149,46,619,211,0,-24,1
149,47,677,487,0,-232,1
149,52,12,394,0,-23,1
149,53,392,300,0,-131,1
149,54,471,410,0,-198,1
149,55,609,230,0,-201,1
149,56,269,730,0,-75,1
149,58,439,471,0,6,1
149,60,350,62,0,-72,1
149,63,480,33,0,-78,1
149,64,88,649,0,-179,1
149,66,637,154,0,15,1
149,67,703,229,0,-247,1
149,68,99,725,0,-208,1
149,69,506,510,0,-117,1
149,71,68,148,0,-127,1
149,72,186,50,0,-193,1
149,73,118,579,0,-204,1
149,74,74,545,0,85,0
149,75,436,484,0,-178,0
149,77,673,486,0,73,1
149,78,371,718,0,47,1
149,79,702,141,0,22,1
149,81,245,32,0,-233,1
149,82,198,51,0,-180,1
149,83,257,522,0,-117,1
150,0,458,237,0,-95,0
150,1,743,459,0,-126,0
150,2,379,498,0,-106,0
150,3,34,271,0,-267,0
150,4,222,570,0,-66,0
150,5,593,691,0,77,0
150,6,415,505,0,-122,0
150,7,615,37,0,-264,0
150,8,192,715,0,-255,0
150,9,700,717,0,-164,0
150,10,720,470,0,-180,0
150,11,364,264,0,-69,0
150,12,335,460,0,-75,0
150,13,670,344,0,-196,0
150,14,460,181,0,-243,0
150,15,690,558,0,-70,0
150,16,184,133,0,-8,0
150,17,580,26,0,-170,0
150,18,504,729,0,64,0
150,19,332,30,0,-48,0
150,21,24,147,0,-30,1
150,22,299,688,0,-159,1
150,23,370,101,0,-220,1
150,26,312,727,0,16,1
150,27,711,668,0,-203,1
150,28,548,482,0,-112,1
150,31,238,327,0,-39,1
150,32,310,395,0,-144,1
150,36,521,589,0,-166,1
150,39,460,38,0,-176,1
150,40,181,87,0,-106,1
150,41,241,2,0,72,1
150,42,487,609,0,-113,1
150,43,215,364,0,-186,1
150,44,245,533,0,-132,1
150,45,113,226,0,-184,1
150,46,621,209,0,-42,1
150,47,675,489,0,-232,1
150,52,12,391,0,5,1
150,53,394,302,0,-131,1
150,54,471,413,0,-198,1
150,55,608,233,0,-201,1
150,56,272,729,0,-75,1
150,58,439,468,0,6,1
150,60,353,61,0,-72,1
150,63,483,32,0,-78,1
150,64,88,652,0,-179,1
150,66,636,151,0,35,1
150,67,701,231,0,-238,1
150,68,97,727,0,-231,1
150,69,509,511,0,-117,1
150,71,70,150,0,-127,1
150,72,187,53,0,-167,1
150,73,116,582,0,-204,1
150,74,71,545,0,85,0
150,75,436,487,0,-178,0
150,77,670,485,0,73,1
150,78,369,716,0,47,1
150,79,701,138,0,22,1
150,81,242,33,0,-247,1
150,82,198,54,0,-180,1
150,83,259,523,0,-117,1
151,0,461,237,0,-95,0
151,1,745,461,0,-126,0
151,2,382,499,0,-106,0
151,3,31,271,0,-267,0
151,4,225,569,0,-66,0
151,5,590,691,0,77,0
151,6,417,506,0,-107,0
151,7,612,37,0,-263,0
151,8,192,715,0,-255,0
151,9,701,719,0,-164,0
151,10,720,473,0,-179,0
151,11,367,263,0,-69,0
151,12,338,459,0,-75,0
151,13,669,347,0,-196,0
151,14,460,181,0,-243,0
151,15,690,558,0,-70,0
151,16,184,133,0,-8,0
151,17,580,29,0,-170,0
151,18,501,727,0,64,0
151,19,335,28,0,-48,0
151,21,25,144,0,-30,1
151,22,300,691,0,-159,1
151,23,368,103,0,-220,1
151,26,311,724,0,16,1
151,27,710,671,0,-203,1
151,28,551,483,0,-112,1
151,31,240,325,0,-39,1
151,32,312,398,0,-144,1
151,36,522,592,0,-166,1
151,39,460,41,0,-176,1
151,40,184,88,0,-106,1
151,41,238,2,0,-260,1
151,42,490,609,0,-98,1
151,43,216,367,0,-158,1
151,44,247,535,0,-132,1
151,45,113,229,0,-184,1
151,46,623,207,0,-42,1
151,47,673,491,0,-220,1
151,52,12,388,0,5,1
151,53,396,304,0,-131,1
151,54,470,416,0,-198,1
151,55,607,235,0,-209,1
151,56,275,728,0,-75,1
151,58,439,465,0,6,1
151,60,355,61,0,-72,1
151,63,486,32,0,-78,1
151,64,88,655,0,-179,1
151,66,634,149,0,35,1
151,67,698,233,0,-238,1
151,68,94,728,0,-231,1
151,69,512,513,0,-117,1
151,71,73,151,0,-121,1
151,72,188,55,0,-167,1
151,73,115,585,0,-204,1
151,74,68,545,0,85,0
151,75,437,490,0,-178,0
151,77,668,483,0,51,1
151,78,367,714,0,47,1
151,79,702,135,0,-7,1
151,81,240,34,0,-247,1
151,82,198,57,0,-180,1
151,83,262,525,0,-117,1
152,0,463,238,0,-95,0
152,1,748,463,0,-126,0
152,2,385,500,0,-106,0
152,3,28,271,0,-267,0
152,4,228,568,0,-75,0
152,5,587,690,0,77,0
152,6,420,507,0,-107,0
152,7,609,38,0,-261,0
152,8,192,715,0,-255,0
152,9,701,722,0,-164,0
152,10,720,476,0,-179,0
152,11,370,263,0,-88,0
152,12,341,460,0,-104,0
152,13,668,350,0,-196,0
152,14,460,181,0,-243,0
152,15,690,558,0,-70,0
152,16,184,133,0,-8,0
152,17,581,32,0,-170,0
152,18,498,726,0,64,0
152,19,337,27,0,-66,0
152,21,26,141,0,-10,1
152,22,301,694,0,-159,1
152,23,367,106,0,-220,1
152,26,310,721,0,16,1
152,27,708,674,0,-203,1
152,28,553,484,0,-118,1
152,31,242,323,0,-46,1
152,32,314,400,0,-144,1
152,36,521,595,0,-195,1
152,39,460,44,0,-176,1
152,40,187,89,0,-106,1
152,41,235,3,0,-251,1
152,42,493,610,0,-98,1
152,43,217,370,0,-158,1
152,44,249,537,0,-132,1
152,45,113,232,0,-184,1
152,46,625,204,0,-42,1
152,47,671,493,0,-220,1
152,52,11,385,0,5,1
152,53,399,306,0,-131,1
152,54,469,419,0,-198,1
152,55,605,238,0,-209,1
152,56,277,727,0,-75,1
152,58,438,462,0,6,1
152,60,358,60,0,-72,1
152,63,489,31,0,-78,1
152,64,88,658,0,-179,1
152,66,632,146,0,35,1
152,67,696,234,0,-238,1
152,68,92,730,0,-231,1
152,69,514,514,0,-117,1
152,71,75,153,0,-121,1
152,72,188,58,0,-167,1
152,73,114,588,0,-204,1
152,74,65,545,0,85,0
152,75,437,493,0,-178,0
152,77,666,481,0,51,1
152,78,365,712,0,47,1
152,79,702,132,0,-7,1
152,81,237,35,0,-247,1
152,82,198,60,0,-180,1
152,83,265,526,0,-117,1
152,84,26,141,0,-15,1
153,0,466,236,0,-65,0
153,1,750,465,0,-126,0
153,2,387,500,0,-106,0
153,3,25,271,0,-267,0
153,4,230,567,0,-75,0
153,5,584,689,0,77,0
153,6,423,508,0,-107,0
153,7,606,38,0,-261,0
153,8,192,715,0,-255,0
153,9,702,725,0,-164,0
153,10,720,479,0,-179,0
153,11,373,263,0,-88,0
153,12,343,460,0,-104,0
153,13,667,353,0,-196,0
153,14,460,181,0,-243,0
153,15,690,558,0,-70,0
153,16,184,133,0,-8,0
153,17,580,35,0,-196,0
153,18,496,725,0,64,0
153,19,340,25,0,-66,0
153,21,26,138,0,-10,1
153,22,302,697,0,-159,1
153,23,365,108,0,-207,1
153,26,309,718,0,16,1
153,27,707,676,0,-203,1
153,28,556,486,0,-118,1
153,31,245,321,0,-46,1
153,32,316,403,0,-144,1
153,36,520,598,0,-195,1
153,39,460,47,0,-176,1
153,40,190,89,0,-106,1
153,41,232,4,0,-251,1
153,42,496,609,0,-72,1
153,43,218,373,0,-158,1
153,44,251,539,0,-132,1
153,45,113,235,0,-184,1
153,46,627,202,0,-42,1
153,47,669,495,0,-220,1
153,52,11,382,0,5,1
153,53,401,307,0,-131,1
153,54,468,422,0,-198,1
153,55,604,241,0,-209,1
153,56,280,726,0,-75,1
153,58,438,459,0,6,1
153,60,361,59,0,-72,1
153,63,492,30,0,-78,1
153,64,88,661,0,-179,1
153,66,630,144,0,37,1
153,67,693,236,0,-238,1
153,68,90,732,0,-231,1
153,69,517,515,0,-117,1
153,71,78,153,0,-96,1
153,72,189,61,0,-167,1
153,73,113,590,0,-204,1
153,74,62,544,0,85,0
153,75,436,496,0,-200,0
153,77,664,479,0,51,1
153,78,362,709,0,47,1
153,79,702,129,0,-6,1
153,81,235,38,0,-225,1
153,82,198,63,0,-180,1
153,83,267,528,0,-117,1
153,84,27,139,0,-15,1
154,0,469,235,0,-65,0
154,1,2,466,0,-126,0
154,2,390,501,0,-106,0
154,3,22,271,0,-267,0
154,4,233,567,0,-77,0
154,5,582,688,0,56,0
154,6,426,509,0,-107,0
154,7,603,38,0,-261,0
154,8,192,715,0,-255,0
154,9,703,728,0,-164,0
154,10,720,482,0,-179,0
154,11,376,263,0,-88,0
154,12,346,461,0,-104,0
154,13,667,356,0,-183,0
154,14,460,181,0,-243,0
154,15,690,558,0,-70,0
154,16,184,133,0,-8,0
154,17,578,37,0,-222,0
154,18,493,725,0,88,0
154,19,343,24,0,-66,0
154,21,27,135,0,-10,1
154,22,303,700,0,-159,1
154,23,364,111,0,-207,1
154,26,309,715,0,16,1
154,27,706,679,0,-203,1
154,28,558,488,0,-138,1
154,31,247,319,0,-46,1
154,32,317,405,0,-144,1
154,36,519,600,0,-195,1
154,39,461,50,0,-179,1
154,40,193,90,0,-106,1
154,41,229,4,0,89,1
154,42,498,608,0,-72,1
154,43,219,376,0,-158,1
154,44,254,541,0,-132,1
154,45,111,237,0,-209,1
154,46,629,200,0,-42,1
154,47,668,498,0,-198,1
154,52,11,379,0,5,1
154,53,403,310,0,-140,1
154,54,467,424,0,-198,1
154,55,602,243,0,-209,1
154,56,283,726,0,-75,1
154,58,437,456,0,14,1
154,60,363,57,0,-51,1
154,63,495,30,0,-78,1
154,64,88,664,0,-179,1
154,66,629,142,0,37,1
154,67,691,237,0,-238,1
154,68,87,734,0,-231,1
154,69,520,517,0,-117,1
154,71,81,153,0,-96,1
154,72,190,64,0,-167,1
154,73,112,593,0,-203,1
154,74,59,544,0,85,0
154,75,435,498,0,-200,0
154,77,661,477,0,51,1
154,78,360,707,0,47,1
154,79,703,126,0,-6,1
154,81,233,40,0,-225,1
154,82,198,66,0,-180,1
154,83,270,529,0,-117,1
154,84,28,136,0,-15,1
155,0,472,234,0,-65,0
155,1,5,468,0,-126,0
155,2,393,502,0,-106,0
155,3,19,271,0,-267,0
155,4,236,567,0,-101,0
155,5,579,687,0,79,0
155,6,429,509,0,-97,0
155,7,600,39,0,-261,0
155,8,192,715,0,-255,0
155,9,704,731,0,-164,0
155,10,720,485,0,-179,0
155,11,379,263,0,-88,0
155,12,349,462,0,-104,0
155,13,667,359,0,-183,0
155,14,460,181,0,-243,0
155,15,690,558,0,-70,0
155,16,184,133,0,-8,0
155,17,576,40,0,-222,0
155,18,490,725,0,88,0
155,19,346,23,0,-66,0
155,21,27,133,0,-10,1
155,22,304,703,0,-159,1
155,23,362,114,0,-207,1
155,26,307,713,0,25,1
155,27,705,682,0,-203,1
155,28,561,490,0,-125,1
155,31,249,317,0,-46,1
155,32,320,407,0,-127,1
155,36,518,603,0,-195,1
155,39,461,53,0,-179,1
155,40,196,91,0,-106,1
155,41,226,4,0,89,1
155,42,501,607,0,-72,1
155,43,220,378,0,-158,1
155,44,256,543,0,-132,1
155,45,111,240,0,-180,1
155,46,631,198,0,-42,1
155,47,667,501,0,-198,1
155,52,11,376,0,5,1
155,53,405,312,0,-140,1
155,54,466,427,0,-198,1
155,55,601,246,0,-209,1
155,56,286,725,0,-75,1
155,58,437,453,0,14,1
155,60,366,55,0,-51,1
155,63,498,29,0,-78,1
155,64,87,667,0,-205,1
155,66,628,139,0,13,1
155,67,688,239,0,-238,1
155,68,85,736,0,-231,1
155,69,522,518,0,-117,1
155,71,84,154,0,-96,1
155,72,190,67,0,-167,1
155,73,110,596,0,-203,1
155,74,56,544,0,85,0
155,75,434,501,0,-200,0
155,77,659,476,0,51,1
155,78,358,705,0,47,1
155,79,703,123,0,-6,1
155,81,231,42,0,-225,1
155,82,198,69,0,-180,1
155,83,273,530,0,-117,1
155,84,28,133,0,-15,1
156,0,474,233,0,-65,0
156,1,7,470,0,-126,0
156,2,396,503,0,-106,0
156,3,16,272,0,-267,0
156,4,239,569,0,-129,0
156,5,576,686,0,61,0
156,6,432,509,0,-97,0
156,7,597,39,0,-261,0
156,8,192,715,0,-255,0
156,9,706,733,0,-144,0
156,10,720,488,0,-179,0
156,11,382,263,0,-88,0
156,12,352,463,0,-113,0
156,13,667,362,0,-183,0
156,14,460,181,0,-243,0
156,15,690,558,0,-70,0
156,16,184,133,0,-8,0
156,17,574,42,0,-222,0
156,18,487,725,0,88,0
156,19,348,22,0,-66,0
156,21,28,130,0,-10,1
156,22,305,705,0,-159,1
156,23,361,116,0,-207,1
156,26,306,710,0,25,1
156,27,704,685,0,-203,1
156,28,563,491,0,-125,1
156,31,251,315,0,-46,1
156,32,322,409,0,-127,1
156,36,517,606,0,-198,1
156,39,461,56,0,-179,1
156,40,199,92,0,-106,1
156,41,223,3,0,65,1
156,42,504,606,0,-72,1
156,43,222,381,0,-158,1
156,44,258,545,0,-132,1
156,45,111,243,0,-180,1
156,46,633,195,0,-42,1
156,47,666,504,0,-198,1
156,52,10,373,0,5,1
156,53,407,314,0,-140,1
156,54,465,430,0,-198,1
156,55,599,248,0,-215,1
156,56,289,724,0,-75,1
156,58,436,450,0,14,1
156,60,368,53,0,-51,1
156,63,501,29,0,-78,1
156,64,86,670,0,-205,1
156,66,628,136,0,-9,1
156,67,686,241,0,-238,1
156,68,83,738,0,-231,1
156,69,525,519,0,-97,1
156,71,87,154,0,-96,1
156,72,191,70,0,-167,1
156,73,109,598,0,-218,1
156,74,53,543,0,85,0
156,75,433,504,0,-200,0
156,77,657,474,0,51,1
156,78,356,703,0,47,1
156,79,703,120,0,-6,1
156,81,228,44,0,-225,1
156,82,198,72,0,-180,1
156,83,275,532,0,-137,1
156,84,29,130,0,-15,1
157,0,477,231,0,-65,0
157,1,10,471,0,-106,0
157,2,399,503,0,-83,0
157,3,13,272,0,-267,0
157,4,241,571,0,-129,0
157,5,574,684,0,61,0
157,6,435,510,0,-97,0
157,7,594,40,0,-261,0
157,8,192,715,0,-255,0
157,9,708,735,0,-126,0
157,10,720,491,0,-179,0
157,11,385,263,0,-88,0
157,12,355,464,0,-113,0
157,13,666,365,0,-183,0
157,14,460,181,0,-243,0
157,15,690,558,0,-70,0
157,16,184,133,0,-8,0
157,17,572,44,0,-222,0
157,18,484,724,0,88,0
157,19,351,22,0,-96,0
157,21,28,127,0,-10,1
157,22,307,708,0,-159,1
157,23,360,119,0,-207,1
157,26,305,707,0,25,1
157,27,703,687,0,-203,1
157,28,565,493,0,-132,1
157,31,253,313,0,-46,1
157,32,324,411,0,-132,1
157,36,517,609,0,-198,1
157,39,461,59,0,-179,1
157,40,202,93,0,-106,1
157,41,220,2,0,65,1
157,42,506,604,0,-49,1
157,43,223,384,0,-158,1
157,44,260,547,0,-132,1
157,45,111,246,0,-180,1
157,46,635,193,0,-42,1
157,47,666,507,0,-198,1
157,52,9,371,0,31,1
157,53,408,317,0,-158,1
157,54,464,433,0,-198,1
157,55,597,251,0,-215,1
157,56,292,723,0,-65,1
157,58,435,447,0,22,1
157,60,370,51,0,-51,1
157,63,504,28,0,-78,1
157,64,84,672,0,-205,1
157,66,629,133,0,-9,1
157,67,683,242,0,-245,1
157,68,80,740,0,-231,1
157,69,528,519,0,-97,1
157,71,90,154,0,-96,1
157,72,191,73,0,-179,1
157,73,107,601,0,-218,1
157,74,50,543,0,85,0
157,75,431,507,0,-200,0
157,77,654,473,0,74,1
157,78,355,701,0,21,1
157,79,704,117,0,-6,1
157,81,226,46,0,-225,1
157,82,198,75,0,-180,1
157,83,277,535,0,-137,1
157,84,30,127,0,-15,1
158,0,480,230,0,-65,0
158,1,13,472,0,-106,0
158,2,402,502,0,-83,0
158,3,10,272,0,-267,0
158,4,244,572,0,-109,0
158,5,571,683,0,72,0
158,6,438,510,0,-97,0
158,7,591,40,0,-261,0
158,8,192,715,0,-255,0
158,9,711,737,0,-126,0
158,10,721,494,0,-152,0
158,11,388,262,0,-88,0
158,12,358,465,0,-113,0
158,13,666,368,0,-183,0
158,14,460,181,0,-243,0
158,15,690,558,0,-70,0
158,16,184,133,0,-8,0
158,17,570,47,0,-219,0
158,18,481,724,0,88,0
158,19,354,22,0,-96,0
158,21,29,124,0,-10,1
158,22,308,711,0,-159,1
158,23,358,122,0,-207,1
158,26,303,705,0,25,1
158,27,701,690,0,-203,1
158,28,567,495,0,-132,1
158,31,255,310,0,-46,1
158,32,327,413,0,-132,1
158,36,516,612,0,-198,1
158,39,461,62,0,-179,1
158,40,204,93,0,-106,1
158,41,218,0,0,65,1
158,42,509,602,0,-49,1
158,43,224,387,0,-158,1
158,44,263,549,0,-132,1
158,45,111,249,0,-180,1
158,46,638,192,0,-56,1
158,47,665,510,0,-198,1
158,52,7,368,0,31,1
158,53,409,320,0,-158,1
158,54,463,436,0,-198,1
158,55,596,253,0,-215,1
158,56,294,722,0,-65,1
158,58,434,445,0,22,1
158,60,373,49,0,-51,1
158,63,507,27,0,-78,1
158,64,83,675,0,-205,1
158,66,629,130,0,-9,1
158,67,680,243,0,-245,1
158,68,78,742,0,-231,1
158,69,531,519,0,-97,1
158,71,93,153,0,-71,1
158,72,191,76,0,-179,1
158,73,105,603,0,-218,1
158,74,47,543,0,85,0
158,75,430,510,0,-200,0
158,77,651,472,0,74,1
158,78,354,698,0,21,1
158,79,705,115,0,-30,1
158,81,224,48,0,-225,1
158,82,198,78,0,-180,1
158,83,279,537,0,-137,1
158,84,31,124,0,-15,1
159,0,483,230,0,-86,0
159,1,16,472,0,-106,0
159,2,405,501,0,-72,0
159,3,7,272,0,-267,0
159,4,247,573,0,-109,0
159,5,568,682,0,72,0
159,6,441,511,0,-97,0
159,7,588,41,0,-261,0
159,8,192,715,0,-255,0
159,9,713,739,0,-126,0
159,10,723,497,0,-152,0
159,11,391,263,0,-111,0
159,12,360,466,0,-113,0
159,13,666,371,0,-183,0
159,14,460,181,0,-243,0
159,15,690,558,0,-70,0
159,16,184,133,0,-8,0
159,17,568,49,0,-219,0
159,18,478,724,0,88,0
159,19,357,23,0,-96,0
159,21,29,121,0,-10,1
159,22,309,714,0,-159,1
159,23,357,124,0,-207,1
159,26,302,702,0,25,1
159,27,700,693,0,-203,1
159,28,570,497,0,-132,1
159,31,256,308,0,-19,1
159,32,329,415,0,-132,1
159,36,515,615,0,-198,1
159,39,461,65,0,-179,1
159,40,207,94,0,-106,1
159,41,215,-1,0,65,1
159,42,511,600,0,-49,1
159,43,225,390,0,-158,1
159,44,265,551,0,-132,1
159,45,111,252,0,-180,1
159,46,640,190,0,-56,1
159,47,664,513,0,-198,1
159,52,6,366,0,31,1
159,53,410,323,0,-158,1
159,54,462,439,0,-198,1
159,55,594,256,0,-215,1
159,56,297,720,0,-65,1
159,58,432,442,0,22,1
159,60,375,47,0,-51,1
159,63,509,26,0,-57,1
159,64,82,678,0,-205,1
159,66,631,127,0,-30,1
159,67,677,244,0,-255,1
159,68,76,744,0,-231,1
159,69,534,520,0,-97,1
159,71,96,152,0,-71,1
159,72,191,79,0,-179,1
159,73,103,605,0,-218,1
159,74,44,543,0,85,0
159,75,429,512,0,-200,0
159,77,648,471,0,74,1
159,78,354,695,0,1,1
159,79,707,112,0,-30,1
159,81,222,50,0,-225,1
159,82,198,81,0,-180,1
159,83,281,539,0,-137,1
159,84,32,121,0,-15,1
160,0,486,229,0,-73,0
160,1,19,473,0,-108,0
160,2,408,500,0,-72,0
160,3,4,272,0,-267,0
160,4,249,574,0,-109,0
160,5,565,681,0,72,0
160,6,444,511,0,-97,0
160,7,585,41,0,-261,0
160,8,192,715,0,-255,0
160,9,715,741,0,-150,0
160,10,724,499,0,-151,0
160,11,393,265,0,-111,0
160,12,363,468,0,-113,0
160,13,666,374,0,-183,0
160,14,460,181,0,-243,0
160,15,690,558,0,-70,0
160,16,184,133,0,-8,0
160,17,566,51,0,-219,0
160,18,475,724,0,88,0
160,19,360,23,0,-96,0
160,21,30,118,0,-10,1
160,22,310,717,0,-159,1
160,23,356,127,0,-207,1
160,26,301,699,0,25,1
160,27,699,696,0,-209,1
160,28,572,499,0,-132,1
160,31,257,305,0,-19,1
160,32,331,417,0,-132,1
160,36,514,618,0,-198,1
160,39,461,68,0,-179,1
160,40,210,95,0,-106,1
160,41,212,749,0,65,1
160,42,513,598,0,-49,1
160,43,226,392,0,-158,1
160,44,267,553,0,-132,1
160,45,111,255,0,-180,1
160,46,643,188,0,-56,1
160,47,663,515,0,-198,1
160,52,4,363,0,31,1
160,53,411,325,0,-158,1
160,54,461,442,0,-198,1
160,55,592,258,0,-215,1
160,56,300,719,0,-65,1
160,58,431,439,0,22,1
160,60,377,45,0,-51,1
160,63,512,24,0,-57,1
160,64,81,681,0,-205,1
160,66,631,124,0,-3,1
160,67,674,245,0,-255,1
160,68,73,745,0,-240,1
160,69,537,520,0,-97,1
160,71,99,151,0,-71,1
160,72,191,82,0,-179,1
160,73,101,608,0,-218,1
160,74,41,542,0,85,0
160,75,428,515,0,-200,0
160,77,645,470,0,74,1
160,78,353,692,0,9,1
160,79,708,109,0,-30,1
160,81,220,52,0,-225,1
160,82,197,84,0,-201,1
160,83,283,541,0,-137,1
160,84,32,118,0,-15,1
161,0,489,228,0,-73,0
161,1,22,474,0,-108,0
161,2,411,500,0,-72,0
161,3,1,272,0,-267,0
161,4,252,575,0,-109,0
161,5,562,680,0,72,0
161,6,447,511,0,-97,0
161,7,582,42,0,-261,0
161,8,192,715,0,-255,0
161,9,716,744,0,-150,0
161,10,726,502,0,-151,0
161,11,396,266,0,-111,0
161,12,366,468,0,-98,0
161,13,666,377,0,-183,0
161,14,460,181,0,-243,0
161,15,690,558,0,-70,0
161,16,184,133,0,-8,0
161,17,565,54,0,-219,0
161,18,472,724,0,88,0
161,19,363,23,0,-96,0
161,21,30,115,0,-10,1
161,22,311,719,0,-159,1
161,23,354,130,0,-207,1
161,26,300,696,0,25,1
161,27,697,698,0,-209,1
161,28,574,501,0,-132,1
161,31,258,302,0,-12,1
161,32,333,419,0,-132,1
161,36,513,620,0,-198,1
161,39,461,71,0,-179,1
161,40,213,96,0,-106,1
161,41,210,747,0,65,1
161,42,515,596,0,-49,1
161,43,227,395,0,-158,1
161,44,269,555,0,-132,1
161,45,111,258,0,-180,1
161,46,645,186,0,-56,1
161,47,662,518,0,-198,1
161,52,3,361,0,31,1
161,53,413,328,0,-148,1
161,54,461,444,0,-198,1
161,55,591,261,0,-206,1
161,56,303,718,0,-65,1
161,58,430,436,0,22,1
161,60,380,44,0,-51,1
161,63,514,22,0,-57,1
161,64,79,683,0,-216,1
161,66,631,121,0,-3,1
161,67,671,244,0,77,1
161,68,71,747,0,-220,1
161,69,540,520,0,-97,1
161,71,102,150,0,-71,1
161,72,191,85,0,-179,1
161,73,99,610,0,-218,1
161,74,38,542,0,85,0
161,75,427,518,0,-200,0
161,77,642,470,0,74,1
161,78,353,689,0,9,1
161,79,710,107,0,-30,1
161,81,218,54,0,-225,1
161,82,196,86,0,-201,1
161,83,285,543,0,-124,1
161,84,33,115,0,-15,1
162,0,491,227,0,-73,0
162,1,25,475,0,-108,0
162,2,413,499,0,-72,0
162,3,-2,272,0,-267,0
162,4,255,576,0,-109,0
162,5,559,680,0,72,0
162,6,450,512,0,-97,0
162,7,579,42,0,89,0
162,8,192,715,0,-255,0
162,9,718,746,0,-150,0
162,10,728,504,0,-130,0
162,11,399,267,0,-111,0
162,12,369,469,0,-98,0
162,13,666,380,0,-183,0
162,14,460,181,0,-243,0
162,15,690,558,0,-70,0
162,16,184,133,0,-8,0
162,17,564,57,0,-189,0
162,18,469,724,0,88,0
162,19,366,24,0,-96,0
162,21,31,112,0,-10,1
162,22,312,722,0,-159,1
162,23,353,133,0,-207,1
162,26,298,694,0,25,1
162,27,696,701,0,-209,1
162,28,576,503,0,-132,1
162,31,259,299,0,-12,1
162,32,336,421,0,-132,1
162,36,513,623,0,-185,1
162,39,461,74,0,-179,1
162,40,216,97,0,-106,1
162,41,207,746,0,65,1
162,42,518,594,0,-49,1
162,43,227,398,0,-178,1
162,44,272,557,0,-127,1
162,45,112,261,0,-166,1
162,46,648,185,0,-56,1
162,47,661,521,0,-198,1
162,52,1,358,0,31,1
162,53,415,331,0,-148,1
162,54,461,447,0,-170,1
162,55,590,264,0,-199,1
162,56,305,716,0,-65,1
162,58,429,433,0,22,1
162,60,382,42,0,-51,1
162,63,517,21,0,-57,1
162,64,77,685,0,-216,1
162,66,630,118,0,22,1
162,67,668,245,0,-258,1
162,68,69,750,0,-220,1
162,69,543,521,0,-97,1
162,71,104,149,0,-71,1
162,72,192,88,0,-167,1
162,73,97,612,0,-218,1
162,74,35,542,0,85,0
162,75,426,521,0,-200,0
162,77,639,469,0,74,1
162,78,352,686,0,9,1
162,79,711,104,0,-30,1
162,81,216,57,0,-216,1
162,82,195,89,0,-201,1
162,83,288,545,0,-124,1
162,84,34,113,0,-15,1
163,0,494,226,0,-73,0
163,1,27,476,0,-108,0
163,2,416,498,0,-72,0
163,3,747,272,0,-267,0
163,4,258,577,0,-109,0
163,5,557,679,0,72,0
163,6,453,512,0,-97,0
163,7,576,42,0,89,0
163,8,192,715,0,-255,0
163,9,719,749,0,-150,0
163,10,731,505,0,-106,0
163,11,402,268,0,-111,0
163,12,372,469,0,-98,0
163,13,667,383,0,-158,0
163,14,460,181,0,-243,0
163,15,690,558,0,-70,0
163,16,184,133,0,-8,0
163,17,564,60,0,-189,0
163,18,466,724,0,88,0
163,19,369,24,0,-96,0
163,21,32,109,0,-22,1
163,22,312,725,0,-175,1
163,23,352,135,0,-207,1
163,26,296,692,0,52,1
163,27,694,703,0,-209,1
163,28,579,505,0,-132,1
163,31,261,297,0,-40,1
163,32,338,423,0,-132,1
163,36,514,626,0,-155,1
163,39,460,77,0,-204,1
163,40,219,96,0,-78,1
163,41,204,745,0,57,1
163,42,520,592,0,-49,1
163,43,228,401,0,-174,1
163,44,274,559,0,-139,1
163,45,113,264,0,-166,1
163,46,650,183,0,-49,1
163,47,660,524,0,-198,1
163,52,0,355,0,31,1
163,53,416,333,0,-148,1
163,54,461,450,0,-173,1
163,55,589,267,0,-199,1
163,56,308,715,0,-65,1
163,58,428,431,0,22,1
163,60,384,40,0,-51,1
163,63,520,20,0,-79,1
163,64,76,688,0,-200,1
163,66,630,116,0,8,1
163,67,665,245,0,-258,1
163,68,67,752,0,-220,1
163,69,546,521,0,-97,1
163,71,107,148,0,-71,1
163,72,193,91,0,-167,1
163,73,96,615,0,-218,1
163,74,32,542,0,85,0
163,75,425,524,0,-200,0
163,77,636,468,0,74,1
163,78,352,683,0,9,1
163,79,712,102,0,-30,1
163,81,214,59,0,-216,1
163,82,193,92,0,-210,1
163,83,290,546,0,-124,1
163,84,35,110,0,-15,1
164,0,497,225,0,-73,0
164,1,30,477,0,-108,0
164,2,419,497,0,-72,0
164,3,744,273,0,-267,0
164,4,261,578,0,-109,0
164,5,554,678,0,72,0
164,6,456,512,0,-97,0
164,7,573,42,0,89,0
164,8,192,715,0,-255,0
164,9,721,752,0,-150,0
164,10,734,506,0,-106,0
164,11,405,269,0,-111,0
164,12,375,469,0,-98,0
164,13,668,385,0,-158,0
164,14,460,181,0,-243,0
164,15,690,558,0,-70,0
164,16,184,133,0,-8,0
164,17,563,62,0,-189,0
164,18,463,724,0,88,0
164,19,372,24,0,-88,0
164,21,33,106,0,-22,1
164,22,312,728,0,-175,1
164,23,350,138,0,-207,1
164,26,294,690,0,52,1
164,27,693,706,0,-209,1
164,28,581,507,0,-132,1
164,31,262,294,0,-40,1
164,32,340,425,0,-132,1
164,36,515,629,0,-155,1
164,39,459,79,0,-204,1
164,40,222,95,0,-78,1
164,41,202,743,0,57,1
164,42,522,590,0,-49,1
164,43,228,404,0,-174,1
164,44,276,562,0,-139,1
164,45,114,267,0,-166,1
164,46,653,182,0,-77,1
164,47,659,527,0,-198,1
164,52,748,353,0,31,1
164,53,417,336,0,-160,1
164,54,462,453,0,-173,1
164,55,588,269,0,-199,1
164,56,311,714,0,-65,1
164,58,427,428,0,22,1
164,60,387,38,0,-51,1
164,63,522,19,0,-60,1
164,64,76,691,0,-183,1
164,66,629,113,0,8,1
164,67,663,246,0,-258,1
164,68,65,2,0,-220,1
164,69,549,521,0,-97,1
164,71,110,147,0,-71,1
164,72,193,94,0,-167,1
164,73,94,617,0,-218,1
164,74,29,541,0,85,0
164,75,424,527,0,-200,0
164,77,633,467,0,74,1
164,78,351,680,0,16,1
164,79,713,99,0,-18,1
164,81,213,62,0,-216,1
164,82,192,94,0,-210,1
164,83,293,548,0,-124,1
164,84,35,107,0,-15,1
165,0,500,225,0,-73,0
165,1,33,478,0,-108,0
165,2,422,496,0,-72,0
165,3,741,273,0,-267,0
165,4,264,579,0,-109,0
165,5,551,677,0,72,0
165,6,459,513,0,-97,0
165,7,570,42,0,89,0
165,8,192,715,0,-255,0
165,9,722,3,0,-153,0
165,10,737,506,0,-106,0
165,11,407,270,0,-111,0
165,12,378,470,0,-98,0
165,13,669,388,0,-158,0
165,14,460,181,0,-243,0
165,15,690,558,0,-70,0
165,16,184,133,0,-8,0
165,17,563,65,0,-189,0
165,18,460,724,0,88,0
165,19,375,24,0,-88,0
165,21,33,103,0,-7,1
165,22,313,731,0,-175,1
165,23,349,141,0,-207,1
165,26,291,688,0,52,1
165,27,691,708,0,-218,1
165,28,583,509,0,-132,1
165,31,264,292,0,-42,1
165,32,342,427,0,-132,1
165,36,516,632,0,-155,1
165,39,457,82,0,-204,1
165,40,225,95,0,-78,1
165,41,199,741,0,57,1
165,42,524,588,0,-49,1
165,43,228,407,0,-174,1
165,44,278,564,0,-139,1
165,45,114,270,0,-166,1
165,46,656,181,0,-77,1
165,47,658,530,0,-198,1
165,52,747,350,0,31,1
165,53,418,339,0,-160,1
165,54,462,456,0,-173,1
165,55,587,272,0,-199,1
165,56,314,713,0,-65,1
165,58,426,425,0,15,1
165,60,388,35,0,-34,1
165,63,524,17,0,-42,1
165,64,76,694,0,-183,1
165,66,629,110,0,8,1
165,67,660,247,0,-255,1
165,68,63,5,0,-220,1
165,69,552,522,0,-97,1
165,71,113,146,0,-71,1
165,72,194,97,0,-167,1
165,73,91,619,0,-236,1
165,74,27,542,0,-255,0
165,75,423,529,0,-200,0
165,77,630,467,0,80,1
165,78,350,677,0,16,1
165,79,715,96,0,-38,1
165,81,210,63,0,-235,1
165,82,190,97,0,-210,1
165,83,295,550,0,-124,1
165,84,36,104,0,-15,1
166,0,503,224,0,-73,0
166,1,36,479,0,-108,0
166,2,425,495,0,-72,0
166,3,738,273,0,-267,0
166,4,267,580,0,-109,0
166,5,548,676,0,69,0
166,6,462,513,0,-97,0
166,7,567,42,0,89,0
166,8,192,715,0,-255,0
166,9,724,5,0,-137,0
166,10,740,507,0,-106,0
166,11,410,271,0,-111,0
166,12,381,469,0,-74,0
166,13,670,391,0,-158,0
166,14,460,181,0,-243,0
166,15,690,558,0,-70,0
166,16,184,133,0,-8,0
166,17,562,68,0,-189,0
166,18,457,723,0,73,0
166,19,378,24,0,-88,0
166,21,34,100,0,-10,1
166,22,313,734,0,-175,1
166,23,348,143,0,-207,1
166,26,288,687,0,74,1
166,27,689,711,0,-218,1
166,28,585,511,0,-132,1
166,31,266,290,0,-42,1
166,32,345,429,0,-132,1
166,36,518,634,0,-155,1
166,39,456,85,0,-204,1
166,40,228,94,0,-78,1
166,41,197,740,0,57,1
166,42,527,587,0,-74,1
166,43,228,410,0,-174,1
166,44,280,566,0,-139,1
166,45,115,273,0,-166,1
166,46,659,181,0,-77,1
166,47,657,533,0,-198,1
166,52,745,348,0,31,1
166,53,420,341,0,-143,1
166,54,463,459,0,-173,1
166,55,586,275,0,-199,1
166,56,316,711,0,-65,1
166,58,425,422,0,15,1
166,60,390,33,0,-23,1
166,63,526,14,0,-42,1
166,64,76,697,0,-183,1
166,66,629,107,0,-7,1
166,67,657,247,0,-255,1
166,68,61,7,0,-220,1
166,69,555,523,0,-109,1
166,71,116,146,0,-71,1
166,72,195,100,0,-167,1
166,73,89,620,0,-236,1
166,74,24,543,0,-255,0
166,75,422,532,0,-200,0
166,77,628,466,0,80,1
166,78,349,674,0,16,1
166,79,717,94,0,-38,1
166,81,207,64,0,-260,1
166,82,189,100,0,-210,1
166,83,298,551,0,-124,1
166,84,37,101,0,-15,1
167,0,506,223,0,-73,0
167,1,39,480,0,-108,0
167,2,428,494,0,-72,0
167,3,735,273,0,-267,0
167,4,269,581,0,-109,0
167,5,545,676,0,90,0
167,6,465,513,0,-87,0
167,7,564,42,0,89,0
167,8,192,715,0,-255,0
167,9,726,7,0,-137,0
167,10,742,508,0,-106,0
167,11,413,272,0,-111,0
167,12,384,468,0,-74,0
167,13,671,394,0,-158,0
167,14,460,181,0,-243,0
167,15,690,558,0,-70,0
167,16,184,133,0,-8,0
167,17,561,71,0,-195,0
167,18,454,722,0,73,0
167,19,381,24,0,-88,0
167,21,34,97,0,-10,1
167,22,313,737,0,-175,1
167,23,345,145,0,-234,1
167,26,285,687,0,74,1
167,27,688,713,0,-207,1
167,28,588,513,0,-132,1
167,31,269,288,0,-49,1
167,32,347,431,0,-132,1
167,36,519,637,0,-155,1
167,39,455,88,0,-204,1
167,40,231,94,0,-78,1
167,41,195,738,0,48,1
167,42,530,586,0,-74,1
167,43,229,413,0,-165,1
167,44,282,568,0,-139,1
167,45,116,276,0,-166,1
167,46,662,180,0,-77,1
167,47,656,535,0,-198,1
167,52,744,345,0,31,1
167,53,422,343,0,-143,1
167,54,463,462,0,-173,1
167,55,585,278,0,-199,1
167,56,319,712,0,-95,1
167,58,424,419,0,15,1
167,63,528,12,0,-42,1
167,64,75,700,0,-183,1
167,66,630,104,0,-7,1
167,67,654,248,0,-255,1
167,68,59,9,0,-220,1
167,69,558,524,0,-109,1
167,71,119,145,0,-71,1
167,72,195,103,0,-163,1
167,73,86,622,0,-236,1
167,74,21,544,0,-255,0
167,75,420,534,0,-225,0
167,77,625,466,0,80,1
167,78,349,671,0,4,1
167,79,719,92,0,-38,1
167,81,204,65,0,-260,1
167,82,187,102,0,-210,1
167,83,300,553,0,-124,1
167,84,38,98,0,-15,1
168,0,509,222,0,-73,0
168,1,42,481,0,-108,0
168,2,431,493,0,-72,0
168,3,732,273,0,-267,0
168,4,272,582,0,-109,0
168,5,542,676,0,90,0
168,6,468,513,0,-87,0
168,7,561,40,0,63,0
168,8,189,716,0,-255,0
168,9,728,9,0,-137,0
168,10,745,508,0,-97,0
168,11,416,273,0,-111,0
168,12,387,467,0,-74,0
168,13,672,396,0,-158,0
168,14,458,182,0,-243,0
168,15,693,557,0,-70,0
168,16,185,130,0,-8,0
168,17,560,74,0,-195,0
168,18,451,721,0,73,0
168,19,384,23,0,-88,0
168,21,35,94,0,-10,1
168,22,313,740,0,-175,1
168,23,343,147,0,-234,1
168,26,283,686,0,74,1
168,27,687,716,0,-192,1
168,28,589,516,0,-147,1
168,31,271,286,0,-49,1
168,32,349,433,0,-132,1
168,36,520,640,0,-155,1
168,39,454,90,0,-204,1
168,40,234,93,0,-78,1
168,41,192,736,0,48,1
168,42,533,586,0,-74,1
168,43,229,416,0,-174,1
168,44,284,571,0,-139,1
168,45,117,279,0,-166,1
168,46,665,179,0,-77,1
168,47,655,538,0,-198,1
168,52,743,342,0,7,1
168,53,424,346,0,-143,1
168,54,463,465,0,-173,1
168,55,584,281,0,-199,1
168,56,322,712,0,-95,1
168,58,423,416,0,15,1
168,63,530,10,0,-42,1
168,64,75,703,0,-183,1
168,66,630,101,0,-7,1
168,67,651,249,0,-255,1
168,68,57,11,0,-220,1
168,69,561,525,0,-108,1
168,71,121,144,0,-71,1
168,72,196,105,0,-163,1
168,73,84,624,0,-236,1
168,74,18,544,0,-255,0
168,75,418,536,0,-225,0
168,77,622,465,0,82,1
168,78,349,668,0,4,1
168,79,722,90,0,-66,1
168,81,201,65,0,-260,1
168,82,184,104,0,-239,1
168,83,303,555,0,-124,1
168,84,39,95,0,-15,1
169,0,512,221,0,-73,0
169,1,45,482,0,-108,0
169,2,433,492,0,-72,0
169,3,729,273,0,-267,0
169,4,275,583,0,-109,0
169,5,539,676,0,90,0
169,6,471,513,0,-87,0
169,7,558,39,0,74,0
169,8,186,717,0,-255,0
169,9,730,12,0,-137,0
169,10,748,509,0,-97,0
169,11,419,273,0,-89,0
169,12,389,466,0,-74,0
169,13,673,399,0,-158,0
169,14,455,183,0,-243,0
169,15,696,556,0,-70,0
169,16,185,128,0,-8,0
169,17,560,77,0,-195,0
169,18,448,720,0,73,0
169,19,387,23,0,-88,0
169,21,35,91,0,-10,1
169,22,313,743,0,-175,1
169,23,340,148,0,-234,1
169,26,280,685,0,74,1
169,27,686,719,0,-210,1
169,28,591,518,0,-147,1
169,31,273,284,0,-49,1
169,32,351,435,0,-132,1
169,36,521,642,0,-155,1
169,39,452,93,0,-204,1
169,40,237,92,0,-78,1
169,41,190,734,0,62,1
169,42,536,584,0,-68,1
169,43,230,419,0,-174,1
169,44,286,573,0,-139,1
169,45,117,281,0,-170,1
169,46,668,179,0,-77,1
169,47,654,541,0,-198,1
169,52,743,339,0,7,1
169,53,425,348,0,-143,1
169,54,464,468,0,-173,1
169,55,583,283,0,-199,1
169,56,325,712,0,-95,1
169,58,423,413,0,18,1
169,63,532,8,0,-43,1
169,64,75,706,0,-182,1
169,66,630,98,0,-7,1
169,67,648,250,0,-255,1
169,68,56,14,0,-220,1
169,69,563,526,0,-108,1
169,71,124,143,0,-71,1
169,72,197,108,0,-167,1
169,73,81,625,0,-236,1
169,74,15,545,0,-255,0
169,75,416,539,0,-225,0
169,77,619,465,0,82,1
169,78,349,665,0,4,1
169,79,724,89,0,-66,1
169,81,198,66,0,-250,1
169,82,182,105,0,-239,1
169,83,305,556,0,-124,1
169,84,39,92,0,-15,1
170,0,514,220,0,-73,0
170,1,47,483,0,-108,0
170,2,436,491,0,-72,0
170,3,726,273,0,-267,0
170,4,278,584,0,-109,0
170,5,536,677,0,-244,0
170,6,474,513,0,-93,0
170,7,556,38,0,70,0
170,8,183,717,0,-255,0
170,9,732,14,0,-137,0
170,10,751,509,0,-97,0
170,11,422,273,0,-89,0
170,12,392,466,0,-74,0
170,13,674,402,0,-160,0
170,14,452,185,0,-243,0
170,15,699,555,0,-70,0
170,16,186,125,0,-8,0
170,17,559,80,0,-195,0
170,18,445,719,0,73,0
170,19,390,24,0,-109,0
170,21,36,89,0,-10,1
170,22,314,746,0,-175,1
170,23,338,150,0,-234,1
170,26,277,684,0,77,1
170,27,684,722,0,-210,1
170,28,593,521,0,-147,1
170,31,275,282,0,-49,1
170,32,354,437,0,-132,1
170,36,522,645,0,-163,1
170,39,451,96,0,-204,1
170,40,239,92,0,-78,1
170,41,187,733,0,62,1
170,42,538,582,0,-47,1
170,43,230,422,0,-174,1
170,44,286,576,0,-164,1
170,45,119,284,0,-144,1
170,46,671,178,0,-77,1
170,47,653,544,0,-198,1
170,52,743,336,0,7,1
170,53,427,351,0,-143,1
170,54,464,471,0,-173,1
170,55,582,286,0,-199,1
170,56,328,712,0,-95,1
170,58,422,411,0,18,1
170,63,534,5,0,-43,1
170,64,75,709,0,-182,1
170,66,631,95,0,-7,1
170,67,645,251,0,-255,1
170,68,54,16,0,-220,1
170,69,566,527,0,-108,1
170,71,127,142,0,-71,1
170,72,198,111,0,-167,1
170,73,79,627,0,-236,1
170,74,12,546,0,-255,0
170,75,414,541,0,-216,0
170,77,616,464,0,82,1
170,78,348,662,0,4,1
170,79,727,88,0,-66,1
170,81,196,67,0,-250,1
170,82,179,107,0,-239,1
170,83,308,558,0,-124,1
170,84,41,90,0,-27,1
171,0,517,219,0,-73,0
171,1,50,483,0,-108,0
171,2,439,490,0,-70,0
171,3,723,274,0,-267,0
171,4,281,585,0,-110,0
171,5,534,678,0,-244,0
171,6,477,513,0,-93,0
171,7,553,37,0,70,0
171,8,180,718,0,-255,0
171,9,734,16,0,-137,0
171,10,3,510,0,-97,0
171,11,425,273,0,-89,0
171,12,395,465,0,-74,0
171,13,675,405,0,-160,0
171,14,449,186,0,-243,0
171,15,701,554,0,-70,0
171,16,186,122,0,-8,0
171,17,558,83,0,-195,0
171,18,443,718,0,73,0
171,19,393,25,0,-109,0
171,21,37,86,0,-10,1
171,22,314,749,0,-175,1
171,23,335,152,0,-234,1
171,26,274,684,0,77,1
171,27,683,724,0,-202,1
171,28,594,523,0,-147,1
171,31,278,280,0,-48,1
171,32,356,439,0,-132,1
171,36,523,648,0,-163,1
171,39,450,99,0,-204,1
171,40,242,91,0,-78,1
171,41,184,731,0,62,1
171,42,540,580,0,-47,1
171,43,230,425,0,-174,1
171,45,121,286,0,-144,1
171,46,673,177,0,-77,1
171,47,653,547,0,-189,1
171,52,742,333,0,7,1
171,53,428,354,0,-168,1
171,54,465,474,0,-163,1
171,55,581,289,0,-199,1
171,56,331,713,0,-95,1
171,58,421,408,0,18,1
171,63,536,3,0,-43,1
171,64,75,712,0,-182,1
171,66,631,92,0,-7,1
171,67,642,251,0,-255,1
171,68,53,19,0,-193,1
171,69,569,528,0,-109,1
171,71,130,141,0,-71,1
171,72,198,114,0,-167,1
171,73,76,629,0,-236,1
171,74,10,548,0,-233,0
171,75,412,543,0,-227,0
171,77,613,465,0,-263,1
171,78,348,659,0,4,1
171,79,730,87,0,-66,1
171,81,193,68,0,-250,1
171,82,177,108,0,-239,1
171,83,310,560,0,-124,1
171,84,42,87,0,-27,1
172,0,520,219,0,-73,0
172,1,53,484,0,-108,0
172,2,442,489,0,-70,0
172,3,720,274,0,-267,0
172,4,283,586,0,-116,0
172,5,531,680,0,-244,0
172,6,480,513,0,-93,0
172,7,550,36,0,70,0
172,8,177,719,0,-255,0
172,9,736,18,0,-148,0
172,10,6,510,0,-97,0
172,11,428,273,0,-89,0
172,12,398,464,0,-74,0
172,13,676,408,0,-179,0
172,14,447,187,0,-243,0
172,15,704,553,0,-70,0
172,16,186,119,0,-8,0
172,17,557,86,0,-195,0
172,18,440,716,0,50,0
172,19,396,26,0,-109,0
172,21,37,83,0,-10,1
172,22,314,752,0,-175,1
172,23,333,154,0,-234,1
172,26,271,683,0,77,1
172,27,682,727,0,-202,1
172,28,596,526,0,-147,1
172,31,280,278,0,-48,1
172,32,358,441,0,-132,1
172,36,524,651,0,-163,1
172,39,448,101,0,-223,1
172,40,245,90,0,-78,1
172,41,182,729,0,45,1
172,42,542,578,0,-47,1
172,43,231,428,0,-174,1
172,45,122,289,0,-144,1
172,46,676,177,0,-77,1
172,47,652,550,0,-209,1
172,52,742,330,0,7,1
172,53,429,357,0,-168,1
172,54,466,477,0,-163,1
172,55,580,292,0,-199,1
172,56,334,713,0,-95,1
172,58,420,405,0,18,1
172,63,537,0,0,-18,1
172,64,75,715,0,-182,1
172,66,632,89,0,-7,1
172,67,639,252,0,-255,1
172,68,52,22,0,-193,1
172,69,572,529,0,-109,1
172,71,133,140,0,-71,1
172,72,199,117,0,-167,1
172,73,74,631,0,-236,1
172,74,7,549,0,-251,0
172,75,410,545,0,-227,0
172,77,610,465,0,-263,1
172,78,348,656,0,4,1
172,79,733,86,0,-66,1
172,81,190,69,0,-250,1
172,82,174,110,0,-239,1
172,83,313,561,0,-124,1
172,84,43,84,0,-16,1
173,0,523,218,0,-73,0
173,1,56,485,0,-108,0
173,2,445,488,0,-70,0
173,3,717,273,0,66,0
173,4,286,587,0,-116,0
173,5,528,681,0,-244,0
173,6,483,513,0,-93,0
173,7,547,35,0,70,0
173,8,174,720,0,-255,0
173,9,737,21,0,-148,0
173,10,9,510,0,-97,0
173,11,431,273,0,-92,0
173,12,401,463,0,-74,0
173,13,676,411,0,-179,0
173,14,444,189,0,-243,0
173,15,707,552,0,-70,0
173,16,187,116,0,-8,0
173,17,557,89,0,-195,0
173,18,438,714,0,50,0
173,19,399,27,0,-109,0
173,21,38,80,0,-10,1
173,22,314,3,0,-175,1
173,23,331,155,0,-234,1
173,26,268,682,0,77,1
173,27,681,730,0,-203,1
173,28,597,528,0,-147,1
173,31,282,276,0,-48,1
173,32,360,443,0,-132,1
173,36,525,654,0,-163,1
173,39,446,103,0,-223,1
173,40,248,90,0,-78,1
173,41,180,727,0,45,1
173,42,545,576,0,-47,1
173,43,232,431,0,-160,1
173,45,125,290,0,-124,1
173,46,679,176,0,-77,1
173,47,650,552,0,-209,1
173,52,741,327,0,7,1
173,53,429,359,0,-168,1
173,54,467,480,0,-163,1
173,55,579,295,0,-199,1
173,56,337,713,0,-95,1
173,58,419,402,0,18,1
173,63,538,-2,0,-18,1
173,64,75,718,0,-182,1
173,66,632,86,0,-7,1
173,67,636,253,0,-255,1
173,68,52,25,0,-193,1
173,69,575,530,0,-109,1
173,71,136,139,0,-71,1
173,72,200,120,0,-167,1
173,73,71,632,0,-236,1
173,74,4,550,0,-252,0
173,75,407,546,0,-251,0
173,77,607,465,0,-263,1
173,78,348,653,0,1,1
173,79,735,84,0,-62,1
173,81,187,70,0,-250,1
173,82,172,111,0,-239,1
173,83,315,563,0,-124,1
173,84,44,81,0,-16,1
174,0,526,218,0,-86,0
174,1,59,486,0,-108,0
174,2,448,487,0,-70,0
174,3,715,271,0,66,0
174,4,289,589,0,-116,0
174,5,526,682,0,-244,0
174,6,486,514,0,-93,0
174,7,544,34,0,70,0
174,8,171,721,0,-255,0
174,9,739,24,0,-148,0
174,10,12,512,0,-116,0
174,11,434,273,0,-92,0
174,12,404,462,0,-74,0
174,13,675,414,0,-198,0
174,14,441,190,0,-243,0
174,15,710,551,0,-70,0
174,16,187,113,0,-8,0
174,17,556,92,0,-195,0
174,18,436,712,0,50,0
174,19,401,28,0,-109,0
174,21,37,77,0,18,1
174,22,316,6,0,-158,1
174,23,328,157,0,-234,1
174,26,265,681,0,77,1
174,27,680,733,0,-203,1
174,28,599,531,0,-147,1
174,31,284,274,0,-48,1
174,32,362,445,0,-132,1
174,36,526,657,0,-163,1
174,39,444,105,0,-223,1
174,40,251,89,0,-78,1
174,41,179,725,0,33,1
174,42,547,575,0,-63,1
174,43,233,434,0,-160,1
174,45,127,292,0,-124,1
174,46,682,175,0,-77,1
174,47,649,555,0,-209,1
174,52,741,324,0,7,1
174,53,430,362,0,-168,1
174,54,467,483,0,-168,1
174,55,578,298,0,-199,1
174,56,340,713,0,-95,1
174,58,418,399,0,18,1
174,63,539,747,0,-18,1
174,64,75,721,0,-182,1
174,66,632,83,0,-7,1
174,67,634,254,0,-255,1
174,68,51,28,0,-193,1
174,69,578,531,0,-109,1
174,71,139,138,0,-71,1
174,72,200,123,0,-167,1
174,73,69,634,0,-236,1
174,74,1,551,0,-252,0
174,75,404,547,0,-251,0
174,77,604,467,0,-241,1
174,78,348,650,0,-10,1
174,79,738,83,0,-62,1
174,81,184,71,0,-264,1
174,82,169,112,0,-248,1
174,83,317,566,0,-153,1
174,84,45,78,0,-26,1
175,0,529,217,0,-86,0
175,1,62,487,0,-108,0
175,2,450,486,0,-70,0
175,3,712,270,0,66,0
175,4,291,590,0,-116,0
175,5,523,683,0,-244,0
175,6,489,514,0,-93,0
175,7,542,33,0,64,0
175,8,168,722,0,-250,0
175,9,740,26,0,-148,0
175,10,14,513,0,-116,0
175,11,437,273,0,-92,0
175,12,406,460,0,-45,0
175,13,674,417,0,-198,0
175,14,439,192,0,-243,0
175,15,713,550,0,-81,0
175,16,187,110,0,5,0
175,17,555,94,0,-195,0
175,18,433,711,0,50,0
175,19,404,29,0,-109,0
175,21,36,74,0,18,1
175,22,317,8,0,-155,1
175,23,326,159,0,-234,1
175,26,262,681,0,77,1
175,27,678,735,0,-226,1
175,28,602,532,0,-118,1
175,31,287,273,0,-69,1
175,32,365,446,0,-110,1
175,36,527,660,0,-163,1
175,39,442,107,0,-223,1
175,40,254,88,0,-78,1
175,42,550,573,0,-63,1
175,43,234,436,0,-160,1
175,45,130,294,0,-124,1
175,46,685,175,0,-77,1
175,47,647,557,0,-209,1
175,52,741,321,0,-4,1
175,53,430,365,0,-168,1
175,54,468,486,0,-168,1
175,55,577,300,0,-199,1
175,56,343,714,0,-95,1
175,58,417,396,0,18,1
175,63,540,744,0,-18,1
175,64,75,724,0,-182,1
175,66,633,80,0,-7,1
175,67,631,254,0,-255,1
175,68,50,31,0,-193,1
175,69,580,532,0,-109,1
175,71,142,138,0,-88,1
175,72,203,125,0,-137,1
175,73,66,636,0,-236,1
175,74,-2,551,0,-252,0
175,75,401,548,0,-251,0
175,77,601,468,0,-241,1
175,78,348,647,0,13,1
175,79,741,81,0,-62,1
175,81,181,71,0,-264,1
175,82,166,114,0,-248,1
175,83,318,568,0,-153,1
175,84,46,76,0,-26,1
175,85,168,721,0,-255,0
176,0,532,217,0,-86,0
176,1,65,488,0,-108,0
176,2,453,485,0,-63,0
176,3,709,269,0,66,0
176,4,294,590,0,-99,0
176,5,520,685,0,-244,0
176,6,492,514,0,-93,0
176,7,539,32,0,64,0
176,8,166,723,0,-250,0
176,9,742,29,0,-148,0
176,10,17,514,0,-116,0
176,11,440,274,0,-92,0
176,12,408,458,0,-45,0
176,13,673,419,0,-198,0
176,14,436,193,0,-243,0
176,15,716,550,0,-81,0
176,16,187,107,0,5,0
176,17,554,97,0,-195,0
176,18,431,709,0,50,0
176,19,407,30,0,-109,0
176,21,35,71,0,18,1
176,22,318,11,0,-155,1
176,23,323,161,0,-234,1
176,26,259,680,0,77,1
176,27,675,737,0,-226,1
176,28,604,534,0,-118,1
176,31,290,271,0,-57,1
176,32,368,447,0,-110,1
176,36,527,663,0,-163,1
176,39,440,110,0,-223,1
176,40,257,88,0,-78,1
176,42,553,572,0,-63,1
176,43,235,439,0,-160,1
176,45,132,296,0,-124,1
176,46,688,174,0,-77,1
176,47,646,560,0,-209,1
176,52,741,318,0,-4,1
176,53,431,368,0,-168,1
176,54,469,489,0,-168,1
176,55,576,303,0,-202,1
176,56,346,714,0,-95,1
176,58,416,393,0,18,1
176,63,541,741,0,-18,1
176,64,76,727,0,-158,1
176,66,633,77,0,-7,1
176,67,628,255,0,-255,1
176,68,50,34,0,-193,1
176,69,583,533,0,-109,1
176,71,145,138,0,-88,1
176,72,205,127,0,-137,1
176,73,64,637,0,-236,1
176,74,747,552,0,-254,0
176,75,398,549,0,-251,0
176,77,599,469,0,-261,1
176,78,346,645,0,37,1
176,79,743,80,0,-62,1
176,81,179,72,0,-239,1
176,82,163,115,0,-248,1
176,83,319,571,0,-153,1
176,84,47,73,0,-10,1
176,85,165,722,0,-255,0
177,0,535,216,0,-64,0
177,1,67,489,0,-108,0
177,2,456,483,0,-63,0
177,3,706,268,0,66,0
177,4,297,589,0,-72,0
177,5,517,686,0,-244,0
177,6,495,514,0,-93,0
177,7,536,30,0,64,0
177,8,163,724,0,-250,0
177,9,744,31,0,-148,0
177,10,20,515,0,-116,0
177,11,443,274,0,-92,0
177,12,409,455,0,-23,0
177,13,672,422,0,-198,0
177,14,433,194,0,-243,0
177,15,719,549,0,-81,0
177,16,187,104,0,5,0
177,17,552,100,0,-213,0
177,18,429,707,0,52,0
177,19,410,31,0,-115,0
177,21,35,68,0,0,1
177,22,319,14,0,-155,1
177,23,321,162,0,-234,1
177,26,256,679,0,77,1
177,27,673,739,0,-232,1
177,28,607,535,0,-118,1
177,31,292,270,0,-57,1
177,32,371,448,0,-110,1
177,36,528,665,0,-163,1
177,39,438,112,0,-223,1
177,40,260,87,0,-78,1
177,42,555,571,0,-63,1
177,43,236,442,0,-156,1
177,45,135,297,0,-124,1
177,46,691,173,0,-77,1
177,47,643,562,0,-237,1
177,52,742,315,0,-4,1
177,53,433,371,0,-140,1
177,54,469,492,0,-168,1
177,55,576,306,0,-179,1
177,56,349,714,0,-95,1
177,58,415,391,0,25,1
177,63,543,739,0,-45,1
177,64,77,730,0,-158,1
177,66,633,74,0,-7,1
177,67,625,257,0,-231,1
177,68,49,36,0,-193,1
177,69,586,533,0,-109,1
177,71,148,138,0,-88,1
177,72,207,130,0,-137,1
177,73,61,638,0,-260,1
177,74,744,554,0,-244,0
177,75,395,550,0,-251,0
177,77,596,468,0,73,1
177,78,344,643,0,37,1
177,79,745,78,0,-43,1
177,81,176,74,0,-239,1
177,82,160,115,0,-269,1
177,83,321,574,0,-153,1
177,84,47,70,0,-10,1
177,85,163,723,0,-255,0
178,0,538,216,0,-86,0
178,1,70,490,0,-108,0
178,2,458,482,0,-63,0
178,3,703,267,0,80,0
178,4,300,589,0,-72,0
178,5,515,687,0,-244,0
178,6,498,514,0,-93,0
178,7,533,29,0,64,0
178,8,160,725,0,-250,0
178,9,745,34,0,-148,0
178,10,22,517,0,-116,0
178,11,446,274,0,-92,0
178,12,410,453,0,-23,0
178,13,671,425,0,-198,0
178,14,431,196,0,-243,0
178,15,722,549,0,-81,0
178,16,186,101,0,5,0
178,17,551,102,0,-213,0
178,18,426,705,0,52,0
178,19,413,32,0,-106,0
178,21,35,65,0,0,1
178,22,321,17,0,-155,1
178,23,318,164,0,-234,1
178,26,253,679,0,77,1
178,27,671,741,0,-232,1
178,28,610,537,0,-118,1
178,31,295,268,0,-57,1
178,32,374,449,0,-110,1
178,36,528,668,0,-178,1
178,39,436,114,0,-223,1
178,40,263,87,0,-96,1
178,42,558,569,0,-63,1
178,43,237,445,0,-156,1
178,45,137,299,0,-124,1
178,46,694,173,0,-77,1
178,47,641,563,0,-237,1
178,52,741,312,0,5,1
178,53,435,372,0,-124,1
178,54,470,494,0,-160,1
178,55,576,309,0,-179,1
178,56,352,714,0,-92,1
178,58,414,388,0,25,1
178,63,545,737,0,-45,1
178,64,78,732,0,-158,1
178,66,634,71,0,-7,1
178,67,623,259,0,-231,1
178,68,48,39,0,-193,1
178,69,589,534,0,-109,1
178,71,151,137,0,-88,1
178,72,209,132,0,-137,1
178,73,58,638,0,-260,1
178,74,742,555,0,-244,0
178,75,393,551,0,-251,0
178,77,593,467,0,73,1
178,78,342,640,0,37,1
178,79,748,76,0,-57,1
178,81,173,75,0,-239,1
178,82,157,114,0,74,1
178,83,322,576,0,-153,1
178,84,47,67,0,1,1
178,85,160,724,0,-255,0
179,0,541,215,0,-86,0
179,1,73,491,0,-108,0
179,2,461,481,0,-63,0
179,3,700,267,0,80,0
179,4,303,588,0,-72,0
179,5,512,689,0,-244,0
179,6,501,514,0,-93,0
179,7,531,29,0,-267,0
179,8,157,726,0,-250,0
179,9,746,37,0,-161,0
179,10,25,518,0,-116,0
179,11,449,273,0,-78,0
179,12,413,451,0,-51,0
179,13,670,428,0,-190,0
179,14,428,197,0,-243,0
179,15,725,548,0,-81,0
179,16,186,98,0,5,0
179,17,549,105,0,-213,0
179,18,424,703,0,52,0
179,19,416,32,0,-80,0
179,21,35,62,0,0,1
179,22,322,19,0,-155,1
179,23,316,166,0,-234,1
179,26,250,678,0,77,1
179,27,668,742,0,-232,1
179,28,612,538,0,-118,1
179,31,297,266,0,-57,1
179,32,377,450,0,-110,1
179,36,529,671,0,-178,1
179,39,435,117,0,-195,1
179,40,266,88,0,-96,1
179,42,561,568,0,-63,1
179,43,238,447,0,-156,1
179,45,140,300,0,-110,1
179,46,697,172,0,-77,1
179,47,638,564,0,-249,1
179,52,741,309,0,5,1
179,53,438,374,0,-124,1
179,54,471,497,0,-160,1
179,55,576,312,0,-179,1
179,56,355,714,0,-92,1
179,58,413,385,0,13,1
179,63,547,735,0,-44,1
179,64,79,735,0,-158,1
179,66,634,68,0,-7,1
179,67,621,261,0,-231,1
179,68,48,42,0,-193,1
179,69,592,535,0,-94,1
179,71,154,137,0,-88,1
179,72,211,134,0,-137,1
179,73,55,639,0,-260,1
179,74,739,556,0,-254,0
179,75,390,552,0,-251,0
179,77,590,466,0,73,1
179,78,341,638,0,37,1
179,79,750,74,0,-57,1
179,81,171,77,0,-239,1
179,82,154,113,0,74,1
179,83,324,579,0,-153,1
179,84,47,64,0,1,1
179,85,157,724,0,-255,0
180,0,544,215,0,-86,0
180,1,76,492,0,-108,0
180,2,464,479,0,-63,0
180,3,697,266,0,80,0
180,4,305,586,0,-46,0
180,5,509,690,0,-244,0
180,6,504,514,0,-93,0
180,7,528,29,0,-267,0
180,8,154,727,0,-250,0
180,9,747,39,0,-161,0
180,10,28,519,0,-116,0
180,11,452,272,0,-78,0
180,12,415,448,0,-38,0
180,13,669,431,0,-210,0
180,14,426,199,0,-220,0
180,15,728,548,0,-81,0
180,16,187,95,0,-13,0
180,17,548,107,0,-213,0
180,18,422,701,0,52,0
180,19,418,30,0,-56,0
180,21,35,59,0,0,1
180,22,323,22,0,-155,1
180,23,314,168,0,-234,1
180,26,248,677,0,78,1
180,27,666,744,0,-232,1
180,28,615,540,0,-131,1
180,31,300,265,0,-57,1
180,32,379,451,0,-110,1
180,36,529,674,0,-178,1
180,39,434,120,0,-195,1
180,40,269,88,0,-96,1
180,42,563,567,0,-63,1
180,43,241,449,0,-134,1
180,45,142,302,0,-136,1
180,46,700,171,0,-71,1
180,47,635,565,0,-249,1
180,52,741,306,0,5,1
180,53,441,375,0,-116,1
180,54,472,500,0,-160,1
180,55,576,315,0,-179,1
180,56,358,714,0,-92,1
180,58,412,382,0,10,1
180,63,549,733,0,-44,1
180,64,80,738,0,-158,1
180,66,635,65,0,-7,1
180,67,618,263,0,-231,1
180,68,47,45,0,-193,1
180,69,595,535,0,-94,1
180,71,157,137,0,-88,1
180,72,213,136,0,-135,1
180,73,52,639,0,-260,1
180,74,736,557,0,-254,0
180,75,387,553,0,-251,0
180,77,587,465,0,73,1
180,78,339,636,0,42,1
180,79,3,73,0,-57,1
180,81,168,79,0,-239,1
180,82,152,112,0,74,1
180,83,325,581,0,-153,1
180,84,47,61,0,1,1
180,85,154,725,0,-255,0
181,0,547,215,0,-86,0
181,1,79,493,0,-108,0
181,2,466,478,0,-63,0
181,3,694,266,0,80,0
181,4,307,583,0,-46,0
181,5,507,691,0,-244,0
181,6,507,515,0,-93,0
181,7,525,30,0,-267,0
181,8,152,728,0,-250,0
181,9,748,42,0,-161,0
181,10,30,521,0,-128,0
181,11,455,272,0,-78,0
181,12,416,446,0,-38,0
181,13,667,433,0,-210,0
181,14,424,201,0,-220,0
181,15,731,547,0,-81,0
181,16,187,92,0,-13,0
181,17,546,110,0,-213,0
181,18,419,699,0,52,0
181,19,421,28,0,-56,0
181,21,35,56,0,0,1
181,22,324,25,0,-155,1
181,23,311,169,0,-251,1
181,26,245,678,0,-267,1
181,27,664,746,0,-232,1
181,28,616,543,0,-151,1
181,31,302,263,0,-57,1
181,32,382,450,0,-87,1
181,36,529,677,0,-178,1
181,39,433,123,0,-195,1
181,40,272,88,0,-96,1
181,42,566,565,0,-63,1
181,43,243,451,0,-123,1
181,45,144,304,0,-136,1
181,46,703,171,0,-90,1
181,47,632,567,0,-237,1
181,52,741,303,0,5,1
181,53,443,377,0,-116,1
181,54,473,503,0,-160,1
181,55,576,318,0,-179,1
181,56,361,715,0,-92,1
181,58,411,380,0,32,1
181,63,550,730,0,-17,1
181,64,81,741,0,-158,1
181,66,635,62,0,-8,1
181,67,616,265,0,-231,1
181,68,46,48,0,-193,1
181,69,598,535,0,-94,1
181,71,160,137,0,-88,1
181,72,215,138,0,-135,1
181,73,49,640,0,-260,1
181,74,733,557,0,-254,0
181,75,384,554,0,-251,0
181,77,584,464,0,73,1
181,78,337,633,0,42,1
181,79,5,71,0,-57,1
181,81,166,80,0,-239,1
181,82,149,112,0,74,1
181,83,326,584,0,-153,1
181,84,47,58,0,11,1
181,85,151,726,0,-255,0
182,0,550,215,0,-86,0
182,1,82,493,0,-108,0
182,2,469,476,0,-63,0
182,3,692,265,0,80,0
182,4,309,581,0,-46,0
182,5,504,693,0,-244,0
182,6,510,515,0,-93,0
182,7,522,28,0,64,0
182,8,149,729,0,-250,0
182,9,748,45,0,-178,0
182,10,33,523,0,-128,0
182,11,457,271,0,-78,0
182,12,418,444,0,-38,0
182,13,666,436,0,-210,0
182,14,422,204,0,-220,0
182,15,734,547,0,-81,0
182,16,188,89,0,-13,0
182,17,544,112,0,-213,0
182,18,417,697,0,52,0
182,19,423,27,0,-56,0
182,21,35,53,0,0,1
182,22,326,28,0,-155,1
182,23,308,170,0,-251,1
182,26,242,678,0,-267,1
182,27,661,748,0,-232,1
182,28,617,545,0,-151,1
182,31,305,261,0,-57,1
182,32,385,450,0,-87,1
182,36,529,680,0,-178,1
182,39,432,126,0,-195,1
182,40,275,88,0,-73,1
182,42,569,564,0,-65,1
182,43,246,453,0,-123,1
182,45,146,306,0,-132,1
182,46,706,171,0,-90,1
182,47,630,569,0,-237,1
182,52,740,300,0,5,1
182,53,446,378,0,-116,1
182,54,474,506,0,-160,1
182,55,576,321,0,-179,1
182,56,364,715,0,-92,1
182,58,409,378,0,53,1
182,63,551,727,0,-17,1
182,64,82,744,0,-158,1
182,66,636,59,0,-26,1
182,67,614,267,0,-231,1
182,68,46,51,0,-193,1
182,69,601,535,0,-94,1
182,71,163,137,0,-88,1
182,72,217,140,0,-135,1
182,73,47,641,0,-238,1
182,74,730,558,0,-254,0
182,75,381,555,0,-251,0
182,77,581,463,0,73,1
182,78,335,631,0,42,1
182,79,8,70,0,-57,1
182,81,163,82,0,-239,1
182,82,146,110,0,51,1
182,83,328,587,0,-153,1
182,84,47,55,0,0,1
182,85,148,727,0,-255,0
183,0,553,214,0,-86,0
183,1,84,495,0,-117,0
183,2,472,475,0,-63,0
183,3,689,264,0,80,0
183,4,312,580,0,-64,0
183,5,502,695,0,-226,0
183,6,513,515,0,-93,0
183,7,519,27,0,64,0
183,8,146,730,0,-250,0
183,9,748,48,0,-178,0
183,10,35,525,0,-128,0
183,11,460,271,0,-78,0
183,12,420,441,0,-38,0
183,13,665,439,0,-192,0
183,14,420,206,0,-220,0
183,15,736,546,0,-81,0
183,16,189,86,0,-13,0
183,17,543,115,0,-213,0
183,18,415,696,0,52,0
183,19,426,26,0,-69,0
183,21,35,50,0,0,1
183,22,327,30,0,-155,1
183,23,305,171,0,-245,1
183,26,239,678,0,-267,1
183,27,659,750,0,-232,1
183,28,619,548,0,-151,1
183,31,307,259,0,-50,1
183,32,388,450,0,-87,1
183,36,529,683,0,-178,1
183,39,432,128,0,-195,1
183,40,278,87,0,-73,1
183,42,571,563,0,-69,1
183,43,248,454,0,-123,1
183,45,149,307,0,-113,1
183,46,709,171,0,-90,1
183,47,627,570,0,-237,1
183,52,740,297,0,5,1
183,53,449,379,0,-116,1
183,54,475,508,0,-160,1
183,55,575,324,0,-186,1
183,56,367,715,0,-92,1
183,58,406,376,0,53,1
183,63,553,725,0,-45,1
183,64,84,746,0,-156,1
183,66,638,57,0,-26,1
183,67,611,268,0,-231,1
183,68,45,54,0,-193,1
183,69,604,535,0,-94,1
183,71,165,138,0,-113,1
183,72,219,142,0,-135,1
183,73,44,643,0,-238,1
183,74,727,559,0,-254,0
183,75,378,556,0,-251,0
183,77,578,463,0,73,1
183,78,333,629,0,42,1
183,79,9,67,0,-33,1
183,81,160,82,0,-259,1
183,82,144,108,0,51,1
183,83,329,589,0,-153,1
183,84,47,52,0,0,1
183,85,145,728,0,-242,0
184,0,556,214,0,-86,0
184,1,87,495,0,-101,0
184,2,474,474,0,-63,0
184,3,686,264,0,80,0
184,4,315,579,0,-64,0
184,5,500,697,0,-226,0
184,6,516,515,0,-93,0
184,7,517,25,0,39,0
184,8,143,731,0,-250,0
184,9,748,51,0,-178,0
184,10,37,527,0,-128,0
184,11,463,270,0,-76,0
184,12,421,438,0,-26,0
184,13,665,442,0,-192,0
184,14,418,208,0,-220,0
184,15,739,546,0,-81,0
184,16,189,83,0,-13,0
184,17,541,117,0,-213,0
184,18,412,694,0,52,0
184,19,429,25,0,-69,0
184,21,35,47,0,0,1
184,22,328,33,0,-155,1
184,23,302,172,0,-245,1
184,26,236,678,0,-267,1
184,27,657,752,0,-232,1
184,28,620,550,0,-151,1
184,31,309,258,0,-50,1
184,32,391,450,0,-87,1
184,36,530,686,0,-163,1
184,39,430,131,0,-204,1
184,40,281,86,0,-73,1
184,42,574,562,0,-69,1
184,43,251,456,0,-123,1
184,45,152,309,0,-113,1
184,46,712,171,0,-90,1
184,47,626,573,0,-211,1
184,52,740,294,0,5,1
184,53,451,380,0,-116,1
184,54,476,511,0,-160,1
184,55,575,327,0,-186,1
184,56,370,715,0,-92,1
184,58,404,374,0,53,1
184,63,555,722,0,-33,1
184,64,85,749,0,-156,1
184,66,639,54,0,-26,1
184,67,609,270,0,-231,1
184,68,44,57,0,-204,1
184,69,607,536,0,-94,1
184,71,168,139,0,-113,1
184,72,220,145,0,-165,1
184,73,42,645,0,-238,1
184,74,724,558,0,81,0
184,75,376,557,0,-251,0
184,77,576,462,0,73,1
184,78,331,627,0,42,1
184,79,11,64,0,-33,1
184,81,157,83,0,-259,1
184,82,142,106,0,51,1
184,83,330,592,0,-153,1
184,84,47,49,0,0,1
184,85,143,730,0,-242,0
185,0,558,213,0,-63,0
185,1,90,496,0,-101,0
185,2,477,472,0,-63,0
185,3,683,265,0,-253,0
185,4,318,577,0,-64,0
185,5,497,699,0,-226,0
185,6,518,514,0,-67,0
185,7,515,22,0,39,0
185,8,140,732,0,-250,0
185,9,748,54,0,-178,0
185,10,40,529,0,-128,0
185,11,466,269,0,-76,0
185,12,421,435,0,0,0
185,13,664,445,0,-192,0
185,14,416,211,0,-220,0
185,15,742,545,0,-81,0
185,16,190,80,0,-16,0
185,17,539,120,0,-213,0
185,18,410,692,0,52,0
185,19,432,24,0,-69,0
185,21,35,44,0,0,1
185,22,330,36,0,-155,1
185,23,300,173,0,-245,1
185,26,233,678,0,-267,1
185,27,654,2,0,-232,1
185,28,622,553,0,-151,1
185,31,312,256,0,-50,1
185,32,394,450,0,-87,1
185,36,531,689,0,-163,1
185,39,429,134,0,-204,1
185,40,283,85,0,-73,1
185,42,577,561,0,-69,1
185,43,253,458,0,-123,1
185,45,155,309,0,-95,1
185,46,715,171,0,-90,1
185,47,624,575,0,-211,1
185,52,740,291,0,5,1
185,53,454,382,0,-116,1
185,54,477,514,0,-157,1
185,55,575,330,0,-186,1
185,56,373,715,0,-92,1
185,58,401,373,0,68,1
185,63,557,720,0,-45,1
185,64,86,752,0,-156,1
185,66,640,51,0,-26,1
185,67,607,272,0,-231,1
185,68,42,59,0,-204,1
185,69,610,536,0,-94,1
185,71,171,141,0,-118,1
185,72,221,148,0,-165,1
185,73,39,646,0,-250,1
185,74,721,558,0,81,0
185,75,373,558,0,-251,0
185,77,573,461,0,81,1
185,78,329,624,0,42,1
185,79,12,62,0,-33,1
185,81,154,83,0,-259,1
185,82,140,103,0,28,1
185,83,332,595,0,-153,1
185,84,47,46,0,0,1
185,85,140,730,0,-262,0
186,0,561,212,0,-63,0
186,1,93,497,0,-101,0
186,2,480,471,0,-70,0
186,3,680,266,0,-253,0
186,4,320,576,0,-64,0
186,5,495,701,0,-226,0
186,6,521,513,0,-67,0
186,7,513,20,0,39,0
186,8,137,733,0,-250,0
186,9,749,57,0,-178,0
186,10,42,530,0,-128,0
186,11,469,268,0,-76,0
186,12,421,432,0,0,0
186,13,663,448,0,-192,0
186,14,414,212,0,-239,0
186,15,745,545,0,-81,0
186,16,191,77,0,-16,0
186,17,539,123,0,-193,0
186,18,408,690,0,52,0
186,19,434,23,0,-80,0
186,21,35,41,0,0,1
186,22,331,38,0,-155,1
186,23,297,175,0,-247,1
186,26,230,678,0,-269,1
186,27,652,4,0,-232,1
186,28,623,556,0,-151,1
186,31,314,254,0,-50,1
186,32,397,450,0,-87,1
186,36,531,692,0,-163,1
186,39,428,137,0,-204,1
186,40,286,84,0,-73,1
186,42,580,560,0,-69,1
186,43,256,459,0,-123,1
186,45,158,309,0,-95,1
186,46,718,171,0,-90,1
186,47,623,578,0,-211,1
186,52,740,288,0,5,1
186,53,456,384,0,-142,1
186,54,479,517,0,-157,1
186,55,574,333,0,-196,1
186,56,376,715,0,-92,1
186,58,399,371,0,48,1
186,63,558,718,0,-26,1
186,64,87,3,0,-156,1
186,66,642,48,0,-26,1
186,67,604,274,0,-231,1
186,68,41,62,0,-204,1
186,69,613,536,0,-94,1
186,71,173,142,0,-118,1
186,72,222,151,0,-165,1
186,73,36,647,0,-250,1
186,74,718,558,0,81,0
186,75,370,558,0,-256,0
186,77,570,461,0,86,1
186,78,327,622,0,42,1
186,79,14,59,0,-27,1
186,81,151,83,0,83,1
186,82,139,101,0,28,1
186,83,333,597,0,-153,1
186,84,47,43,0,0,1
186,85,137,730,0,-266,0
187,0,564,210,0,-63,0
187,1,96,497,0,-101,0
187,2,483,471,0,-81,0
187,3,677,267,0,-253,0
187,4,323,576,0,-92,0
187,5,493,703,0,-239,0
187,6,524,511,0,-67,0
187,7,511,18,0,39,0
187,8,135,734,0,-249,0
187,9,749,60,0,-178,0
187,10,44,532,0,-128,0
187,11,472,268,0,-76,0
187,12,421,429,0,0,0
187,13,663,451,0,-192,0
187,14,411,214,0,-239,0
187,15,748,545,0,-92,0
187,16,192,74,0,-16,0
187,17,538,126,0,-193,0
187,18,405,688,0,52,0
187,19,437,22,0,-80,0
187,21,36,38,0,-27,1
187,22,332,41,0,-153,1
187,23,294,176,0,-247,1
187,26,227,678,0,-269,1
187,27,649,6,0,-232,1
187,28,624,559,0,-169,1
187,31,316,252,0,-50,1
187,32,400,450,0,-87,1
187,36,532,695,0,-163,1
187,39,427,139,0,-204,1
187,40,289,83,0,-73,1
187,42,583,559,0,-69,1
187,43,258,461,0,-123,1
187,45,161,309,0,-95,1
187,46,721,170,0,-79,1
187,47,621,581,0,-211,1
187,52,739,285,0,5,1
187,53,458,386,0,-142,1
187,54,480,520,0,-157,1
187,55,573,336,0,-196,1
187,56,379,715,0,-97,1
187,58,396,369,0,48,1
187,63,558,715,0,-4,1
187,64,89,5,0,-156,1
187,66,643,46,0,-26,1
187,67,602,276,0,-226,1
187,68,40,65,0,-204,1
187,69,616,536,0,-94,1
187,71,176,143,0,-118,1
187,72,224,153,0,-135,1
187,73,33,648,0,-250,1
187,74,715,558,0,-254,0
187,75,367,560,0,-235,0
187,77,567,461,0,86,1
187,78,325,620,0,42,1
187,79,15,57,0,-27,1
187,81,148,83,0,83,1
187,82,137,98,0,28,1
187,83,335,600,0,-153,1
187,84,47,40,0,0,1
187,85,134,730,0,-266,0
188,0,566,209,0,-63,0
188,1,99,498,0,-101,0
188,2,486,470,0,-81,0
188,3,674,267,0,-253,0
188,4,326,576,0,-92,0
188,5,490,705,0,-228,0
188,6,527,510,0,-67,0
188,7,510,15,0,39,0
188,8,132,735,0,-249,0
188,9,749,63,0,-178,0
188,10,47,534,0,-128,0
188,11,475,267,0,-76,0
188,12,421,426,0,0,0
188,13,662,453,0,-192,0
188,14,409,215,0,-239,0
188,15,751,546,0,-112,0
188,16,193,72,0,-16,0
188,17,537,129,0,-193,0
188,18,403,686,0,52,0
188,19,440,22,0,-80,0
188,21,38,36,0,-27,1
188,22,334,44,0,-153,1
188,23,291,177,0,-247,1
188,26,224,677,0,73,1
188,27,647,7,0,-232,1
188,28,624,562,0,-169,1
188,31,319,250,0,-50,1
188,32,403,449,0,-87,1
188,36,533,698,0,-163,1
188,39,427,142,0,-176,1
188,40,292,82,0,-73,1
188,42,585,558,0,-69,1
188,43,261,463,0,-123,1
188,45,164,310,0,-103,1
188,46,724,170,0,-79,1
188,47,620,583,0,-211,1
188,52,739,282,0,5,1
188,53,460,389,0,-142,1
188,54,481,522,0,-157,1
188,55,572,339,0,-196,1
188,56,382,716,0,-97,1
188,58,394,367,0,48,1
188,63,559,712,0,-4,1
188,64,90,8,0,-156,1
188,66,643,43,0,-10,1
188,67,600,278,0,-226,1
188,68,40,68,0,-186,1
188,69,619,536,0,-94,1
188,71,179,145,0,-118,1
188,72,226,155,0,-135,1
188,73,30,649,0,-250,1
188,74,713,559,0,-254,0
188,75,365,562,0,-235,0
188,77,564,460,0,86,1
188,78,323,618,0,42,1
188,79,16,54,0,-27,1
188,81,145,82,0,83,1
188,82,136,95,0,28,1
188,83,336,603,0,-153,1
188,84,47,37,0,0,1
188,85,131,731,0,-266,0
189,0,569,207,0,-63,0
189,1,102,498,0,-101,0
189,2,489,470,0,-77,0
189,3,671,268,0,-253,0
189,4,329,576,0,-92,0
189,5,489,707,0,-221,0
189,6,530,509,0,-67,0
189,7,508,13,0,39,0
189,8,129,736,0,-249,0
189,9,750,66,0,-152,0
189,10,49,536,0,-128,0
189,11,478,266,0,-76,0
189,12,421,423,0,0,0
189,13,662,456,0,-192,0
189,14,406,217,0,-241,0
189,15,3,547,0,-112,0
189,16,194,69,0,-16,0
189,17,537,132,0,-193,0
189,18,400,685,0,52,0
189,19,443,21,0,-80,0
189,21,39,33,0,-27,1
189,22,335,46,0,-153,1
189,23,289,178,0,-247,1
189,26,221,676,0,73,1
189,27,645,9,0,-232,1
189,28,625,565,0,-169,1
189,31,321,248,0,-50,1
189,32,406,449,0,-87,1
189,36,534,701,0,-163,1
189,39,427,145,0,-176,1
189,40,295,82,0,-73,1
189,42,588,557,0,-69,1
189,43,263,464,0,-123,1
189,45,167,310,0,-98,1
189,46,726,169,0,-79,1
189,47,618,586,0,-211,1
189,52,739,279,0,5,1
189,53,461,391,0,-142,1
189,54,482,525,0,-157,1
189,55,570,341,0,-222,1
189,56,385,716,0,-97,1
189,58,392,365,0,48,1
189,63,559,709,0,-4,1
189,64,91,11,0,-156,1
189,66,644,40,0,-10,1
189,67,597,279,0,-255,1
189,68,40,71,0,-166,1
189,69,622,537,0,-94,1
189,71,181,147,0,-134,1
189,72,228,157,0,-135,1
189,73,27,650,0,-250,1
189,74,710,560,0,-254,0
189,75,362,564,0,-235,0
189,77,561,460,0,86,1
189,78,321,615,0,42,1
189,79,18,51,0,-27,1
189,81,142,82,0,83,1
189,82,135,93,0,28,1
189,83,337,605,0,-153,1
189,84,47,34,0,0,1
189,85,128,731,0,-266,0
190,0,572,206,0,-63,0
190,1,105,499,0,-101,0
190,2,492,469,0,-77,0
190,3,668,269,0,-253,0
190,4,332,576,0,-92,0
190,5,487,709,0,-221,0
190,6,532,508,0,-67,0
190,7,506,11,0,33,0
190,8,126,737,0,-249,0
190,9,1,69,0,-152,0
190,10,51,538,0,-128,0
190,11,481,266,0,-76,0
190,12,422,421,0,-17,0
190,13,661,459,0,-192,0
190,14,404,218,0,-241,0
190,15,5,550,0,-134,0
190,16,194,66,0,-16,0
190,17,536,135,0,-193,0
190,18,398,683,0,52,0
190,19,446,21,0,-80,0
190,21,40,30,0,-27,1
190,22,336,49,0,-153,1
190,23,286,179,0,-247,1
190,26,218,676,0,73,1
190,27,642,11,0,-232,1
190,28,627,567,0,-145,1
190,31,323,246,0,-50,1
190,32,409,449,0,-87,1
190,36,535,704,0,-163,1
190,39,427,148,0,-176,1
190,40,298,81,0,-73,1
190,42,591,555,0,-69,1
190,43,266,466,0,-126,1
190,45,170,311,0,-98,1
190,46,729,168,0,-79,1
190,47,617,588,0,-211,1
190,52,740,277,0,-16,1
190,53,463,394,0,-142,1
190,54,483,528,0,-157,1
190,55,568,343,0,-222,1
190,56,388,717,0,-115,1
190,58,390,363,0,48,1
190,63,559,706,0,-4,1
190,64,92,14,0,-156,1
190,66,644,37,0,-10,1
190,67,594,279,0,85,1
190,68,41,74,0,-158,1
190,69,625,537,0,-94,1
190,71,183,149,0,-134,1
190,72,230,159,0,-135,1
190,73,25,651,0,-250,1
190,74,707,561,0,-254,0
190,75,360,565,0,-235,0
190,77,558,460,0,84,1
190,78,319,613,0,42,1
190,79,19,49,0,-27,1
190,81,139,82,0,83,1
190,82,133,90,0,28,1
190,83,339,608,0,-153,1
190,84,47,31,0,0,1
190,85,125,731,0,-266,0
191,0,574,205,0,-63,0
191,1,108,499,0,-101,0
191,2,494,467,0,-49,0
191,3,666,270,0,-253,0
191,4,335,577,0,-92,0
191,5,486,712,0,-199,0
191,6,535,507,0,-67,0
191,7,504,8,0,33,0
191,8,123,738,0,-249,0
191,9,4,70,0,-127,0
191,10,54,540,0,-128,0
191,11,484,266,0,-104,0
191,12,423,418,0,-17,0
191,13,660,462,0,-192,0
191,14,401,220,0,-241,0
191,15,7,552,0,-134,0
191,16,195,63,0,-16,0
191,17,535,137,0,-193,0
191,18,396,681,0,52,0
191,19,449,20,0,-80,0
191,21,42,28,0,-27,1
191,22,338,52,0,-153,1
191,23,283,180,0,-247,1
191,26,215,675,0,73,1
191,27,640,13,0,-232,1
191,28,628,570,0,-148,1
191,31,326,245,0,-69,1
191,32,412,449,0,-87,1
191,36,535,707,0,-183,1
191,39,428,151,0,-166,1
191,40,301,80,0,-73,1
191,42,594,554,0,-69,1
191,43,268,468,0,-126,1
191,45,173,311,0,-98,1
191,46,732,168,0,-79,1
191,47,615,591,0,-211,1
191,52,740,274,0,-16,1
191,53,465,396,0,-142,1
191,54,484,531,0,-157,1
191,55,566,346,0,-222,1
191,56,390,719,0,-115,1
191,58,388,361,0,48,1
191,63,559,703,0,-4,1
191,64,93,16,0,-156,1
191,66,645,34,0,-10,1
191,67,591,278,0,85,1
191,68,41,77,0,-188,1
191,69,628,537,0,-94,1
191,71,185,151,0,-134,1
191,72,232,162,0,-135,1
191,73,22,652,0,-250,1
191,74,704,562,0,-254,0
191,75,358,567,0,-235,0
191,77,555,460,0,84,1
191,78,317,611,0,42,1
191,79,20,46,0,-27,1
191,81,137,82,0,-258,1
191,82,132,87,0,28,1
191,83,340,611,0,-153,1
191,84,47,28,0,0,1
191,85,122,731,0,-266,0
192,0,577,203,0,-63,0
192,1,111,500,0,-101,0
192,2,496,465,0,-49,0
192,3,663,271,0,-253,0
192,4,338,577,0,-92,0
192,5,485,715,0,-199,0
192,6,538,505,0,-59,0
192,7,503,5,0,18,0
192,8,121,739,0,-249,0
192,9,6,72,0,-127,0
192,10,56,542,0,-128,0
192,11,487,267,0,-104,0
192,12,424,415,0,-17,0
192,13,660,465,0,-192,0
192,14,398,221,0,-241,0
192,15,9,554,0,-134,0
192,16,196,60,0,-16,0
192,17,535,140,0,-193,0
192,18,393,679,0,52,0
192,19,452,20,0,-80,0
192,21,43,25,0,-27,1
192,22,339,54,0,-153,1
192,23,280,182,0,-247,1
192,26,212,674,0,73,1
192,27,638,15,0,-232,1
192,28,630,572,0,-148,1
192,31,329,244,0,-69,1
192,32,415,449,0,-84,1
192,36,535,710,0,-183,1
192,39,429,154,0,-166,1
192,40,303,79,0,-73,1
192,42,597,553,0,-69,1
192,43,271,468,0,-100,1
192,45,176,312,0,-98,1
192,46,735,167,0,-79,1
192,47,614,593,0,-211,1
192,52,741,271,0,-16,1
192,53,467,398,0,-142,1
192,54,486,533,0,-157,1
192,55,564,348,0,-222,1
192,56,393,720,0,-115,1
192,58,385,359,0,48,1
192,63,560,700,0,-4,1
192,64,95,19,0,-156,1
192,66,645,31,0,-10,1
192,67,588,278,0,85,1
192,68,42,80,0,-169,1
192,69,631,537,0,-94,1
192,71,187,153,0,-134,1
192,72,234,164,0,-135,1
192,73,19,653,0,-250,1
192,74,701,563,0,-234,0
192,75,355,569,0,-235,0
192,77,552,459,0,74,1
192,78,315,609,0,42,1
192,79,22,43,0,-27,1
192,81,134,83,0,-258,1
192,82,130,85,0,28,1
192,83,341,613,0,-153,1
192,84,47,25,0,0,1
192,85,119,732,0,-266,0
193,0,580,202,0,-63,0
193,1,114,500,0,-101,0
193,2,498,463,0,-49,0
193,3,660,272,0,-253,0
193,4,341,577,0,-92,0
193,5,484,718,0,-199,0
193,6,541,505,0,-86,0
193,7,501,3,0,45,0
193,8,118,739,0,88,0
193,9,9,74,0,-127,0
193,10,59,543,0,-128,0
193,11,489,268,0,-104,0
193,12,425,412,0,-17,0
193,13,659,468,0,-198,0
193,14,396,223,0,-241,0
193,15,10,557,0,-160,0
193,16,197,57,0,-26,0
193,17,534,143,0,-193,0
193,18,391,677,0,52,0
193,19,455,19,0,-80,0
193,21,45,22,0,-27,1
193,22,340,57,0,-153,1
193,23,278,183,0,-247,1
193,26,210,672,0,61,1
193,27,635,17,0,-232,1
193,28,631,575,0,-148,1
193,31,332,243,0,-69,1
193,32,418,448,0,-84,1
193,36,534,713,0,-183,1
193,39,430,157,0,-166,1
193,40,306,78,0,-73,1
193,42,600,553,0,-91,1
193,43,274,469,0,-100,1
193,45,179,312,0,-98,1
193,46,738,167,0,-79,1
193,47,612,596,0,-211,1
193,52,742,268,0,-16,1
193,53,469,401,0,-142,1
193,54,487,536,0,-157,1
193,55,562,350,0,-222,1
193,56,396,721,0,-115,1
193,58,383,357,0,48,1
193,63,561,697,0,-21,1
193,64,96,22,0,-156,1
193,66,646,28,0,-10,1
193,67,585,278,0,89,1
193,68,43,82,0,-151,1
193,69,634,537,0,-94,1
193,71,189,155,0,-134,1
193,72,237,166,0,-135,1
193,73,16,652,0,81,1
193,74,699,565,0,-234,0
193,75,353,570,0,-235,0
193,77,549,458,0,74,1
193,78,313,606,0,42,1
193,79,23,41,0,-27,1
193,81,131,84,0,-257,1
193,82,129,82,0,26,1
193,83,343,616,0,-153,1
193,84,47,22,0,0,1
193,85,116,732,0,-266,0
194,0,582,201,0,-63,0
194,1,117,501,0,-101,0
194,2,501,461,0,-49,0
194,3,657,271,0,79,0
194,4,344,577,0,-92,0
194,5,483,720,0,-199,0
194,6,544,505,0,-86,0
194,7,499,1,0,45,0
194,8,115,739,0,88,0
194,9,11,76,0,-136,0
194,10,61,544,0,-109,0
194,11,492,268,0,-104,0
194,12,426,409,0,-17,0
194,13,658,471,0,-198,0
194,14,393,224,0,-251,0
194,15,11,559,0,-160,0
194,16,199,55,0,-26,0
194,17,533,146,0,-193,0
194,18,389,675,0,52,0
194,19,458,19,0,-82,0
194,21,46,20,0,-27,1
194,22,342,60,0,-153,1
194,23,275,184,0,-247,1
194,26,207,671,0,61,1
194,27,633,19,0,-232,1
194,28,633,577,0,-148,1
194,31,334,242,0,-69,1
194,32,421,447,0,-62,1
194,36,534,716,0,-183,1
194,39,429,160,0,-189,1
194,40,309,77,0,-73,1
194,42,603,553,0,-91,1
194,43,277,469,0,-100,1
194,45,182,313,0,-98,1
194,46,741,165,0,-49,1
194,47,610,599,0,-211,1
194,52,743,265,0,-16,1
194,53,471,403,0,-142,1
194,54,488,539,0,-157,1
194,55,562,353,0,-195,1
194,56,399,723,0,-115,1
194,58,381,355,0,48,1
194,63,562,694,0,-21,1
194,64,97,25,0,-160,1
194,66,646,25,0,-10,1
194,67,582,278,0,89,1
194,68,44,85,0,-151,1
194,69,637,538,0,-94,1
194,71,192,157,0,-134,1
194,72,239,168,0,-135,1
194,73,13,652,0,81,1
194,74,698,568,0,-206,0
194,75,350,572,0,-235,0
194,77,546,457,0,74,1
194,78,311,604,0,42,1
194,79,24,38,0,-27,1
194,81,128,84,0,-257,1
194,82,128,79,0,26,1
194,83,344,619,0,-153,1
194,84,47,19,0,0,1
194,85,113,732,0,-269,0
195,0,585,199,0,-63,0
195,1,120,502,0,-101,0
195,2,502,458,0,-22,0
195,3,654,271,0,79,0
195,4,347,577,0,-92,0
195,5,482,723,0,-199,0
195,6,547,504,0,-86,0
195,7,497,-1,0,45,0
195,8,112,739,0,88,0
195,9,13,78,0,-136,0
195,10,64,545,0,-109,0
195,11,495,269,0,-104,0
195,12,427,406,0,-17,0
195,13,657,474,0,-198,0
195,14,390,225,0,-251,0
195,15,12,562,0,-160,0
195,16,200,52,0,-26,0
195,17,533,149,0,-193,0
195,18,386,673,0,52,0
195,19,461,18,0,-82,0
195,21,47,17,0,-27,1
195,22,343,62,0,-153,1
195,23,272,185,0,-247,1
195,26,204,670,0,61,1
195,27,631,20,0,-232,1
195,28,635,580,0,-148,1
195,31,337,241,0,-69,1
195,32,423,445,0,-41,1
195,36,534,719,0,-183,1
195,39,429,163,0,-189,1
195,40,312,76,0,-73,1
195,42,606,553,0,-85,1
195,43,280,469,0,-77,1
195,45,185,313,0,-98,1
195,46,743,163,0,-49,1
195,47,609,601,0,-211,1
195,52,744,262,0,-16,1
195,53,473,404,0,-118,1
195,54,489,542,0,-157,1
195,55,561,356,0,-195,1
195,56,401,724,0,-115,1
195,58,379,353,0,48,1
195,63,563,691,0,-21,1
195,64,98,27,0,-160,1
195,66,647,22,0,-10,1
195,67,579,278,0,89,1
195,68,46,87,0,-151,1
195,69,640,538,0,-94,1
195,71,194,159,0,-134,1
195,72,241,170,0,-135,1
195,73,10,651,0,81,1
195,74,696,570,0,-206,0
195,75,348,574,0,-235,0
195,77,543,456,0,74,1
195,78,309,602,0,42,1
195,79,25,35,0,-10,1
195,81,125,85,0,-257,1
195,82,126,77,0,26,1
195,83,346,621,0,-153,1
195,84,47,16,0,0,1
195,85,110,732,0,-269,0
196,0,588,198,0,-63,0
196,1,123,502,0,-101,0
196,2,503,456,0,-22,0
196,3,651,270,0,79,0
196,4,350,577,0,-92,0
196,5,481,726,0,-199,0
196,6,549,504,0,-73,0
196,7,495,748,0,45,0
196,8,109,740,0,-260,0
196,9,15,80,0,-136,0
196,10,67,546,0,-109,0
196,11,498,270,0,-104,0
196,12,427,403,0,-13,0
196,13,656,477,0,-198,0
196,14,387,226,0,-251,0
196,15,13,565,0,-160,0
196,16,201,49,0,-26,0
196,17,532,152,0,-193,0
196,18,384,672,0,52,0
196,19,464,18,0,-82,0
196,21,49,14,0,-27,1
196,22,345,65,0,-153,1
196,23,269,186,0,-247,1
196,26,202,668,0,61,1
196,27,628,22,0,-232,1
196,28,636,582,0,-148,1
196,31,340,241,0,-92,1
196,32,425,442,0,-41,1
196,36,534,722,0,-183,1
196,39,428,166,0,-189,1
196,40,315,76,0,-89,1
196,42,609,553,0,-85,1
196,43,283,468,0,-77,1
196,45,188,313,0,-98,1
196,46,745,161,0,-49,1
196,47,607,604,0,-211,1
196,52,745,259,0,-16,1
196,53,476,404,0,-90,1
196,54,490,545,0,-157,1
196,55,560,359,0,-195,1
196,56,404,725,0,-115,1
196,58,376,351,0,48,1
196,63,564,688,0,-21,1
196,64,99,30,0,-160,1
196,66,647,19,0,-10,1
196,67,576,278,0,89,1
196,68,47,90,0,-164,1
196,69,643,538,0,-94,1
196,71,196,162,0,-134,1
196,72,243,172,0,-135,1
196,73,7,651,0,81,1
196,74,695,573,0,-206,0
196,75,345,576,0,-235,0
196,77,540,456,0,74,1
196,78,307,600,0,42,1
196,79,26,32,0,-10,1
196,81,122,86,0,-257,1
196,82,125,74,0,26,1
196,83,346,624,0,-172,1
196,84,47,13,0,-12,1
196,85,107,732,0,-269,0
196,86,745,259,0,-16,1
197,0,590,197,0,-63,0
197,1,126,503,0,-101,0
197,2,504,453,0,-22,0
197,3,648,270,0,79,0
197,4,353,577,0,-92,0
197,5,480,729,0,-199,0
197,6,552,501,0,-44,0
197,7,493,745,0,31,0
197,8,106,740,0,-260,0
197,9,18,81,0,-110,0
197,10,70,547,0,-109,0
197,11,501,271,0,-104,0
197,12,428,400,0,-13,0
197,13,655,479,0,-198,0
197,14,384,227,0,-251,0
197,15,14,568,0,-160,0
197,16,203,47,0,-26,0
197,17,531,155,0,-193,0
197,18,382,670,0,52,0
197,19,467,17,0,-71,0
197,21,50,12,0,-27,1
197,22,346,68,0,-153,1
197,23,266,187,0,-258,1
197,26,199,667,0,61,1
197,27,626,24,0,-232,1
197,28,638,585,0,-148,1
197,31,343,241,0,-92,1
197,32,427,440,0,-41,1
197,36,534,725,0,-183,1
197,39,428,169,0,-189,1
197,40,318,76,0,-89,1
197,42,612,553,0,-85,1
197,43,286,467,0,-77,1
197,45,191,314,0,-98,1
197,46,747,159,0,-49,1
197,47,606,606,0,-211,1
197,52,745,256,0,-16,1
197,53,479,404,0,-90,1
197,54,491,547,0,-157,1
197,55,559,362,0,-195,1
197,56,407,726,0,-115,1
197,58,374,349,0,48,1
197,63,565,686,0,-21,1
197,64,100,33,0,-160,1
197,66,647,16,0,-2,1
197,67,573,279,0,-252,1
197,68,48,93,0,-164,1
197,69,646,538,0,-94,1
197,71,198,164,0,-134,1
197,72,246,173,0,-114,1
197,73,4,650,0,81,1
197,74,694,576,0,-206,0
197,75,343,577,0,-235,0
197,77,537,455,0,74,1
197,78,305,597,0,42,1
197,79,26,29,0,-10,1
197,81,119,86,0,-257,1
197,82,124,71,0,26,1
197,83,346,627,0,-172,1
197,84,48,10,0,-12,1
197,85,104,732,0,-269,0
197,86,745,256,0,-16,1
198,0,593,195,0,-63,0
198,1,129,503,0,-101,0
198,2,505,450,0,-22,0
198,3,645,269,0,79,0
198,4,356,577,0,-92,0
198,5,480,732,0,-179,0
198,6,554,499,0,-44,0
198,7,491,743,0,44,0
198,8,103,741,0,-260,0
198,9,21,83,0,-110,0
198,10,73,548,0,-109,0
198,11,504,272,0,-127,0
198,12,429,397,0,-13,0
198,13,655,482,0,-172,0
198,14,381,228,0,-251,0
198,15,15,571,0,-160,0
198,16,204,44,0,-26,0
198,17,531,158,0,-193,0
198,18,379,669,0,80,0
198,19,469,15,0,-58,0
198,21,52,9,0,-34,1
198,22,347,70,0,-153,1
198,23,263,188,0,-258,1
198,26,196,665,0,61,1
198,27,623,26,0,-232,1
198,28,639,587,0,-148,1
198,31,346,241,0,-92,1
198,32,429,438,0,-41,1
198,36,533,728,0,-183,1
198,39,427,172,0,-189,1
198,40,321,76,0,-89,1
198,42,615,553,0,-85,1
198,43,289,467,0,-77,1
198,45,194,314,0,-98,1
198,46,750,157,0,-49,1
198,47,604,609,0,-211,1
198,52,745,253,0,-1,1
198,53,482,404,0,-90,1
198,54,493,550,0,-157,1
198,55,559,365,0,-195,1
198,56,410,728,0,-115,1
198,58,371,348,0,62,1
198,63,566,683,0,-21,1
198,64,101,36,0,-160,1
198,66,648,13,0,-2,1
198,67,570,280,0,-252,1
198,68,48,96,0,-164,1
198,69,649,538,0,-94,1
198,71,200,166,0,-134,1
198,72,248,175,0,-114,1
198,73,1,650,0,81,1
198,74,692,578,0,-206,0
198,75,341,580,0,-225,0
198,77,535,454,0,74,1
198,78,303,595,0,42,1
198,79,27,26,0,-10,1
198,81,117,88,0,-232,1
198,82,122,69,0,26,1
198,83,348,630,0,-157,1
198,84,48,7,0,-12,1
198,85,101,732,0,-269,0
198,86,746,253,0,-16,1
199,0,596,194,0,-63,0
199,1,131,504,0,-101,0
199,2,506,447,0,-22,0
199,3,642,268,0,79,0
199,4,359,576,0,-73,0
199,5,480,735,0,-179,0
199,6,556,497,0,-44,0
199,7,489,741,0,44,0
199,8,100,741,0,-260,0
199,9,23,84,0,-110,0
199,10,76,549,0,-100,0
199,11,506,274,0,-127,0
199,12,428,394,0,5,0
199,13,656,485,0,-172,0
199,14,379,228,0,-251,0
199,15,17,573,0,-152,0
199,16,205,41,0,-26,0
199,17,530,161,0,-193,0
199,18,376,668,0,63,0
199,19,472,14,0,-58,0
199,21,53,7,0,-34,1
199,22,348,73,0,-174,1
199,23,260,187,0,77,1
199,26,194,664,0,61,1
199,27,621,28,0,-232,1
199,28,641,590,0,-148,1
199,31,349,241,0,-92,1
199,32,430,435,0,-19,1
199,36,533,731,0,-183,1
199,39,427,175,0,-189,1
199,40,324,77,0,-114,1
199,42,618,552,0,-85,1
199,43,291,466,0,-77,1
199,45,197,315,0,-98,1
199,46,752,155,0,-49,1
199,47,603,611,0,-211,1
199,52,745,250,0,-1,1
199,53,485,404,0,-90,1
199,54,495,552,0,-134,1
199,55,557,367,0,-203,1
199,56,412,729,0,-115,1
199,58,369,346,0,62,1
199,63,566,680,0,-7,1
199,64,103,38,0,-148,1
199,66,648,10,0,-2,1
199,67,568,281,0,-252,1
199,68,49,99,0,-164,1
199,69,652,539,0,-94,1
199,71,202,168,0,-134,1
199,72,251,176,0,-114,1
199,73,-2,650,0,81,1
199,74,691,581,0,-206,0
199,75,339,582,0,-225,0
199,77,532,453,0,74,1
199,78,301,593,0,42,1
199,79,27,23,0,-10,1
199,81,114,90,0,-232,1
199,82,120,66,0,45,1
199,83,349,633,0,-157,1
199,84,49,4,0,-12,1
199,85,98,732,0,-269,0
199,86,747,251,0,-16,1
200,0,599,193,0,-81,0
200,1,134,504,0,-101,0
200,2,508,444,0,-22,0
200,3,639,268,0,79,0
200,4,362,575,0,-73,0
200,5,480,738,0,-179,0
200,6,558,495,0,-44,0
200,7,487,739,0,44,0
200,8,97,742,0,-250,0
200,9,26,85,0,-110,0
200,10,79,549,0,-100,0
200,11,508,276,0,-127,0
200,12,428,392,0,5,0
200,13,656,488,0,-172,0
200,14,376,230,0,-249,0
200,15,18,576,0,-152,0
200,16,206,38,0,-26,0
200,17,529,164,0,-193,0
200,18,374,666,0,48,0
200,19,475,12,0,-58,0
200,21,55,4,0,-34,1
200,22,348,76,0,-174,1
200,23,258,186,0,77,1
200,26,191,662,0,61,1
200,27,619,30,0,-232,1
200,28,643,592,0,-148,1
200,31,352,241,0,-92,1
200,32,431,432,0,-19,1
200,36,533,734,0,-183,1
200,39,426,178,0,-189,1
200,40,327,79,0,-114,1
200,42,621,552,0,-85,1
200,43,294,465,0,-67,1
200,45,200,315,0,-98,1
200,46,2,153,0,-49,1
200,47,601,614,0,-211,1
200,52,745,247,0,-1,1
200,53,488,403,0,-65,1
200,54,497,554,0,-134,1
200,55,556,370,0,-203,1
200,56,415,730,0,-115,1
200,58,366,345,0,62,1
200,63,567,677,0,-7,1
200,64,104,41,0,-148,1
200,66,646,7,0,27,1
200,67,565,282,0,-252,1
200,68,50,102,0,-164,1
200,69,655,539,0,-94,1
200,71,205,169,0,-119,1
200,72,254,177,0,-114,1
200,73,747,648,0,62,1
200,74,690,584,0,-206,0
200,75,336,583,0,-236,0
200,77,529,452,0,74,1
200,78,299,591,0,42,1
200,79,28,20,0,-10,1
200,81,112,92,0,-232,1
200,82,118,64,0,45,1
200,83,350,636,0,-157,1
200,84,50,1,0,-12,1
200,85,95,732,0,-269,0
200,86,748,248,0,-16,1
201,0,602,193,0,-81,0
201,1,137,505,0,-101,0
201,2,509,442,0,-22,0
201,3,636,268,0,-270,0
201,4,365,575,0,-73,0
201,5,480,741,0,-179,0
201,6,561,494,0,-68,0
201,7,485,737,0,44,0
201,8,94,743,0,-250,0
201,9,29,86,0,-110,0
201,10,82,550,0,-100,0
201,11,511,278,0,-127,0
201,12,428,389,0,5,0
201,13,657,491,0,-172,0
201,14,373,229,0,86,0
201,15,19,579,0,-164,0
201,16,208,36,0,-26,0
201,17,530,167,0,-175,0
201,18,371,664,0,48,0
201,19,477,11,0,-58,0
201,21,57,2,0,-34,1
201,22,348,79,0,-174,1
201,23,255,186,0,77,1
201,26,189,661,0,61,1
201,27,616,32,0,-232,1
201,28,644,595,0,-148,1
201,31,355,241,0,-92,1
201,32,432,429,0,-19,1
201,36,533,737,0,-183,1
201,39,425,180,0,-215,1
201,40,329,80,0,-114,1
201,42,624,552,0,-85,1
201,43,297,464,0,-67,1
201,45,202,316,0,-103,1
201,46,5,151,0,-49,1
201,47,600,617,0,-211,1
201,52,745,244,0,-1,1
201,53,491,402,0,-65,1
201,54,499,556,0,-134,1
201,55,555,373,0,-203,1
201,56,418,731,0,-115,1
201,58,363,344,0,62,1
201,63,567,674,0,-7,1
201,64,106,44,0,-148,1
201,66,645,5,0,27,1
201,67,562,282,0,-252,1
201,68,51,105,0,-164,1
201,69,658,539,0,-94,1
201,71,208,170,0,-105,1
201,72,257,178,0,-114,1
201,73,745,647,0,62,1
201,74,688,587,0,-206,0
201,75,335,586,0,-213,0
201,77,526,451,0,74,1
201,78,297,588,0,42,1
201,79,28,17,0,-10,1
201,81,109,94,0,-232,1
201,82,116,62,0,45,1
201,83,351,638,0,-157,1
201,84,50,-2,0,-12,1
201,85,92,732,0,-269,0
201,86,750,246,0,-43,1
202,0,605,192,0,-81,0
202,1,140,505,0,-101,0
202,2,510,439,0,-22,0
202,3,633,268,0,-270,0
202,4,368,574,0,-73,0
202,5,480,744,0,-179,0
202,6,563,493,0,-68,0
202,7,483,735,0,44,0
202,8,91,744,0,-250,0
202,9,32,87,0,-110,0
202,10,85,550,0,-100,0
202,11,513,280,0,-127,0
202,12,428,386,0,5,0
202,13,657,494,0,-172,0
202,14,370,229,0,86,0
202,15,20,582,0,-164,0
202,16,209,33,0,-26,0
202,17,530,170,0,-175,0
202,18,369,662,0,51,0
202,19,480,9,0,-58,0
202,21,58,-1,0,-34,1
202,22,349,82,0,-174,1
202,23,252,184,0,67,1
202,26,186,659,0,61,1
202,27,614,33,0,-232,1
202,28,646,598,0,-148,1
202,31,358,241,0,-92,1
202,32,432,426,0,-11,1
202,36,533,740,0,-183,1
202,39,423,183,0,-215,1
202,40,332,80,0,-95,1
202,42,627,552,0,-85,1
202,43,300,462,0,-67,1
202,45,205,316,0,-103,1
202,46,7,149,0,-49,1
202,47,598,619,0,-211,1
202,52,744,242,0,26,1
202,53,493,401,0,-65,1
202,54,501,558,0,-134,1
202,55,554,376,0,-203,1
202,56,420,733,0,-115,1
202,58,361,342,0,62,1
202,63,567,671,0,-7,1
202,64,108,46,0,-148,1
202,66,644,2,0,27,1
202,67,559,283,0,-252,1
202,68,52,108,0,-164,1
202,69,661,540,0,-106,1
202,71,211,170,0,-89,1
202,72,259,180,0,-114,1
202,73,742,645,0,62,1
202,74,687,589,0,-206,0
202,75,333,588,0,-213,0
202,77,523,450,0,69,1
202,78,295,586,0,42,1
202,79,29,14,0,-10,1
202,81,107,95,0,-232,1
202,82,114,60,0,45,1
202,83,352,641,0,-157,1
202,84,50,747,0,0,1
202,85,89,732,0,-269,0
202,86,752,243,0,-43,1
203,0,608,192,0,-81,0
203,1,143,506,0,-107,0
203,2,511,436,0,-22,0
203,3,630,268,0,-270,0
203,4,371,573,0,-73,0
203,5,480,747,0,-179,0
203,6,566,492,0,-68,0
203,7,480,733,0,61,0
203,8,89,745,0,-250,0
203,9,35,88,0,-110,0
203,10,88,551,0,-105,0
203,11,515,281,0,-127,0
203,12,428,383,0,-13,0
203,13,658,497,0,-172,0
203,14,367,229,0,86,0
203,15,21,585,0,-164,0
203,16,209,30,0,0,0
203,17,530,173,0,-175,0
203,18,367,660,0,51,0
203,19,482,7,0,-58,0
203,21,59,747,0,-8,1
203,22,349,85,0,-174,1
203,23,249,183,0,67,1
203,26,184,657,0,40,1
203,27,612,35,0,-232,1
203,28,647,600,0,-148,1
203,31,361,241,0,-92,1
203,32,433,423,0,-20,1
203,36,533,743,0,-183,1
203,39,421,185,0,-215,1
203,40,335,80,0,-95,1
203,42,630,551,0,-85,1
203,43,303,461,0,-67,1
203,45,208,317,0,-103,1
203,46,9,147,0,-49,1
203,47,597,622,0,-211,1
203,52,743,239,0,26,1
203,53,496,399,0,-65,1
203,54,503,560,0,-134,1
203,55,554,379,0,-185,1
203,56,423,734,0,-115,1
203,58,358,341,0,62,1
203,63,568,668,0,-7,1
203,64,109,49,0,-148,1
203,66,642,-1,0,27,1
203,67,556,284,0,-255,1
203,68,53,111,0,-164,1
203,69,663,541,0,-106,1
203,71,214,170,0,-89,1
203,72,262,182,0,-132,1
203,73,739,644,0,62,1
203,74,686,592,0,-206,0
203,75,331,591,0,-213,0
203,77,520,449,0,69,1
203,78,292,585,0,58,1
203,79,29,11,0,-10,1
203,81,105,97,0,-232,1
203,82,112,58,0,45,1
203,83,354,644,0,-157,1
203,84,50,744,0,0,1
203,85,86,732,0,-269,0
203,86,3,242,0,-62,1
204,0,611,191,0,-81,0
204,1,146,507,0,-107,0
204,2,512,433,0,-22,0
204,3,627,267,0,67,0
204,4,373,572,0,-73,0
204,5,480,750,0,-179,0
204,6,569,491,0,-68,0
204,7,478,732,0,61,0
204,8,86,747,0,-229,0
204,9,37,89,0,-110,0
204,10,90,552,0,-105,0
204,11,518,283,0,-127,0
204,12,428,380,0,2,0
204,13,658,500,0,-172,0
204,14,364,229,0,86,0
204,15,22,587,0,-164,0
204,16,209,27,0,0,0
204,17,530,176,0,-175,0
204,18,364,658,0,51,0
204,19,485,6,0,-58,0
204,21,59,744,0,-8,1
204,22,350,88,0,-150,1
204,23,246,182,0,67,1
204,26,182,655,0,40,1
204,27,609,37,0,-232,1
204,28,649,603,0,-148,1
204,31,364,241,0,-92,1
204,32,434,421,0,-20,1
204,36,532,745,0,-183,1
204,39,419,188,0,-215,1
204,40,338,81,0,-95,1
204,42,632,551,0,-74,1
204,43,305,460,0,-67,1
204,45,211,318,0,-103,1
204,46,12,146,0,-74,1
204,47,595,624,0,-211,1
204,52,742,236,0,26,1
204,53,499,398,0,-65,1
204,54,505,563,0,-154,1
204,55,553,382,0,-185,1
204,56,426,735,0,-115,1
204,58,355,339,0,62,1
204,63,568,665,0,-7,1
204,64,111,51,0,-148,1
204,66,641,747,0,27,1
204,67,553,285,0,-255,1
204,68,53,113,0,-164,1
204,69,666,541,0,-96,1
204,71,217,170,0,-89,1
204,72,264,184,0,-132,1
204,73,737,642,0,62,1
204,74,684,595,0,-206,0
204,75,330,593,0,-213,0
204,77,518,447,0,44,1
204,78,290,583,0,58,1
204,79,30,8,0,-10,1
204,81,102,99,0,-232,1
204,82,110,56,0,45,1
204,83,355,647,0,-157,1
204,84,50,741,0,0,1
204,85,83,731,0,73,0
204,86,5,241,0,-62,1
205,0,613,191,0,-81,0
205,1,149,508,0,-107,0
205,2,513,431,0,-22,0
205,3,625,265,0,67,0
205,4,376,571,0,-73,0
205,5,480,753,0,-179,0
205,6,572,490,0,-84,0
205,7,475,730,0,61,0
205,8,84,749,0,-229,0
205,9,40,90,0,-110,0
205,10,93,553,0,-105,0
205,11,520,285,0,-127,0
205,12,428,377,0,2,0
205,13,658,503,0,-172,0
205,14,361,229,0,86,0
205,15,22,590,0,-164,0
205,16,209,24,0,0,0
205,17,531,179,0,-175,0
205,18,362,656,0,51,0
205,19,487,4,0,-58,0
205,21,60,741,0,-8,1
205,22,352,90,0,-150,1
205,23,244,181,0,67,1
205,26,180,652,0,40,1
205,27,608,40,0,-205,1
205,28,650,605,0,-148,1
205,31,367,241,0,-90,1
205,32,435,418,0,-20,1
205,36,532,748,0,-183,1
205,39,418,190,0,-218,1
205,40,341,81,0,-95,1
205,42,635,550,0,-74,1
205,43,308,459,0,-76,1
205,45,214,319,0,-116,1
205,46,15,146,0,-74,1
205,47,594,627,0,-211,1
205,52,739,235,0,54,1
205,53,502,397,0,-65,1
205,54,506,566,0,-154,1
205,55,553,385,0,-185,1
205,56,429,736,0,-115,1
205,58,353,338,0,62,1
205,63,569,662,0,-7,1
205,64,112,54,0,-148,1
205,66,639,745,0,27,1
205,67,550,286,0,-255,1
205,68,54,116,0,-164,1
205,69,669,541,0,-96,1
205,71,220,170,0,-89,1
205,72,266,186,0,-132,1
205,73,734,641,0,62,1
205,74,684,598,0,-188,0
205,75,328,596,0,-213,0
205,77,516,445,0,44,1
205,78,287,581,0,58,1
205,79,30,5,0,-10,1
205,81,100,101,0,-232,1
205,82,107,54,0,54,1
205,83,356,649,0,-157,1
205,84,50,738,0,0,1
205,85,80,731,0,73,0
205,86,8,239,0,-62,1
206,0,616,190,0,-81,0
206,1,152,509,0,-107,0
206,2,514,428,0,-14,0
206,3,622,264,0,67,0
206,4,379,570,0,-73,0
206,5,480,3,0,-179,0
206,6,575,490,0,-84,0
206,7,472,729,0,61,0
206,8,82,751,0,-229,0
206,9,43,91,0,-110,0
206,10,96,553,0,-105,0
206,11,523,287,0,-127,0
206,12,428,374,0,2,0
206,13,659,506,0,-172,0
206,14,358,228,0,86,0
206,15,23,593,0,-164,0
206,16,209,21,0,0,0
206,17,531,182,0,-175,0
206,18,360,654,0,51,0
206,19,490,3,0,-58,0
206,21,59,738,0,11,1
206,22,353,93,0,-150,1
206,23,241,180,0,67,1
206,26,178,650,0,37,1
206,27,607,43,0,-205,1
206,28,651,608,0,-161,1
206,31,370,242,0,-105,1
206,32,436,415,0,-20,1
206,36,532,751,0,-183,1
206,39,416,192,0,-216,1
206,40,344,81,0,-95,1
206,42,638,549,0,-74,1
206,43,311,459,0,-76,1
206,45,217,320,0,-116,1
206,46,18,145,0,-74,1
206,47,592,629,0,-211,1
206,52,737,233,0,54,1
206,53,504,395,0,-65,1
206,54,507,568,0,-154,1
206,55,553,388,0,-185,1
206,56,431,738,0,-115,1
206,58,350,337,0,75,1
206,63,569,659,0,-7,1
206,64,114,56,0,-148,1
206,66,638,742,0,27,1
206,67,548,287,0,-243,1
206,68,55,119,0,-164,1
206,69,672,542,0,-96,1
206,71,223,170,0,-89,1
206,72,267,188,0,-153,1
206,73,732,640,0,62,1
206,74,684,601,0,-188,0
206,75,326,598,0,-213,0
206,77,514,443,0,44,1
206,78,285,580,0,58,1
206,79,31,2,0,-10,1
206,81,98,103,0,-232,1
206,82,105,52,0,54,1
206,84,50,735,0,14,1
206,85,77,730,0,73,0
206,86,11,238,0,-62,1
207,0,619,190,0,-81,0
207,1,155,510,0,-107,0
207,2,515,425,0,-23,0
207,3,619,263,0,67,0
207,4,382,569,0,-73,0
207,5,479,6,0,-201,0
207,6,578,490,0,-84,0
207,7,470,727,0,61,0
207,8,80,3,0,-213,0
207,9,46,92,0,-113,0
207,10,99,553,0,-76,0
207,11,525,289,0,-127,0
207,12,428,371,0,2,0
207,13,659,509,0,-168,0
207,14,355,228,0,86,0
207,15,24,596,0,-164,0
207,16,209,18,0,0,0
207,17,531,185,0,-175,0
207,18,357,653,0,54,0
207,19,492,1,0,-58,0
207,21,59,735,0,11,1
207,22,355,96,0,-150,1
207,23,239,177,0,42,1
207,26,177,647,0,30,1
207,27,606,45,0,-205,1
207,28,652,611,0,-161,1
207,31,373,243,0,-114,1
207,32,438,412,0,-25,1
207,36,532,3,0,-183,1
207,39,414,195,0,-216,1
207,40,347,81,0,-95,1
207,42,641,548,0,-74,1
207,43,313,457,0,-52,1
207,45,219,322,0,-116,1
207,46,21,144,0,-74,1
207,47,590,632,0,-211,1
207,52,734,231,0,54,1
207,53,507,394,0,-65,1
207,54,509,571,0,-154,1
207,55,552,391,0,-185,1
207,56,434,739,0,-115,1
207,58,347,337,0,-270,1
207,63,569,656,0,-7,1
207,64,116,59,0,-148,1
207,66,637,739,0,27,1
207,67,546,289,0,-225,1
207,68,56,122,0,-164,1
207,69,675,542,0,-96,1
207,71,226,171,0,-104,1
207,72,269,191,0,-153,1
207,73,729,638,0,62,1
207,74,683,603,0,-188,0
207,75,325,601,0,-213,0
207,77,512,441,0,44,1
207,78,282,578,0,58,1
207,79,33,0,0,-36,1
207,81,95,104,0,-234,1
207,82,103,50,0,54,1
207,84,48,733,0,30,1
207,85,74,729,0,73,0
207,86,13,237,0,-68,1
207,87,373,243,0,-105,1
208,0,622,189,0,-81,0
208,1,158,511,0,-107,0
208,2,515,422,0,-1,0
208,3,616,262,0,67,0
208,4,385,569,0,-90,0
208,5,478,9,0,-201,0
208,6,581,489,0,-84,0
208,7,467,726,0,61,0
208,8,79,5,0,-213,0
208,9,49,92,0,-100,0
208,10,102,552,0,-76,0
208,11,527,291,0,-127,0
208,12,427,368,0,9,0
208,13,660,512,0,-168,0
208,14,352,228,0,86,0
208,15,25,599,0,-164,0
208,16,209,15,0,0,0
208,17,531,188,0,-175,0
208,18,355,651,0,54,0
208,19,495,0,0,-73,0
208,21,58,732,0,11,1
208,22,356,98,0,-150,1
208,23,237,175,0,42,1
208,26,175,645,0,30,1
208,27,604,48,0,-205,1
208,28,653,614,0,-161,1
208,31,376,244,0,-102,1
208,32,438,409,0,-15,1
208,36,532,6,0,-183,1
208,39,412,197,0,-216,1
208,40,350,80,0,-69,1
208,42,644,547,0,-74,1
208,43,316,455,0,-52,1
208,45,222,323,0,-116,1
208,46,24,143,0,-77,1
208,47,589,635,0,-211,1
208,52,732,229,0,54,1
208,53,510,393,0,-65,1
208,54,510,574,0,-154,1
208,55,553,393,0,-163,1
208,56,437,740,0,-109,1
208,58,344,337,0,-270,1
208,63,570,653,0,-7,1
208,64,117,61,0,-148,1
208,66,635,737,0,27,1
208,67,543,291,0,-225,1
208,68,57,125,0,-164,1
208,69,678,542,0,-96,1
208,71,229,171,0,-104,1
208,72,270,194,0,-153,1
208,73,726,637,0,62,1
208,74,683,606,0,-188,0
208,75,323,603,0,-213,0
208,77,510,438,0,44,1
208,78,279,577,0,58,1
208,79,35,749,0,-62,1
208,81,93,106,0,-234,1
208,82,100,49,0,54,1
208,84,47,730,0,30,1
208,85,72,728,0,73,0
208,86,16,236,0,-68,1
208,87,376,244,0,-105,1
209,0,625,190,0,-107,0
209,1,160,512,0,-107,0
209,2,515,419,0,-1,0
209,3,614,261,0,67,0
209,4,388,569,0,-90,0
209,5,477,11,0,-201,0
209,6,584,489,0,-84,0
209,7,465,724,0,61,0
209,8,77,8,0,-213,0
209,9,52,93,0,-100,0
209,10,105,551,0,-76,0
209,11,530,292,0,-126,0
209,12,427,365,0,9,0
209,13,660,515,0,-185,0
209,14,349,228,0,86,0
209,15,26,602,0,-164,0
209,16,209,12,0,0,0
209,17,532,191,0,-175,0
209,18,353,649,0,54,0
209,19,498,-1,0,-71,0
209,22,358,101,0,-150,1
209,23,235,173,0,42,1
209,26,174,642,0,30,1
209,27,603,51,0,-205,1
209,28,654,617,0,-161,1
209,31,379,245,0,-102,1
209,32,439,406,0,-15,1
209,36,531,9,0,-183,1
209,39,410,200,0,-216,1
209,40,353,79,0,-69,1
209,42,647,546,0,-74,1
209,43,318,453,0,-52,1
209,45,225,324,0,-116,1
209,46,26,142,0,-77,1
209,47,587,637,0,-211,1
209,52,729,227,0,54,1
209,53,513,392,0,-69,1
209,54,511,577,0,-154,1
209,55,554,396,0,-163,1
209,56,440,741,0,-109,1
209,58,341,337,0,-270,1
209,63,569,650,0,14,1
209,64,119,64,0,-148,1
209,66,634,734,0,27,1
209,67,541,293,0,-225,1
209,68,58,128,0,-164,1
209,69,681,543,0,-96,1
209,71,232,172,0,-104,1
209,72,272,196,0,-153,1
209,73,724,635,0,62,1
209,74,682,609,0,-188,0
209,75,322,606,0,-211,0
209,77,508,436,0,44,1
209,78,277,575,0,58,1
209,79,38,747,0,-62,1
209,81,90,108,0,-234,1
209,82,98,47,0,54,1
209,84,45,727,0,30,1
209,85,69,727,0,73,0
209,86,19,234,0,-68,1
209,87,379,244,0,-105,1
210,0,627,192,0,-132,0
210,1,163,513,0,-107,0
210,2,515,416,0,-1,0
210,3,611,260,0,67,0
210,4,391,569,0,-90,0
210,5,477,14,0,-180,0
210,6,587,488,0,-63,0
210,7,462,723,0,61,0
210,8,75,10,0,-213,0
210,9,55,93,0,-100,0
210,10,108,550,0,-76,0
210,11,532,294,0,-126,0
210,12,428,362,0,-12,0
210,13,660,518,0,-185,0
210,14,346,227,0,66,0
210,15,27,605,0,-164,0
210,16,209,9,0,0,0
210,17,533,193,0,-150,0
210,18,350,647,0,54,0
210,19,501,749,0,-71,0
210,22,359,103,0,-150,1
210,23,233,171,0,42,1
210,26,172,640,0,30,1
210,27,602,53,0,-205,1
210,28,655,619,0,-161,1
210,31,382,245,0,-102,1
210,32,441,404,0,-39,1
210,36,531,12,0,-183,1
210,39,408,201,0,-243,1
210,40,356,79,0,-89,1
210,42,650,545,0,-74,1
210,43,321,451,0,-52,1
210,45,227,326,0,-117,1
210,46,29,142,0,-77,1
210,47,586,640,0,-211,1
210,52,727,226,0,61,1
210,53,515,390,0,-63,1
210,54,513,579,0,-154,1
210,55,555,399,0,-163,1
210,56,443,741,0,-93,1
210,58,338,337,0,82,1
210,63,568,647,0,14,1
210,64,119,67,0,-169,1
210,66,633,731,0,27,1
210,67,539,296,0,-225,1
210,68,58,131,0,-164,1
210,69,684,543,0,-96,1
210,71,235,173,0,-104,1
210,72,273,199,0,-153,1
210,73,721,634,0,62,1
210,74,682,612,0,-191,0
210,75,320,609,0,-211,0
210,77,506,434,0,44,1
210,78,274,574,0,58,1
210,79,40,746,0,-56,1
210,81,88,109,0,-250,1
210,82,95,45,0,54,1
210,84,44,725,0,24,1
210,85,66,726,0,73,0
210,86,22,234,0,-85,1
210,87,382,245,0,-105,1
211,0,630,194,0,-132,0
211,1,166,514,0,-107,0
211,2,515,413,0,-1,0
211,3,608,258,0,67,0
211,4,394,570,0,-111,0
211,5,477,17,0,-180,0
211,6,589,486,0,-63,0
211,7,460,721,0,50,0
211,8,74,13,0,-213,0
211,9,58,94,0,-100,0
211,10,111,550,0,-76,0
211,11,535,295,0,-112,0
211,12,428,359,0,-12,0
211,13,659,521,0,-185,0
211,14,343,225,0,66,0
211,15,28,608,0,-164,0
211,16,209,6,0,0,0
211,17,535,196,0,-150,0
211,18,348,646,0,54,0
211,19,504,748,0,-71,0
211,22,361,106,0,-150,1
211,23,231,169,0,42,1
211,26,171,637,0,30,1
211,27,600,56,0,-211,1
211,28,656,622,0,-161,1
211,31,385,245,0,-81,1
211,32,443,402,0,-39,1
211,36,531,15,0,-183,1
211,39,405,202,0,-243,1
211,40,359,79,0,-89,1
211,42,653,545,0,-74,1
211,43,323,450,0,-52,1
211,45,230,327,0,-117,1
211,46,32,141,0,-77,1
211,47,584,642,0,-211,1
211,52,724,225,0,61,1
211,53,518,389,0,-63,1
211,54,514,582,0,-154,1
211,55,556,402,0,-163,1
211,56,446,741,0,-93,1
211,58,335,335,0,63,1
211,63,567,644,0,14,1
211,64,120,70,0,-169,1
211,66,631,729,0,27,1
211,67,537,297,0,-243,1
211,68,60,133,0,-138,1
211,69,687,543,0,-96,1
211,71,237,172,0,-77,1
211,72,274,202,0,-156,1
211,73,718,633,0,62,1
211,74,681,615,0,-191,0
211,75,319,611,0,-211,0
211,77,504,432,0,44,1
211,78,272,572,0,57,1
211,79,43,744,0,-56,1
211,81,85,110,0,-250,1
211,82,93,43,0,54,1
211,84,43,722,0,24,1
211,85,63,725,0,73,0
211,86,25,234,0,-85,1
211,87,385,246,0,-105,1
212,0,632,196,0,-132,0
212,1,169,514,0,-107,0
212,2,515,410,0,-1,0
212,3,605,257,0,67,0
212,4,397,572,0,-111,0
212,5,477,20,0,-180,0
212,6,592,485,0,-63,0
212,7,457,719,0,50,0
212,8,72,15,0,-213,0
212,9,61,94,0,-100,0
212,10,114,549,0,-76,0
212,11,538,296,0,-112,0
212,12,429,356,0,-12,0
212,13,659,524,0,-185,0
212,14,341,224,0,66,0
212,15,28,610,0,-164,0
212,16,210,3,0,-24,0
212,17,537,198,0,-130,0
212,18,345,644,0,54,0
212,19,507,747,0,-71,0
212,22,362,109,0,-150,1
212,23,229,166,0,42,1
212,26,170,634,0,7,1
212,27,599,59,0,-211,1
212,28,657,625,0,-175,1
212,31,388,244,0,-81,1
212,32,445,399,0,-39,1
212,36,531,18,0,-183,1
212,39,402,204,0,-243,1
212,40,362,79,0,-96,1
212,42,655,544,0,-74,1
212,43,325,448,0,-52,1
212,45,233,328,0,-117,1
212,46,35,140,0,-77,1
212,47,583,645,0,-211,1
212,52,722,223,0,61,1
212,53,521,388,0,-63,1
212,54,515,585,0,-154,1
212,55,557,405,0,-163,1
212,56,449,741,0,-89,1
212,58,333,334,0,63,1
212,63,567,641,0,14,1
212,64,120,73,0,-169,1
212,66,630,726,0,27,1
212,68,62,135,0,-138,1
212,69,690,543,0,-96,1
212,71,240,171,0,-77,1
212,72,275,204,0,-156,1
212,73,716,631,0,62,1
212,74,680,618,0,-196,0
212,75,317,614,0,-211,0
212,77,502,430,0,44,1
212,78,269,570,0,57,1
212,79,45,742,0,-44,1
212,81,82,111,0,-250,1
212,82,90,42,0,54,1
212,84,41,719,0,24,1
212,85,60,725,0,73,0
212,86,28,234,0,-85,1
212,87,387,247,0,-105,1
213,0,634,198,0,-132,0
213,1,172,515,0,-107,0
213,2,515,407,0,-1,0
213,3,603,256,0,67,0
213,4,399,573,0,-113,0
213,5,478,23,0,-164,0
213,6,595,484,0,-63,0
213,7,455,717,0,50,0
213,8,70,18,0,-213,0
213,9,64,95,0,-100,0
213,10,117,548,0,-76,0
213,11,541,296,0,-88,0
213,12,429,353,0,-12,0
213,13,659,527,0,-185,0
213,14,338,224,0,85,0
213,15,29,613,0,-164,0
213,16,211,1,0,-24,0
213,17,539,200,0,-130,0
213,18,343,642,0,54,0
213,19,509,746,0,-71,0
213,22,364,111,0,-150,1
213,23,227,164,0,42,1
213,26,170,631,0,7,1
213,27,597,61,0,-211,1
213,28,657,628,0,-175,1
213,31,390,244,0,-81,1
213,32,447,397,0,-39,1
213,36,530,21,0,-197,1
213,39,400,205,0,-243,1
213,40,365,80,0,-96,1
213,42,658,543,0,-74,1
213,43,328,446,0,-52,1
213,45,235,330,0,-117,1
213,46,38,141,0,-95,1
213,47,581,647,0,-220,1
213,52,719,222,0,61,1
213,53,523,387,0,-75,1
213,54,516,587,0,-154,1
213,55,558,408,0,-163,1
213,56,452,741,0,-89,1
213,58,330,333,0,63,1
213,63,566,639,0,14,1
213,64,121,76,0,-169,1
213,66,628,723,0,27,1
213,68,64,137,0,-138,1
213,69,693,544,0,-96,1
213,71,243,171,0,-77,1
213,72,277,207,0,-156,1
213,73,713,630,0,62,1
213,74,678,620,0,-225,0
213,75,315,616,0,-211,0
213,77,500,428,0,44,1
213,78,267,569,0,57,1
213,79,47,740,0,-44,1
213,81,79,112,0,-250,1
213,82,88,40,0,54,1
213,84,40,716,0,24,1
213,85,57,724,0,73,0
213,86,31,233,0,-85,1
213,87,390,248,0,-105,1
214,0,636,200,0,-132,0
214,1,174,517,0,-130,0
214,2,516,404,0,-14,0
214,3,600,255,0,70,0
214,4,402,574,0,-126,0
214,5,478,26,0,-179,0
214,6,597,482,0,-63,0
214,7,453,715,0,50,0
214,8,69,20,0,-213,0
214,9,67,96,0,-100,0
214,10,120,547,0,-76,0
214,11,544,297,0,-103,0
214,12,430,350,0,-12,0
214,13,659,530,0,-185,0
214,14,335,223,0,71,0
214,15,30,616,0,-164,0
214,16,212,-2,0,-24,0
214,17,542,202,0,-130,0
214,18,340,640,0,54,0
214,19,512,747,0,-100,0
214,22,366,114,0,-150,1
214,23,225,162,0,42,1
214,26,170,628,0,7,1
214,27,596,64,0,-205,1
214,28,657,631,0,-175,1
214,31,393,243,0,-81,1
214,32,448,394,0,-22,1
214,36,529,24,0,-197,1
214,39,397,206,0,-243,1
214,40,368,80,0,-96,1
214,42,661,542,0,-74,1
214,43,330,444,0,-52,1
214,45,238,331,0,-117,1
214,46,41,141,0,-95,1
214,47,579,650,0,-220,1
214,52,716,220,0,61,1
214,53,526,386,0,-75,1
214,54,518,590,0,-152,1
214,55,559,410,0,-155,1
214,56,455,741,0,-89,1
214,58,327,331,0,63,1
214,63,565,636,0,17,1
214,64,122,79,0,-169,1
214,66,627,721,0,27,1
214,68,67,139,0,-115,1
214,69,696,544,0,-100,1
214,71,246,170,0,-77,1
214,72,278,210,0,-156,1
214,73,710,628,0,62,1
214,74,676,622,0,-225,0
214,75,314,619,0,-211,0
214,77,497,426,0,56,1
214,78,264,567,0,67,1
214,79,49,737,0,-44,1
214,81,76,113,0,-250,1
214,82,85,38,0,54,1
214,84,39,714,0,24,1
214,85,54,723,0,73,0
214,86,34,233,0,-85,1
214,87,393,248,0,-105,1
215,0,639,202,0,-132,0
215,1,176,519,0,-130,0
215,2,517,401,0,-14,0
215,3,597,253,0,60,0
215,4,404,576,0,-126,0
215,5,478,29,0,-179,0
215,6,600,481,0,-63,0
215,7,451,713,0,39,0
215,8,67,23,0,-215,0
215,9,69,96,0,-100,0
215,10,122,547,0,-76,0
215,11,547,298,0,-103,0
215,12,431,347,0,-12,0
215,13,660,533,0,-155,0
215,14,332,222,0,71,0
215,15,32,618,0,-140,0
215,16,214,747,0,-24,0
215,17,543,204,0,-150,0
215,18,338,639,0,54,0
215,19,515,748,0,-122,0
215,22,367,116,0,-150,1
215,23,222,161,0,71,1
215,26,169,625,0,7,1
215,27,595,67,0,-205,1
215,28,657,634,0,-175,1
215,31,396,243,0,-81,1
215,32,449,392,0,-22,1
215,36,528,27,0,-197,1
215,39,394,208,0,-243,1
215,40,371,80,0,-96,1
215,42,664,541,0,-74,1
215,43,333,443,0,-68,1
215,45,241,332,0,-117,1
215,46,44,141,0,-95,1
215,47,578,652,0,-206,1
215,52,714,219,0,61,1
215,53,529,385,0,-75,1
215,54,519,593,0,-152,1
215,55,560,413,0,-155,1
215,56,458,740,0,-69,1
215,58,325,330,0,63,1
215,63,564,633,0,17,1
215,64,122,82,0,-169,1
215,66,626,718,0,27,1
215,68,70,140,0,-115,1
215,69,699,545,0,-100,1
215,71,249,169,0,-77,1
215,72,279,213,0,-156,1
215,73,708,627,0,62,1
215,74,674,625,0,-225,0
215,75,313,622,0,-204,0
215,77,495,424,0,56,1
215,78,261,566,0,67,1
215,79,51,735,0,-44,1
215,81,73,114,0,-250,1
215,82,83,36,0,54,1
215,84,38,711,0,24,1
215,85,51,722,0,73,0
215,86,37,233,0,-85,1
215,87,396,249,0,-105,1
216,0,641,204,0,-132,0
216,1,179,521,0,-130,0
216,2,518,398,0,-14,0
216,3,595,252,0,60,0
216,4,407,578,0,-126,0
216,5,478,32,0,-179,0
216,6,603,479,0,-63,0
216,7,449,711,0,39,0
216,8,65,25,0,-215,0
216,9,72,97,0,-100,0
216,10,125,545,0,-50,0
216,11,549,298,0,-103,0
216,12,431,344,0,-12,0
216,13,661,535,0,-153,0
216,14,329,222,0,-267,0
216,15,34,621,0,-140,0
216,16,215,745,0,-24,0
216,17,545,207,0,-150,0
216,18,335,637,0,54,0
216,19,518,750,0,-122,0
216,22,369,118,0,-132,1
216,23,219,160,0,71,1
216,26,170,622,0,-9,1
216,27,593,69,0,-205,1
216,28,658,637,0,-175,1
216,31,399,243,0,-81,1
216,32,450,389,0,-22,1
216,36,527,29,0,-197,1
216,39,392,209,0,-243,1
216,40,374,81,0,-96,1
216,42,667,540,0,-74,1
216,43,336,442,0,-68,1
216,45,243,334,0,-117,1
216,46,47,142,0,-95,1
216,47,576,655,0,-210,1
216,52,711,217,0,61,1
216,53,532,385,0,-75,1
216,54,521,595,0,-152,1
216,55,562,415,0,-141,1
216,56,460,739,0,-69,1
216,58,322,329,0,63,1
216,63,563,630,0,17,1
216,64,122,85,0,-175,1
216,66,624,715,0,27,1
216,68,73,141,0,-115,1
216,69,702,545,0,-100,1
216,71,252,168,0,-55,1
216,72,280,215,0,-156,1
216,73,706,625,0,47,1
216,74,672,627,0,-225,0
216,75,311,624,0,-204,0
216,77,492,423,0,56,1
216,78,259,565,0,67,1
216,79,53,733,0,-44,1
216,81,71,115,0,-250,1
216,82,81,35,0,54,1
216,84,37,708,0,24,1
216,85,49,720,0,44,0
216,86,40,232,0,-85,1
216,87,399,250,0,-105,1
217,0,643,206,0,-132,0
217,1,181,523,0,-130,0
217,2,518,395,0,-14,0
217,3,592,250,0,60,0
217,4,409,580,0,-126,0
217,5,478,35,0,-179,0
217,6,605,478,0,-63,0
217,7,447,708,0,39,0
217,8,64,28,0,-205,0
217,9,75,97,0,-100,0
217,10,127,543,0,-44,0
217,11,552,298,0,-75,0
217,12,432,341,0,-12,0
217,13,663,538,0,-153,0
217,14,326,222,0,-267,0
217,15,36,623,0,-140,0
217,16,217,743,0,-48,0
217,17,547,209,0,-138,0
217,18,333,635,0,54,0
217,19,520,752,0,-138,0
217,22,371,120,0,-132,1
217,23,216,159,0,71,1
217,26,170,619,0,-9,1
217,27,592,72,0,-205,1
217,28,658,640,0,-175,1
217,31,402,242,0,-81,1
217,32,451,386,0,-22,1
217,36,526,32,0,-197,1
217,39,389,210,0,-258,1
217,40,377,81,0,-96,1
217,42,670,540,0,-74,1
217,43,338,441,0,-68,1
217,45,246,335,0,-117,1
217,46,50,142,0,-95,1
217,47,575,657,0,-210,1
217,52,708,216,0,61,1
217,53,535,384,0,-75,1
217,54,522,598,0,-152,1
217,55,564,418,0,-141,1
217,56,463,738,0,-69,1
217,58,319,327,0,63,1
217,63,562,627,0,17,1
217,64,123,88,0,-175,1
217,66,623,713,0,27,1
217,68,75,143,0,-115,1
217,69,705,547,0,-128,1
217,71,254,166,0,-44,1
217,72,282,218,0,-156,1
217,73,703,623,0,47,1
217,74,670,629,0,-225,0
217,75,310,627,0,-204,0
217,77,490,421,0,56,1
217,78,256,564,0,67,1
217,79,54,730,0,-14,1
217,81,68,116,0,-250,1
217,82,78,33,0,54,1
217,84,35,705,0,24,1
217,85,47,718,0,44,0
217,86,43,232,0,-85,1
217,87,401,252,0,-133,1
218,0,645,208,0,-132,0
218,1,183,525,0,-130,0
218,2,518,392,0,-3,0
218,3,589,249,0,60,0
218,4,412,582,0,-126,0
218,5,478,38,0,-180,0
218,6,608,477,0,-63,0
218,7,445,706,0,39,0
218,8,63,31,0,-205,0
218,9,78,98,0,-100,0
218,10,129,540,0,-44,0
218,11,555,297,0,-75,0
218,12,433,338,0,-12,0
218,13,664,541,0,-153,0
218,14,323,222,0,-267,0
218,15,39,624,0,-117,0
218,16,219,740,0,-48,0
218,17,549,211,0,-138,0
218,18,331,633,0,54,0
218,19,522,2,0,-125,0
218,22,372,123,0,-161,1
218,23,213,158,0,71,1
218,26,171,616,0,-9,1
218,27,592,75,0,-187,1
218,28,658,643,0,-175,1
218,31,405,241,0,-73,1
218,32,452,383,0,-22,1
218,36,526,35,0,-197,1
218,39,386,210,0,-258,1
218,40,380,81,0,-96,1
218,43,341,440,0,-68,1
218,45,249,337,0,-117,1
218,46,53,142,0,-95,1
218,47,573,660,0,-210,1
218,52,706,214,0,61,1
218,53,538,384,0,-101,1
218,54,524,601,0,-152,1
218,55,566,420,0,-141,1
218,56,466,737,0,-69,1
218,58,316,326,0,63,1
218,63,562,624,0,17,1
218,64,123,91,0,-178,1
218,66,622,710,0,27,1
218,68,78,144,0,-115,1
218,69,707,549,0,-128,1
218,71,256,163,0,-44,1
218,72,283,221,0,-156,1
218,73,701,621,0,47,1
218,74,667,631,0,-225,0
218,75,308,629,0,-221,0
218,77,487,419,0,56,1
218,78,253,563,0,67,1
218,81,65,117,0,-250,1
218,82,76,31,0,54,1
218,84,34,703,0,24,1
218,85,45,716,0,44,0
218,86,46,232,0,-85,1
218,87,403,254,0,-133,1
219,0,648,210,0,-132,0
219,1,186,527,0,-130,0
219,2,519,389,0,-3,0
219,3,587,247,0,60,0
219,4,414,583,0,-126,0
219,5,477,41,0,-205,0
219,6,611,475,0,-63,0
219,7,443,704,0,39,0
219,8,62,33,0,-205,0
219,9,81,98,0,-100,0
219,10,131,538,0,-44,0
219,11,558,296,0,-75,0
219,12,433,335,0,-12,0
219,13,666,543,0,-144,0
219,14,320,223,0,-267,0
219,15,41,626,0,-117,0
219,16,222,739,0,-63,0
219,17,551,214,0,-138,0
219,18,328,632,0,54,0
219,19,524,3,0,-125,0
219,22,373,126,0,-161,1
219,23,211,157,0,71,1
219,26,171,613,0,-9,1
219,27,591,78,0,-187,1
219,28,658,646,0,-175,1
219,31,408,240,0,-73,1
219,32,453,380,0,-22,1
219,36,525,38,0,-197,1
219,39,383,212,0,-232,1
219,40,383,82,0,-96,1
219,43,344,438,0,-68,1
219,45,251,338,0,-117,1
219,46,56,143,0,-101,1
219,47,572,663,0,-210,1
219,52,703,213,0,61,1
219,53,541,385,0,-106,1
219,54,525,603,0,-158,1
219,55,567,423,0,-160,1
219,56,469,735,0,-69,1
219,58,313,326,0,-270,1
219,63,561,621,0,17,1
219,64,123,94,0,-178,1
219,66,622,707,0,-2,1
219,68,81,145,0,-115,1
219,69,709,551,0,-128,1
219,71,258,161,0,-44,1
219,72,283,224,0,-167,1
219,73,699,619,0,47,1
219,74,665,633,0,-225,0
219,75,306,632,0,-221,0
219,77,485,417,0,56,1
219,78,250,562,0,67,1
219,81,62,118,0,-250,1
219,82,73,29,0,54,1
219,84,34,700,0,1,1
219,85,45,716,0,44,0
219,86,49,232,0,-84,1
219,87,406,256,0,-133,1
220,0,650,212,0,-132,0
220,1,188,529,0,-130,0
220,2,519,386,0,-3,0
220,3,584,246,0,60,0
220,4,416,585,0,-126,0
220,5,475,44,0,-205,0
220,6,613,474,0,-63,0
220,7,442,701,0,39,0
220,8,60,36,0,-205,0
220,9,84,99,0,-100,0
220,10,133,536,0,-44,0
220,11,561,295,0,-75,0
220,12,434,332,0,-7,0
220,13,667,546,0,-144,0
220,14,317,223,0,-267,0
220,15,44,627,0,-117,0
220,16,225,738,0,-77,0
220,17,553,216,0,-138,0
220,18,326,630,0,54,0
220,19,527,5,0,-125,0
220,22,374,129,0,-161,1
220,23,208,155,0,52,1
220,26,172,610,0,-9,1
220,27,590,81,0,-197,1
220,28,659,649,0,-175,1
220,31,411,239,0,-73,1
220,32,455,378,0,-22,1
220,36,524,41,0,-193,1
220,39,381,214,0,-232,1
220,40,386,82,0,-96,1
220,43,347,437,0,-68,1
220,45,254,339,0,-103,1
220,46,59,143,0,-88,1
220,47,569,664,0,-239,1
220,52,701,211,0,61,1
220,53,544,386,0,-106,1
220,54,526,606,0,-158,1
220,55,568,426,0,-160,1
220,56,472,734,0,-69,1
220,58,311,325,0,64,1
220,63,560,618,0,17,1
220,64,123,96,0,-178,1
220,66,622,704,0,-2,1
220,68,83,147,0,-134,1
220,69,712,553,0,-128,1
220,71,260,159,0,-44,1
220,72,284,227,0,-167,1
220,73,697,617,0,47,1
220,74,663,635,0,-225,0
220,75,304,634,0,-221,0
220,77,482,416,0,56,1
220,78,248,560,0,67,1
220,81,59,119,0,-250,1
220,84,34,697,0,1,1
220,85,45,716,0,44,0
220,86,52,231,0,-84,1
220,87,408,258,0,-133,1
221,0,652,214,0,-132,0
221,1,189,532,0,-155,0
221,2,519,383,0,-3,0
221,3,582,244,0,60,0
221,4,419,587,0,-126,0
221,5,474,46,0,-205,0
221,6,616,473,0,-78,0
221,7,440,699,0,39,0
221,8,59,39,0,-205,0
221,9,87,99,0,-100,0
221,10,135,534,0,-44,0
221,11,564,295,0,-75,0
221,12,434,329,0,-7,0
221,13,669,548,0,-144,0
221,14,314,223,0,-267,0
221,15,47,628,0,-117,0
221,16,228,738,0,-77,0
221,17,554,218,0,-151,0
221,18,323,628,0,54,0
221,19,529,7,0,-125,0
221,22,375,132,0,-161,1
221,23,206,153,0,52,1
221,26,172,607,0,-9,1
221,27,589,83,0,-217,1
221,28,659,652,0,-175,1
221,31,414,239,0,-73,1
221,32,456,375,0,-22,1
221,36,523,44,0,-193,1
221,39,379,216,0,-232,1
221,40,389,82,0,-96,1
221,43,350,436,0,-68,1
221,45,257,339,0,-103,1
221,46,62,143,0,-88,1
221,47,566,666,0,-239,1
221,52,699,209,0,36,1
221,53,547,387,0,-106,1
221,54,527,609,0,-166,1
221,55,570,428,0,-139,1
221,56,474,733,0,-69,1
221,58,308,323,0,64,1
221,63,559,616,0,17,1
221,64,123,99,0,-178,1
221,66,622,701,0,-2,1
221,68,85,149,0,-134,1
221,69,715,553,0,-100,1
221,71,262,157,0,-44,1
221,72,285,230,0,-167,1
221,73,695,614,0,30,1
221,74,661,637,0,-225,0
221,75,302,636,0,-221,0
221,77,480,414,0,56,1
221,78,245,559,0,67,1
221,81,57,120,0,-250,1
221,84,34,694,0,1,1
221,85,45,716,0,44,0
221,86,55,231,0,-84,1
221,87,410,260,0,-133,1
222,0,654,216,0,-132,0
222,1,190,534,0,-155,0
222,2,519,380,0,-3,0
222,3,579,243,0,60,0
222,4,421,589,0,-126,0
222,5,473,49,0,-205,0
222,6,619,473,0,-78,0
222,7,439,696,0,11,0
222,8,58,42,0,-197,0
222,9,90,100,0,-100,0
222,10,136,531,0,-24,0
222,11,567,294,0,-75,0
222,12,434,326,0,-7,0
222,13,671,550,0,-144,0
222,14,311,223,0,-267,0
222,15,49,630,0,-117,0
222,16,231,737,0,-77,0
222,17,556,221,0,-151,0
222,18,321,626,0,54,0
222,19,532,8,0,-122,0
222,22,376,135,0,-161,1
222,23,204,151,0,52,1
222,26,173,604,0,-9,1
222,27,587,86,0,-217,1
222,28,659,655,0,-175,1
222,31,417,238,0,-73,1
222,32,457,372,0,-22,1
222,36,523,47,0,-179,1
222,39,376,218,0,-232,1
222,40,392,83,0,-96,1
222,43,352,435,0,-68,1
222,45,260,340,0,-98,1
222,46,65,142,0,-88,1
222,47,564,667,0,-239,1
222,52,697,207,0,36,1
222,53,550,388,0,-106,1
222,54,527,612,0,-166,1
222,55,572,430,0,-139,1
222,56,477,732,0,-69,1
222,58,305,322,0,64,1
222,63,558,613,0,17,1
222,64,123,102,0,-178,1
222,66,622,698,0,-2,1
222,68,87,151,0,-134,1
222,69,718,554,0,-100,1
222,71,264,155,0,-44,1
222,72,285,232,0,-167,1
222,73,694,611,0,30,1
222,74,658,639,0,-239,0
222,75,300,639,0,-221,0
222,77,477,412,0,56,1
222,78,242,559,0,81,1
222,81,54,121,0,-250,1
222,84,34,691,0,1,1
222,85,45,716,0,44,0
222,86,58,231,0,-84,1
222,87,412,262,0,-133,1
223,0,656,219,0,-146,0
223,1,192,537,0,-155,0
223,2,519,377,0,-3,0
223,3,576,241,0,60,0
223,4,424,590,0,-126,0
223,5,472,52,0,-205,0
223,6,622,472,0,-78,0
223,7,438,693,0,11,0
223,8,57,44,0,-197,0
223,9,93,100,0,-100,0
223,10,138,529,0,-43,0
223,11,570,293,0,-75,0
223,12,435,323,0,-7,0
223,13,673,553,0,-144,0
223,14,308,223,0,-267,0
223,15,52,631,0,-117,0
223,16,234,736,0,-77,0
223,17,558,223,0,-121,0
223,18,318,625,0,54,0
223,19,534,10,0,-122,0
223,22,377,137,0,-161,1
223,23,201,149,0,52,1
223,26,173,602,0,-9,1
223,27,585,88,0,-217,1
223,28,659,658,0,-175,1
223,31,420,237,0,-73,1
223,32,458,369,0,-22,1
223,36,523,50,0,-179,1
223,39,375,220,0,-213,1
223,40,395,83,0,-96,1
223,43,355,434,0,-68,1
223,45,263,340,0,-98,1
223,46,68,142,0,-88,1
223,47,561,669,0,-239,1
223,52,695,204,0,36,1
223,53,552,389,0,-119,1
223,54,528,615,0,-166,1
223,55,574,432,0,-139,1
223,56,480,731,0,-69,1
223,58,303,320,0,48,1
223,63,557,610,0,17,1
223,64,123,105,0,-178,1
223,66,622,695,0,-2,1
223,68,89,154,0,-134,1
223,69,721,554,0,-100,1
223,71,266,153,0,-44,1
223,72,286,235,0,-167,1
223,73,692,609,0,30,1
223,74,656,640,0,-239,0
223,75,299,641,0,-221,0
223,77,475,411,0,56,1
223,78,239,558,0,83,1
223,81,51,122,0,-250,1
223,84,34,688,0,1,1
223,85,45,716,0,44,0
223,86,61,230,0,-84,1
223,87,414,264,0,-133,1
224,0,658,221,0,-146,0
224,1,193,540,0,-155,0
224,2,519,374,0,-3,0
224,3,574,240,0,60,0
224,4,426,592,0,-126,0
224,5,470,54,0,-211,0
224,6,625,471,0,-60,0
224,7,438,690,0,11,0
224,8,56,47,0,-197,0
224,9,96,101,0,-100,0
224,10,140,527,0,-31,0
224,11,573,293,0,-88,0
224,12,435,320,0,-7,0
224,13,674,555,0,-144,0
224,14,305,223,0,-267,0
224,15,54,634,0,-143,0
224,16,236,735,0,-62,0
224,17,561,224,0,-121,0
224,18,316,623,0,54,0
224,19,537,12,0,-122,0
224,22,378,140,0,-161,1
224,23,199,148,0,52,1
224,26,174,599,0,-5,1
224,27,583,90,0,-217,1
224,28,660,661,0,-175,1
224,31,422,236,0,-73,1
224,32,459,366,0,-22,1
224,36,524,53,0,-179,1
224,39,373,223,0,-213,1
224,40,398,83,0,-96,1
224,43,358,433,0,-68,1
224,45,266,341,0,-98,1
224,46,71,144,0,-117,1
224,47,559,670,0,-239,1
224,52,694,202,0,36,1
224,53,555,391,0,-119,1
224,54,529,618,0,-167,1
224,55,576,435,0,-139,1
224,56,483,730,0,-69,1
224,58,300,319,0,73,1
224,63,556,607,0,17,1
224,64,124,108,0,-178,1
224,66,622,692,0,3,1
224,68,91,156,0,-134,1
224,69,723,556,0,-120,1
224,71,268,151,0,-44,1
224,72,287,238,0,-167,1
224,73,691,606,0,30,1
224,74,653,642,0,-239,0
224,75,296,642,0,-244,0
224,77,472,409,0,56,1
224,78,236,558,0,83,1
224,81,48,124,0,-250,1
224,84,34,685,0,-7,1
224,85,45,716,0,44,0
224,86,64,230,0,-84,1
224,87,417,266,0,-133,1
225,0,659,224,0,-146,0
225,1,194,543,0,-155,0
225,2,520,371,0,-3,0
225,3,571,238,0,60,0
225,4,429,594,0,-126,0
225,5,468,57,0,-211,0
225,6,627,469,0,-60,0
225,7,437,687,0,11,0
225,8,56,50,0,-197,0
225,9,99,101,0,-100,0
225,10,142,524,0,-31,0
225,11,576,293,0,-88,0
225,12,436,318,0,-22,0
225,13,676,558,0,-144,0
225,14,302,223,0,-267,0
225,15,56,636,0,-143,0
225,16,239,734,0,-62,0
225,17,563,226,0,-121,0
225,18,314,621,0,54,0
225,19,540,13,0,-122,0
225,22,379,143,0,-168,1
225,23,196,147,0,81,1
225,26,174,596,0,-5,1
225,27,581,93,0,-217,1
225,28,660,664,0,-175,1
225,31,425,235,0,-73,1
225,32,459,363,0,5,1
225,36,524,56,0,-179,1
225,39,371,225,0,-213,1
225,40,401,83,0,-88,1
225,43,361,432,0,-68,1
225,45,269,341,0,-98,1
225,46,74,144,0,-98,1
225,47,556,672,0,-239,1
225,52,692,199,0,36,1
225,53,557,392,0,-119,1
225,54,529,621,0,-167,1
225,55,578,437,0,-139,1
225,56,486,729,0,-69,1
225,58,297,318,0,73,1
225,63,555,604,0,17,1
225,64,124,111,0,-178,1
225,66,622,689,0,3,1
225,68,94,157,0,-121,1
225,69,726,557,0,-120,1
225,71,270,148,0,-44,1
225,72,288,241,0,-167,1
225,73,689,604,0,42,1
225,74,651,643,0,-239,0
225,75,293,643,0,-244,0
225,77,470,407,0,56,1
225,78,233,558,0,83,1
225,81,45,125,0,-250,1
225,84,35,682,0,-7,1
225,85,45,716,0,44,0
225,86,67,231,0,-114,1
225,87,419,268,0,-133,1
226,0,661,226,0,-146,0
226,1,195,545,0,-155,0
226,2,520,368,0,-3,0
226,3,568,238,0,88,0
226,4,431,596,0,-126,0
226,5,467,60,0,-211,0
226,6,630,468,0,-60,0
226,7,437,684,0,11,0
226,8,55,53,0,-197,0
226,9,102,102,0,-100,0
226,10,143,521,0,-31,0
226,11,579,293,0,-88,0
226,12,436,315,0,-1,0
226,13,678,560,0,-144,0
226,14,299,224,0,-267,0
226,15,57,638,0,-143,0
226,16,242,732,0,-62,0
226,17,566,227,0,-121,0
226,18,312,619,0,42,0
226,19,542,15,0,-122,0
226,22,380,146,0,-168,1
226,23,193,147,0,81,1
226,26,175,593,0,-21,1
226,27,580,95,0,-217,1
226,28,660,667,0,-175,1
226,31,428,234,0,-73,1
226,32,458,360,0,5,1
226,36,524,59,0,-164,1
226,39,370,228,0,-213,1
226,40,404,83,0,-88,1
226,43,363,431,0,-68,1
226,45,272,341,0,-98,1
226,46,77,145,0,-98,1
226,47,554,674,0,-239,1
226,52,690,197,0,36,1
226,53,560,394,0,-119,1
226,54,530,624,0,-167,1
226,55,580,439,0,-145,1
226,56,488,728,0,-69,1
226,58,295,317,0,73,1
226,63,554,601,0,17,1
226,64,124,114,0,-178,1
226,66,621,686,0,3,1
226,68,97,159,0,-121,1
226,69,728,559,0,-120,1
226,71,273,146,0,-44,1
226,72,288,244,0,-167,1
226,73,687,602,0,42,1
226,74,648,645,0,-239,0
226,75,290,645,0,-244,0
226,77,467,406,0,56,1
226,78,230,557,0,83,1
226,81,42,126,0,-250,1
226,84,35,679,0,-7,1
226,85,45,716,0,44,0
226,86,69,232,0,-114,1
226,87,421,270,0,-133,1
227,0,663,229,0,-146,0
227,1,197,548,0,-155,0
227,2,520,365,0,-3,0
227,3,565,238,0,88,0
227,4,433,597,0,-126,0
227,5,465,62,0,-211,0
227,6,632,466,0,-52,0
227,7,436,681,0,11,0
227,8,55,56,0,-170,0
227,9,105,101,0,-75,0
227,10,145,519,0,-46,0
227,11,582,293,0,-88,0
227,12,436,312,0,-1,0
227,13,680,563,0,-144,0
227,14,296,224,0,-267,0
227,15,59,641,0,-143,0
227,16,244,731,0,-62,0
227,17,568,229,0,-121,0
227,18,310,617,0,42,0
227,19,545,16,0,-122,0
227,22,380,149,0,-168,1
227,23,190,146,0,81,1
227,26,176,590,0,-21,1
227,27,578,98,0,-217,1
227,28,660,670,0,-175,1
227,31,431,233,0,-73,1
227,32,458,357,0,5,1
227,36,525,62,0,-164,1
227,39,368,230,0,-213,1
227,40,407,83,0,-88,1
227,43,366,429,0,-68,1
227,45,275,342,0,-98,1
227,46,80,145,0,-98,1
227,47,551,675,0,-239,1
227,52,688,194,0,36,1
227,53,563,394,0,-92,1
227,54,531,627,0,-167,1
227,55,582,441,0,-119,1
227,56,491,727,0,-69,1
227,58,292,317,0,73,1
227,63,554,598,0,17,1
227,64,124,117,0,-178,1
227,66,621,683,0,3,1
227,68,99,160,0,-121,1
227,69,731,560,0,-120,1
227,71,275,144,0,-44,1
227,72,289,247,0,-167,1
227,73,685,599,0,42,1
227,74,646,646,0,-239,0
227,75,288,646,0,-244,0
227,77,465,404,0,56,1
227,78,227,557,0,83,1
227,81,40,127,0,-250,1
227,84,35,676,0,8,1
227,85,45,716,0,44,0
227,86,72,234,0,-114,1
227,87,424,271,0,-108,1
228,0,664,231,0,-146,0
228,1,197,551,0,-175,0
228,2,520,362,0,-3,0
228,3,562,238,0,88,0
228,4,436,599,0,-126,0
228,5,464,65,0,-211,0
228,6,635,464,0,-50,0
228,7,435,678,0,11,0
228,8,56,59,0,-166,0
228,9,108,100,0,-75,0
228,10,147,517,0,-46,0
228,11,585,291,0,-64,0
228,12,436,309,0,-1,0
228,13,681,565,0,-147,0
228,14,293,224,0,-267,0
228,15,61,643,0,-143,0
228,16,247,729,0,-50,0
228,17,571,230,0,-108,0
228,18,308,614,0,42,0
228,19,547,18,0,-122,0
228,22,381,152,0,-168,1
228,23,187,146,0,81,1
228,26,177,587,0,-21,1
228,27,576,100,0,-217,1
228,28,660,673,0,-183,1
228,31,434,232,0,-73,1
228,32,458,354,0,5,1
228,36,526,65,0,-169,1
228,39,366,232,0,-225,1
228,40,410,83,0,-88,1
228,43,369,428,0,-68,1
228,45,278,342,0,-98,1
228,46,83,145,0,-98,1
228,47,548,676,0,-251,1
228,52,687,192,0,36,1
228,53,566,394,0,-92,1
228,54,532,629,0,-156,1
228,55,585,443,0,-126,1
228,56,494,726,0,-69,1
228,58,289,316,0,73,1
228,63,553,596,0,20,1
228,64,124,120,0,-178,1
228,66,622,680,0,-18,1
228,68,101,162,0,-136,1
228,69,734,562,0,-120,1
228,71,277,142,0,-44,1
228,72,290,250,0,-167,1
228,73,683,597,0,42,1
228,74,643,648,0,-239,0
228,75,285,647,0,-244,0
228,77,462,402,0,59,1
228,78,224,557,0,83,1
228,81,37,128,0,-250,1
228,84,34,673,0,8,1
228,85,45,716,0,44,0
228,86,75,235,0,-114,1
228,87,427,272,0,-108,1
229,0,666,234,0,-146,0
229,1,197,554,0,-175,0
229,2,520,359,0,-3,0
229,3,559,238,0,88,0
229,4,438,601,0,-126,0
229,5,462,67,0,-211,0
229,6,637,462,0,-50,0
229,7,435,675,0,11,0
229,8,57,62,0,-166,0
229,9,111,100,0,-75,0
229,10,150,515,0,-46,0
229,11,587,290,0,-64,0
229,12,436,306,0,-1,0
229,13,683,568,0,-147,0
229,14,290,224,0,-267,0
229,15,63,646,0,-143,0
229,16,250,728,0,-80,0
229,17,574,231,0,-108,0
229,18,306,612,0,42,0
229,19,550,20,0,-122,0
229,22,382,155,0,-168,1
229,23,184,145,0,81,1
229,26,178,584,0,-21,1
229,27,573,102,0,-236,1
229,28,660,676,0,-183,1
229,31,437,231,0,-73,1
229,32,458,351,0,5,1
229,36,526,68,0,-169,1
229,39,364,234,0,-225,1
229,40,413,83,0,-88,1
229,43,372,427,0,-68,1
229,45,281,343,0,-98,1
229,46,86,146,0,-98,1
229,47,545,677,0,-251,1
229,52,685,189,0,36,1
229,53,569,394,0,-92,1
229,54,533,632,0,-156,1
229,55,587,444,0,-126,1
229,56,497,725,0,-69,1
229,58,286,315,0,73,1
229,63,552,593,0,20,1
229,64,125,123,0,-158,1
229,66,623,677,0,-18,1
229,68,103,165,0,-136,1
229,69,736,563,0,-120,1
229,71,279,140,0,-44,1
229,72,290,253,0,-167,1
229,73,681,595,0,42,1
229,74,640,650,0,-239,0
229,75,282,649,0,-244,0
229,77,460,401,0,59,1
229,78,221,556,0,83,1
229,81,34,129,0,-250,1
229,84,34,670,0,-5,1
229,85,45,716,0,44,0
229,86,77,236,0,-114,1
229,87,430,273,0,-108,1
230,0,668,236,0,-146,0
230,1,197,557,0,-175,0
230,2,520,356,0,10,0
230,3,556,238,0,88,0
230,4,441,603,0,-126,0
230,5,461,70,0,-211,0
230,6,639,460,0,-44,0
230,7,434,672,0,11,0
230,8,58,65,0,-166,0
230,9,114,99,0,-75,0
230,10,152,513,0,-42,0
230,11,590,289,0,-64,0
230,12,436,303,0,-1,0
230,13,685,570,0,-147,0
230,14,287,224,0,-267,0
230,15,64,648,0,-143,0
230,16,253,728,0,-80,0
230,17,577,232,0,-108,0
230,18,304,610,0,42,0
230,19,552,21,0,-122,0
230,22,382,158,0,-168,1
230,23,181,145,0,81,1
230,26,179,582,0,-21,1
230,27,571,104,0,-225,1
230,28,660,679,0,-183,1
230,31,440,231,0,-73,1
230,32,458,349,0,5,1
230,36,527,70,0,-169,1
230,39,362,237,0,-225,1
230,40,416,83,0,-94,1
230,43,375,426,0,-76,1
230,45,284,343,0,-98,1
230,46,88,145,0,-69,1
230,47,543,678,0,-251,1
230,52,683,187,0,36,1
230,53,572,395,0,-107,1
230,54,534,635,0,-156,1
230,55,590,446,0,-126,1
230,56,499,724,0,-69,1
230,58,283,314,0,73,1
230,63,549,591,0,48,1
230,64,126,126,0,-158,1
230,66,624,674,0,-18,1
230,68,105,167,0,-138,1
230,69,739,565,0,-120,1
230,71,281,138,0,-44,1
230,72,291,256,0,-167,1
230,73,679,593,0,42,1
230,74,638,651,0,-239,0
230,75,280,651,0,-219,0
230,77,458,398,0,33,1
230,78,218,556,0,83,1
230,81,31,130,0,-250,1
230,84,35,667,0,-9,1
230,85,45,716,0,44,0
230,86,80,237,0,-114,1
230,87,433,274,0,-108,1
231,0,669,239,0,-146,0
231,1,198,560,0,-175,0
231,2,519,353,0,10,0
231,3,553,238,0,88,0
231,4,443,604,0,-126,0
231,5,459,72,0,-211,0
231,6,641,458,0,-44,0
231,7,434,669,0,3,0
231,8,58,68,0,-166,0
231,9,116,98,0,-75,0
231,10,154,511,0,-42,0
231,11,593,287,0,-66,0
231,12,436,300,0,-1,0
231,13,686,573,0,-161,0
231,14,284,224,0,-267,0
231,15,66,650,0,-143,0
231,16,256,727,0,-80,0
231,17,580,232,0,-108,0
231,18,302,608,0,42,0
231,19,555,23,0,-122,0
231,22,383,161,0,-156,1
231,23,178,144,0,81,1
231,26,179,579,0,-4,1
231,27,570,106,0,-211,1
231,28,660,682,0,-183,1
231,31,442,230,0,-73,1
231,32,457,346,0,5,1
231,36,528,73,0,-149,1
231,39,360,239,0,-225,1
231,40,419,83,0,-94,1
231,43,377,425,0,-57,1
231,45,287,344,0,-115,1
231,46,91,144,0,-69,1
231,47,540,679,0,-251,1
231,52,681,185,0,36,1
231,53,575,395,0,-100,1
231,54,536,638,0,-156,1
231,55,592,448,0,-126,1
231,56,502,722,0,-69,1
231,58,280,313,0,73,1
231,63,547,589,0,48,1
231,64,126,129,0,-188,1
231,66,626,672,0,-46,1
231,68,107,169,0,-140,1
231,69,741,566,0,-120,1
231,71,283,135,0,-44,1
231,72,292,259,0,-167,1
231,73,677,590,0,42,1
231,74,635,653,0,-239,0
231,75,279,653,0,-219,0
231,77,456,396,0,33,1
231,78,215,555,0,83,1
231,81,28,131,0,-250,1
231,84,35,664,0,-9,1
231,85,45,716,0,44,0
231,86,82,240,0,-139,1
231,87,435,275,0,-108,1
232,0,671,241,0,-146,0
232,1,198,563,0,-175,0
232,2,519,350,0,10,0
232,3,550,238,0,88,0
232,4,446,606,0,-126,0
232,5,458,75,0,-211,0
232,6,643,456,0,-44,0
232,7,434,666,0,3,0
232,8,59,71,0,-166,0
232,9,119,97,0,-75,0
232,10,156,508,0,-42,0
232,11,595,286,0,-66,0
232,12,437,297,0,-6,0
232,13,687,576,0,-161,0
232,14,281,224,0,-267,0
232,15,68,653,0,-143,0
232,16,258,726,0,-62,0
232,17,583,233,0,-108,0
232,18,300,605,0,42,0
232,19,557,24,0,-122,0
232,22,385,163,0,-156,1
232,23,175,144,0,81,1
232,26,180,576,0,-4,1
232,27,568,108,0,-224,1
232,28,660,685,0,-183,1
232,31,445,229,0,-73,1
232,32,458,343,0,-7,1
232,36,530,76,0,-149,1
232,39,357,241,0,-225,1
232,40,422,83,0,-94,1
232,43,380,423,0,-57,1
232,45,289,345,0,-112,1
232,46,94,143,0,-69,1
232,47,537,680,0,-251,1
232,52,680,182,0,36,1
232,53,578,396,0,-100,1
232,54,537,640,0,-156,1
232,55,594,450,0,-126,1
232,56,505,721,0,-69,1
232,58,277,312,0,73,1
232,63,545,587,0,48,1
232,64,125,132,0,-188,1
232,66,628,670,0,-46,1
232,68,109,171,0,-140,1
232,69,744,568,0,-120,1
232,71,284,133,0,-23,1
232,72,292,262,0,-167,1
232,73,675,588,0,42,1
232,74,633,654,0,-239,0
232,75,277,656,0,-219,0
232,77,455,393,0,33,1
232,78,212,555,0,83,1
232,81,26,132,0,-250,1
232,84,36,661,0,-9,1
232,85,45,716,0,44,0
232,86,84,242,0,-139,1
232,87,438,276,0,-108,1
232,88,422,83,0,-94,1
233,0,673,244,0,-146,0
233,1,198,566,0,-175,0
233,2,518,347,0,10,0
233,3,547,238,0,88,0
233,4,448,608,0,-126,0
233,5,456,78,0,-211,0
233,6,645,453,0,-44,0
233,7,434,663,0,3,0
233,8,60,73,0,-166,0
233,9,122,96,0,-75,0
233,10,158,506,0,-42,0
233,11,598,286,0,-88,0
233,12,436,294,0,17,0
233,13,688,579,0,-161,0
233,14,278,224,0,-267,0
233,15,70,655,0,-143,0
233,16,261,725,0,-78,0
233,17,586,233,0,-80,0
233,18,298,603,0,42,0
233,19,560,26,0,-122,0
233,22,386,166,0,-156,1
233,23,173,142,0,58,1
233,26,178,573,0,23,1
233,27,566,111,0,-224,1
233,28,660,688,0,-183,1
233,31,448,227,0,-56,1
233,32,458,340,0,-7,1
233,36,532,78,0,-149,1
233,39,355,243,0,-225,1
233,40,425,84,0,-94,1
233,43,382,422,0,-57,1
233,45,292,346,0,-97,1
233,46,97,142,0,-69,1
233,47,534,681,0,-251,1
233,52,678,180,0,36,1
233,53,581,396,0,-100,1
233,54,538,643,0,-156,1
233,55,597,452,0,-126,1
233,56,508,720,0,-69,1
233,58,275,311,0,73,1
233,63,543,585,0,46,1
233,64,125,135,0,-188,1
233,66,631,668,0,-46,1
233,68,111,174,0,-140,1
233,69,747,569,0,-120,1
233,71,285,130,0,-23,1
233,72,293,265,0,-167,1
233,73,673,586,0,42,1
233,74,630,656,0,-239,0
233,75,275,658,0,-217,0
233,77,453,391,0,33,1
233,78,209,555,0,83,1
233,81,23,133,0,-255,1
233,84,36,658,0,-9,1
233,85,45,716,0,44,0
233,86,86,244,0,-139,1
233,87,441,277,0,-108,1
233,88,425,84,0,-94,1
234,0,674,246,0,-146,0
234,1,200,569,0,-156,0
234,2,517,345,0,10,0
234,3,544,238,0,88,0
234,4,450,610,0,-126,0
234,5,454,80,0,-211,0
234,6,647,451,0,-44,0
234,7,434,660,0,3,0
234,8,61,76,0,-166,0
234,9,125,95,0,-59,0
234,10,160,504,0,-42,0
234,11,601,286,0,-88,0
234,12,435,291,0,17,0
234,13,689,582,0,-161,0
234,14,275,225,0,-267,0
234,15,72,658,0,-143,0
234,16,263,723,0,-51,0
234,17,588,231,0,-54,0
234,18,296,601,0,42,0
234,19,562,27,0,-122,0
234,22,387,169,0,-160,1
234,23,170,141,0,58,1
234,26,177,570,0,23,1
234,27,564,113,0,-224,1
234,28,659,691,0,-183,1
234,31,450,225,0,-56,1
234,32,458,337,0,-7,1
234,36,533,81,0,-149,1
234,39,353,245,0,-225,1
234,40,428,84,0,-94,1
234,43,385,420,0,-57,1
234,45,295,346,0,-97,1
234,46,100,140,0,-69,1
234,47,531,682,0,-251,1
234,52,676,177,0,36,1
234,53,584,397,0,-100,1
234,54,539,646,0,-156,1
234,55,599,453,0,-126,1
234,56,511,719,0,-69,1
234,58,272,310,0,73,1
234,63,541,583,0,46,1
234,64,125,138,0,-183,1
234,66,633,666,0,-46,1
234,68,113,176,0,-140,1
234,69,750,569,0,-93,1
234,71,286,127,0,-23,1
234,72,292,268,0,-194,1
234,73,671,584,0,42,1
234,74,628,657,0,-239,0
234,75,273,660,0,-217,0
234,77,452,388,0,33,1
234,78,207,553,0,57,1
234,81,20,133,0,-255,1
234,84,36,655,0,15,1
234,85,45,716,0,44,0
234,86,88,246,0,-139,1
234,87,444,278,0,-108,1
234,88,427,83,0,-69,1
235,0,676,249,0,-146,0
235,1,199,572,0,-186,0
235,2,517,342,0,10,0
235,3,541,238,0,-263,0
235,4,453,611,0,-126,0
235,5,453,83,0,-211,0
235,6,649,449,0,-44,0
235,7,434,657,0,3,0
235,8,61,79,0,-166,0
235,9,127,93,0,-59,0
235,10,162,502,0,-42,0
235,11,604,286,0,-88,0
235,12,434,288,0,17,0
235,13,690,584,0,-161,0
235,14,272,226,0,-248,0
235,15,73,660,0,-143,0
235,16,266,722,0,-51,0
235,17,591,229,0,-54,0
235,18,293,599,0,42,0
235,19,565,29,0,-122,0
235,22,388,172,0,-152,1
235,23,168,139,0,58,1
235,26,176,567,0,23,1
235,27,561,115,0,-224,1
235,28,660,694,0,-163,1
235,31,453,224,0,-56,1
235,32,459,334,0,-7,1
235,36,535,83,0,-149,1
235,39,352,248,0,-201,1
235,40,431,84,0,-94,1
235,43,387,418,0,-57,1
235,45,298,346,0,-97,1
235,46,103,140,0,-77,1
235,47,528,683,0,-251,1
235,52,674,175,0,36,1
235,53,587,397,0,-100,1
235,54,541,648,0,-156,1
235,55,602,455,0,-126,1
235,56,514,719,0,-78,1
235,58,269,309,0,73,1
235,63,538,581,0,64,1
235,64,125,141,0,-183,1
235,66,635,664,0,-46,1
235,68,115,178,0,-140,1
235,69,753,569,0,-93,1
235,71,289,125,0,-49,1
235,72,292,270,0,-194,1
235,73,669,581,0,42,1
235,74,626,659,0,-225,0
235,75,271,663,0,-217,0
235,77,450,386,0,33,1
235,78,204,551,0,57,1
235,81,17,134,0,-255,1
235,84,35,652,0,15,1
235,85,45,716,0,44,0
235,86,90,248,0,-131,1
235,87,447,279,0,-108,1
235,88,430,81,0,-69,1
236,0,678,251,0,-146,0
236,1,199,575,0,-186,0
236,2,517,339,0,0,0
236,3,538,238,0,-263,0
236,4,455,613,0,-126,0
236,5,451,85,0,-211,0
236,6,652,447,0,-44,0
236,7,433,654,0,3,0
236,8,61,82,0,-191,0
236,9,130,92,0,-59,0
236,10,164,499,0,-42,0
236,11,607,286,0,-88,0
236,12,433,285,0,17,0
236,13,690,587,0,-161,0
236,14,269,227,0,-248,0
236,15,75,662,0,-137,0
236,16,268,720,0,-51,0
236,17,593,228,0,-54,0
236,18,291,597,0,42,0
236,19,568,31,0,-122,0
236,22,390,174,0,-152,1
236,23,165,137,0,58,1
236,26,175,565,0,23,1
236,27,559,116,0,-245,1
236,28,661,697,0,-163,1
236,31,455,221,0,-37,1
236,32,459,331,0,-7,1
236,36,536,86,0,-149,1
236,39,351,251,0,-201,1
236,40,434,84,0,-94,1
236,43,390,417,0,-57,1
236,45,301,348,0,-124,1
236,46,106,139,0,-77,1
236,47,526,684,0,-251,1
236,52,672,174,0,64,1
236,53,590,398,0,-100,1
236,54,542,651,0,-156,1
236,55,604,457,0,-126,1
236,56,517,719,0,-100,1
236,58,266,308,0,73,1
236,63,535,580,0,64,1
236,64,125,144,0,-183,1
236,68,117,181,0,-140,1
236,69,3,569,0,-93,1
236,71,292,124,0,-75,1
236,72,290,273,0,-216,1
236,73,667,579,0,42,1
236,74,623,662,0,-225,0
236,75,269,665,0,-217,0
236,77,448,383,0,33,1
236,78,201,550,0,57,1
236,81,14,133,0,78,1
236,84,34,649,0,26,1
236,85,45,716,0,44,0
236,86,93,250,0,-131,1
236,87,450,280,0,-108,1
236,88,433,80,0,-69,1
237,0,679,254,0,-146,0
237,1,199,578,0,-176,0
237,2,516,336,0,11,0
237,3,535,239,0,-263,0
237,4,458,615,0,-126,0
237,5,450,88,0,-211,0
237,6,654,445,0,-44,0
237,7,433,651,0,3,0
237,8,60,85,0,-191,0
237,9,133,90,0,-59,0
237,10,166,497,0,-42,0
237,11,610,286,0,-88,0
237,12,432,283,0,28,0
237,13,692,590,0,-145,0
237,14,267,228,0,-248,0
237,15,78,664,0,-137,0
237,16,271,718,0,-51,0
237,17,595,226,0,-54,0
237,18,289,594,0,42,0
237,19,571,31,0,-99,0
237,22,391,177,0,-152,1
237,23,162,136,0,58,1
237,26,174,562,0,23,1
237,27,556,118,0,-245,1
237,28,662,700,0,-163,1
237,31,456,219,0,-37,1
237,32,459,328,0,-7,1
237,36,538,88,0,-149,1
237,39,351,254,0,-172,1
237,40,437,84,0,-88,1
237,43,392,415,0,-57,1
237,45,303,350,0,-124,1
237,46,108,138,0,-77,1
237,47,523,685,0,-251,1
237,52,669,172,0,64,1
237,53,593,399,0,-100,1
237,54,543,654,0,-156,1
237,55,607,459,0,-126,1
237,56,520,720,0,-100,1
237,58,263,308,0,73,1
237,63,532,579,0,64,1
237,64,125,147,0,-183,1
237,68,119,183,0,-140,1
237,69,6,570,0,-93,1
237,71,295,124,0,-75,1
237,72,288,275,0,-216,1
237,73,665,577,0,42,1
237,74,621,664,0,-225,0
237,75,267,667,0,-232,0
237,77,447,381,0,33,1
237,78,199,548,0,57,1
237,81,11,133,0,86,1
237,84,32,647,0,26,1
237,85,45,716,0,44,0
237,86,95,252,0,-131,1
237,87,452,281,0,-117,1
237,88,436,79,0,-69,1
238,0,681,256,0,-146,0
238,1,199,581,0,-176,0
238,2,516,333,0,11,0
238,3,532,239,0,-263,0
238,4,461,616,0,-109,0
238,5,448,90,0,-211,0
238,6,656,443,0,-44,0
238,7,433,648,0,3,0
238,8,60,88,0,-179,0
238,9,135,89,0,-59,0
238,10,168,495,0,-42,0
238,11,613,286,0,-88,0
238,12,430,280,0,28,0
238,13,694,592,0,-145,0
238,14,264,230,0,-232,0
238,15,80,667,0,-137,0
238,16,273,716,0,-51,0
238,17,598,224,0,-54,0
238,18,287,592,0,42,0
238,19,573,32,0,-99,0
238,22,392,179,0,-152,1
238,23,160,134,0,58,1
238,26,172,559,0,27,1
238,27,553,119,0,-245,1
238,28,663,703,0,-163,1
238,31,458,217,0,-37,1
238,32,460,325,0,-7,1
238,36,539,91,0,-149,1
238,39,352,257,0,-172,1
238,43,395,414,0,-57,1
238,45,306,351,0,-124,1
238,46,111,138,0,-77,1
238,47,520,686,0,-251,1
238,52,666,171,0,64,1
238,53,595,399,0,-100,1
238,54,544,657,0,-156,1
238,55,608,461,0,-156,1
238,56,522,720,0,-100,1
238,58,260,307,0,73,1
238,63,530,577,0,64,1
238,64,125,150,0,-168,1
238,68,121,185,0,-140,1
238,69,9,570,0,-93,1
238,71,297,122,0,-61,1
238,72,286,278,0,-216,1
238,73,663,575,0,36,1
238,74,619,666,0,-225,0
238,75,265,669,0,-232,0
238,77,445,378,0,33,1
238,78,197,546,0,43,1
238,81,8,133,0,86,1
238,84,31,644,0,26,1
238,85,45,716,0,44,0
238,86,97,254,0,-131,1
238,87,455,282,0,-117,1
238,88,438,78,0,-69,1
239,0,683,259,0,-146,0
239,1,199,584,0,-176,0
239,2,515,330,0,11,0
239,3,529,239,0,-263,0
239,4,463,617,0,-109,0
239,5,447,93,0,-211,0
239,6,658,441,0,-44,0
239,7,433,645,0,3,0
239,8,61,91,0,-159,0
239,9,138,87,0,-59,0
239,10,170,493,0,-42,0
239,11,616,286,0,-88,0
239,12,429,277,0,28,0
239,13,696,595,0,-145,0
239,14,262,232,0,-232,0
239,15,82,669,0,-137,0
239,16,275,714,0,-51,0
239,17,600,222,0,-54,0
239,18,285,590,0,42,0
239,19,576,32,0,-99,0
239,22,394,182,0,-152,1
239,23,157,133,0,58,1
239,26,171,556,0,27,1
239,27,551,120,0,-245,1
239,28,664,705,0,-163,1
239,31,460,214,0,-37,1
239,32,460,322,0,-7,1
239,36,541,94,0,-156,1
239,39,352,260,0,-172,1
239,43,397,412,0,-57,1
239,45,308,353,0,-124,1
239,46,114,137,0,-75,1
239,47,517,687,0,-251,1
239,52,664,170,0,64,1
239,53,598,400,0,-100,1
239,54,546,659,0,-156,1
239,55,609,464,0,-156,1
239,56,525,721,0,-100,1
239,58,257,306,0,73,1
239,63,527,576,0,64,1
239,64,126,153,0,-168,1
239,68,123,187,0,-119,1
239,69,12,570,0,-93,1
239,71,300,121,0,-66,1
239,72,285,280,0,-216,1
239,73,661,572,0,36,1
239,74,617,668,0,-225,0
239,75,262,671,0,-232,0
239,77,444,376,0,33,1
239,78,195,544,0,43,1
239,81,5,133,0,86,1
239,84,30,641,0,26,1
239,85,45,716,0,44,0
239,86,99,256,0,-131,1
239,87,458,284,0,-117,1
239,88,441,76,0,-50,1
240,0,685,261,0,-137,0
240,1,199,587,0,-187,0
240,2,515,327,0,11,0
240,3,526,240,0,-257,0
240,4,466,618,0,-109,0
240,5,445,95,0,-211,0
240,6,660,438,0,-44,0
240,7,432,642,0,14,0
240,8,62,94,0,-159,0
240,9,140,86,0,-59,0
240,10,172,491,0,-42,0
240,11,619,285,0,-88,0
240,12,427,275,0,28,0
240,13,697,597,0,-145,0
240,14,260,234,0,-232,0
240,15,84,671,0,-137,0
240,16,278,712,0,-51,0
240,17,603,221,0,-54,0
240,18,283,588,0,42,0
240,19,579,32,0,-87,0
240,22,395,185,0,-152,1
240,23,155,131,0,60,1
240,26,169,554,0,27,1
240,27,548,121,0,-245,1
240,28,665,708,0,-163,1
240,31,462,212,0,-37,1
240,32,461,319,0,-7,1
240,36,542,96,0,-156,1
240,39,353,263,0,-172,1
240,43,400,410,0,-57,1
240,45,310,356,0,-145,1
240,46,117,136,0,-75,1
240,47,514,688,0,-251,1
240,52,661,168,0,64,1
240,53,601,400,0,-100,1
240,54,547,662,0,-156,1
240,55,610,467,0,-156,1
240,56,528,721,0,-100,1
240,58,254,305,0,73,1
240,63,524,575,0,74,1
240,64,126,156,0,-168,1
240,68,126,188,0,-119,1
240,69,15,571,0,-115,1
240,71,303,120,0,-66,1
240,72,283,283,0,-216,1
240,73,660,570,0,36,1
240,74,615,670,0,-225,0
240,75,260,672,0,-246,0
240,77,442,373,0,33,1
240,78,193,542,0,43,1
240,81,2,133,0,86,1
240,84,28,639,0,26,1
240,85,45,716,0,44,0
240,86,102,258,0,-124,1
240,87,460,285,0,-117,1
240,88,443,74,0,-50,1
241,0,687,263,0,-137,0
241,1,199,590,0,-187,0
241,2,514,324,0,11,0
241,3,524,241,0,-257,0
241,4,469,619,0,-109,0
241,5,443,98,0,-211,0
241,6,662,436,0,-44,0
241,7,432,640,0,14,0
241,8,63,97,0,-159,0
241,9,143,84,0,-59,0
241,10,174,489,0,-69,0
241,11,622,285,0,-88,0
241,12,426,272,0,28,0
241,13,699,600,0,-145,0
241,14,257,235,0,-232,0
241,15,86,673,0,-137,0
241,16,280,711,0,-58,0
241,17,605,219,0,-54,0
241,18,281,585,0,42,0
241,19,582,32,0,-87,0
241,22,397,187,0,-152,1
241,23,152,130,0,60,1
241,26,168,551,0,39,1
241,27,545,123,0,-245,1
241,28,666,711,0,-163,1
241,31,464,209,0,-37,1
241,32,461,316,0,-7,1
241,36,543,99,0,-156,1
241,39,354,265,0,-145,1
241,43,402,409,0,-57,1
241,45,312,358,0,-145,1
241,46,120,135,0,-75,1
241,47,511,689,0,-251,1
241,52,658,167,0,64,1
241,53,604,401,0,-100,1
241,54,548,665,0,-156,1
241,55,611,470,0,-156,1
241,56,531,722,0,-100,1
241,58,252,304,0,73,1
241,63,521,574,0,74,1
241,64,127,159,0,-168,1
241,68,129,190,0,-119,1
241,69,17,572,0,-115,1
241,71,305,119,0,-66,1
241,72,281,285,0,-215,1
241,73,658,567,0,36,1
241,74,613,672,0,-225,0
241,75,257,673,0,-246,0
241,77,440,370,0,33,1
241,78,191,539,0,43,1
241,81,-1,132,0,86,1
241,84,27,636,0,26,1
241,85,45,716,0,44,0
241,86,104,260,0,-128,1
241,87,463,286,0,-118,1
241,88,446,73,0,-72,1
242,0,689,265,0,-137,0
242,1,198,593,0,-187,0
242,2,514,321,0,2,0
242,3,521,241,0,-257,0
242,4,472,620,0,-109,0
242,5,442,101,0,-211,0
242,6,664,434,0,-44,0
242,7,430,637,0,41,0
242,8,65,99,0,-159,0
242,9,145,83,0,-59,0
242,10,177,488,0,-69,0
242,11,625,285,0,-88,0
242,12,425,269,0,28,0
242,13,701,602,0,-145,0
242,14,255,237,0,-232,0
242,15,88,675,0,-137,0
242,16,283,709,0,-58,0
242,17,608,217,0,-54,0
242,18,279,583,0,42,0
242,19,585,32,0,-87,0
242,22,397,190,0,-172,1
242,23,149,128,0,60,1
242,26,165,550,0,62,1
242,27,542,124,0,-245,1
242,28,665,714,0,-188,1
242,31,465,207,0,-37,1
242,32,461,313,0,-7,1
242,36,544,102,0,-156,1
242,39,356,267,0,-145,1
242,43,405,408,0,-84,1
242,45,313,361,0,-145,1
242,46,123,135,0,-75,1
242,47,509,690,0,-251,1
242,52,655,166,0,64,1
242,53,607,401,0,-100,1
242,54,549,668,0,-156,1
242,55,613,472,0,-156,1
242,56,534,722,0,-100,1
242,58,249,303,0,73,1
242,63,518,575,0,-265,1
242,64,128,162,0,-168,1
242,68,131,191,0,-129,1
242,69,20,572,0,-91,1
242,71,308,117,0,-66,1
242,72,279,288,0,-215,1
242,73,656,565,0,36,1
242,74,611,674,0,-225,0
242,75,254,674,0,-246,0
242,77,439,368,0,33,1
242,78,189,537,0,43,1
242,81,747,132,0,86,1
242,84,27,633,0,3,1
242,85,45,716,0,44,0
242,86,107,262,0,-128,1
242,87,466,288,0,-118,1
242,88,449,72,0,-72,1
243,0,692,266,0,-117,0
243,1,198,595,0,-187,0
243,2,514,318,0,2,0
243,3,518,242,0,-257,0
243,4,475,620,0,-89,0
243,5,440,103,0,-211,0
243,6,666,432,0,-44,0
243,7,428,635,0,41,0
243,8,66,102,0,-159,0
243,9,148,81,0,-59,0
243,10,180,487,0,-69,0
243,11,628,285,0,-88,0
243,12,423,267,0,24,0
243,13,702,604,0,-145,0
243,14,253,239,0,-232,0
243,15,90,678,0,-140,0
243,16,285,707,0,-58,0
243,17,610,216,0,-71,0
243,18,277,581,0,42,0
243,19,588,31,0,-87,0
243,22,397,193,0,-185,1
243,23,147,127,0,60,1
243,26,162,549,0,62,1
243,27,540,125,0,-245,1
243,28,665,717,0,-188,1
243,31,467,205,0,-37,1
243,32,462,310,0,-7,1
243,36,546,105,0,-156,1
243,39,358,270,0,-145,1
243,43,408,408,0,-76,1
243,45,315,363,0,-145,1
243,46,126,134,0,-75,1
243,47,506,690,0,90,1
243,52,652,165,0,84,1
243,53,610,402,0,-100,1
243,54,551,670,0,-156,1
243,55,614,475,0,-156,1
243,56,537,724,0,-124,1
243,58,246,302,0,73,1
243,63,515,575,0,-262,1
243,64,128,165,0,-168,1
243,68,132,194,0,-153,1
243,69,23,572,0,-91,1
243,71,311,116,0,-66,1
243,72,278,290,0,-215,1
243,73,654,563,0,57,1
243,74,609,676,0,-225,0
243,75,251,676,0,-246,0
243,77,437,365,0,33,1
243,78,186,536,0,68,1
243,81,744,132,0,86,1
243,84,27,630,0,3,1
243,85,45,716,0,44,0
243,86,109,263,0,-128,1
243,87,468,289,0,-118,1
243,88,452,71,0,-72,1
244,0,694,268,0,-117,0
244,1,198,598,0,-187,0
244,2,514,315,0,2,0
244,3,515,243,0,-257,0
244,4,478,620,0,-89,0
244,5,439,106,0,-211,0
244,6,668,430,0,-44,0
244,7,425,633,0,49,0
244,8,67,105,0,-159,0
244,9,151,80,0,-59,0
244,10,183,486,0,-69,0
244,11,631,285,0,-88,0
244,12,422,264,0,24,0
244,13,704,607,0,-145,0
244,14,250,241,0,-232,0
244,15,92,680,0,-140,0
244,16,287,705,0,-33,0
244,17,613,215,0,-71,0
244,18,275,579,0,42,0
244,19,591,31,0,-87,0
244,22,397,196,0,-170,1
244,23,144,125,0,60,1
244,26,160,547,0,62,1
244,27,537,126,0,-255,1
244,28,664,720,0,-188,1
244,31,469,202,0,-37,1
244,32,462,307,0,-10,1
244,36,547,107,0,-139,1
244,39,360,272,0,-145,1
244,43,411,407,0,-76,1
244,45,317,366,0,-145,1
244,46,129,133,0,-75,1
244,47,503,690,0,-266,1
244,52,649,165,0,-269,1
244,53,613,402,0,-100,1
244,54,552,673,0,-156,1
244,55,615,478,0,-161,1
244,56,539,726,0,-129,1
244,58,243,301,0,73,1
244,63,513,576,0,-242,1
244,64,129,167,0,-168,1
244,68,134,197,0,-153,1
244,69,26,572,0,-91,1
244,71,314,115,0,-66,1
244,72,276,292,0,-215,1
244,73,651,561,0,50,1
244,74,606,679,0,-225,0
244,75,249,677,0,-246,0
244,77,435,363,0,33,1
244,78,183,535,0,68,1
244,81,741,132,0,86,1
244,84,26,627,0,3,1
244,85,45,716,0,44,0
244,86,111,265,0,-128,1
244,87,471,290,0,-110,1
244,88,455,71,0,-72,1
245,0,697,269,0,-117,0
245,1,197,601,0,-187,0
245,2,513,312,0,2,0
245,3,512,243,0,-257,0
245,4,481,620,0,-89,0
245,5,436,107,0,-241,0
245,6,670,427,0,-37,0
245,7,424,631,0,34,0
245,8,68,108,0,-159,0
245,9,153,78,0,-59,0
245,10,186,485,0,-69,0
245,11,634,285,0,-90,0
245,12,421,261,0,24,0
245,13,706,609,0,-145,0
245,14,248,243,0,-232,0
245,15,94,682,0,-140,0
245,16,288,702,0,-25,0
245,17,616,214,0,-66,0
245,18,273,576,0,42,0
245,19,594,31,0,-87,0
245,22,398,199,0,-174,1
245,23,141,124,0,71,1
245,26,157,546,0,62,1
245,27,534,127,0,-255,1
245,28,664,723,0,-188,1
245,31,471,200,0,-37,1
245,32,463,304,0,-10,1
245,36,549,109,0,-139,1
245,39,361,275,0,-145,1
245,43,414,406,0,-76,1
245,45,319,368,0,-145,1
245,46,132,132,0,-75,1
245,47,500,690,0,-266,1
245,52,646,166,0,-269,1
245,53,616,402,0,-87,1
245,54,553,676,0,-156,1
245,55,616,481,0,-161,1
245,56,542,727,0,-109,1
245,58,240,300,0,64,1
245,63,510,578,0,-231,1
245,64,130,170,0,-168,1
245,68,135,199,0,-153,1
245,69,29,572,0,-91,1
245,71,317,115,0,-84,1
245,72,274,295,0,-215,1
245,73,650,559,0,34,1
245,74,604,681,0,-225,0
245,75,246,678,0,-246,0
245,77,434,360,0,33,1
245,78,180,534,0,68,1
245,81,738,132,0,86,1
245,84,27,624,0,-10,1
245,85,45,716,0,44,0
245,86,114,267,0,-128,1
245,87,474,291,0,-110,1
245,88,457,70,0,-72,1
246,0,700,271,0,-117,0
246,1,197,604,0,-187,0
246,2,513,309,0,2,0
246,3,509,245,0,-244,0
246,4,484,620,0,-89,0
246,5,434,109,0,-241,0
246,6,672,425,0,-37,0
246,7,422,628,0,34,0
246,8,69,111,0,-159,0
246,9,156,76,0,-59,0
246,10,188,484,0,-69,0
246,11,637,285,0,-88,0
246,12,420,258,0,24,0
246,13,707,612,0,-162,0
246,14,245,245,0,-232,0
246,15,96,685,0,-140,0
246,16,289,699,0,-25,0
246,17,619,213,0,-66,0
246,18,271,574,0,42,0
246,19,597,31,0,-87,0
246,22,398,202,0,-174,1
246,23,139,123,0,71,1
246,26,154,544,0,62,1
246,27,531,128,0,-255,1
246,28,664,726,0,-188,1
246,31,473,197,0,-41,1
246,32,463,301,0,-10,1
246,36,551,111,0,-139,1
246,39,363,277,0,-145,1
246,43,417,404,0,-51,1
246,45,320,370,0,-145,1
246,46,135,132,0,-75,1
246,47,497,691,0,-266,1
246,52,644,166,0,-262,1
246,53,619,402,0,-87,1
246,54,554,678,0,-156,1
246,55,617,484,0,-161,1
246,56,545,728,0,-109,1
246,58,238,299,0,64,1
246,63,508,580,0,-231,1
246,64,130,173,0,-168,1
246,68,137,202,0,-153,1
246,69,32,573,0,-91,1
246,71,320,114,0,-84,1
246,72,272,297,0,-215,1
246,73,648,556,0,34,1
246,74,602,683,0,-225,0
246,75,244,680,0,-222,0
246,77,432,358,0,33,1
246,78,178,533,0,68,1
246,81,735,133,0,-250,1
246,84,28,621,0,-10,1
246,85,45,716,0,44,0
246,86,117,268,0,-100,1
246,87,477,292,0,-110,1
246,88,460,69,0,-80,1
247,0,702,272,0,-117,0
247,1,197,607,0,-187,0
247,2,513,306,0,2,0
247,3,506,246,0,-244,0
247,4,487,621,0,-109,0
247,5,431,110,0,-241,0
247,6,674,423,0,-37,0
247,7,420,626,0,34,0
247,8,70,113,0,-159,0
247,9,158,75,0,-59,0
247,10,191,483,0,-69,0
247,11,640,285,0,-94,0
247,12,419,256,0,24,0
247,13,708,615,0,-162,0
247,14,243,246,0,-232,0
247,15,97,687,0,-161,0
247,16,291,697,0,-25,0
247,17,621,211,0,-66,0
247,18,269,572,0,48,0
247,19,600,31,0,-87,0
247,22,398,205,0,-178,1
247,23,136,122,0,71,1
247,26,152,543,0,62,1
247,27,528,128,0,-255,1
247,28,663,729,0,-188,1
247,31,475,195,0,-41,1
247,32,464,298,0,-10,1
247,36,553,114,0,-139,1
247,39,365,280,0,-145,1
247,43,419,402,0,-51,1
247,45,322,373,0,-145,1
247,46,137,131,0,-75,1
247,47,494,691,0,-266,1
247,52,641,167,0,-239,1
247,53,622,402,0,-87,1
247,54,556,681,0,-156,1
247,55,618,487,0,-161,1
247,56,548,728,0,-90,1
247,58,235,297,0,59,1
247,63,505,582,0,-238,1
247,64,131,176,0,-168,1
247,68,138,205,0,-153,1
247,69,35,573,0,-91,1
247,71,323,114,0,-84,1
247,72,271,300,0,-215,1
247,73,646,554,0,34,1
247,74,600,685,0,-225,0
247,75,242,683,0,-222,0
247,77,431,355,0,33,1
247,78,175,532,0,68,1
247,81,732,134,0,-250,1
247,84,28,618,0,-16,1
247,85,45,716,0,44,0
247,86,120,268,0,-100,1
247,87,480,293,0,-110,1
247,88,463,69,0,-80,1
248,0,705,273,0,-117,0
248,1,196,610,0,-187,0
248,2,513,303,0,2,0
248,3,504,247,0,-244,0
248,4,490,622,0,-109,0
248,5,428,111,0,-241,0
248,6,675,420,0,-37,0
248,7,419,623,0,34,0
248,8,70,116,0,-173,0
248,9,161,73,0,-59,0
248,10,194,482,0,-72,0
248,11,643,285,0,-94,0
248,12,417,253,0,24,0
248,13,709,618,0,-149,0
248,14,241,248,0,-232,0
248,15,97,690,0,-161,0
248,16,292,694,0,-25,0
248,17,623,209,0,-37,0
248,18,267,570,0,48,0
248,19,603,31,0,-87,0
248,22,398,208,0,-178,1
248,23,133,121,0,71,1
248,26,149,542,0,62,1
248,27,525,129,0,-255,1
248,28,663,732,0,-188,1
248,31,477,193,0,-41,1
248,32,464,295,0,-10,1
248,36,555,116,0,-139,1
248,39,367,282,0,-145,1
248,43,421,401,0,-51,1
248,45,324,375,0,-145,1
248,46,140,130,0,-75,1
248,47,491,691,0,-266,1
248,52,638,169,0,-239,1
248,53,625,402,0,-87,1
248,54,557,684,0,-156,1
248,55,617,490,0,-186,1
248,56,551,728,0,-90,1
248,58,232,296,0,59,1
248,63,503,583,0,-238,1
248,64,132,179,0,-168,1
248,68,139,207,0,-153,1
248,69,38,573,0,-91,1
248,71,326,114,0,-84,1
248,72,270,303,0,-204,1
248,73,645,551,0,34,1
248,74,598,687,0,-225,0
248,75,240,685,0,-222,0
248,77,429,353,0,33,1
248,78,172,530,0,63,1
248,81,729,134,0,-266,1
248,84,29,615,0,-16,1
248,85,45,716,0,44,0
248,86,123,269,0,-100,1
248,87,482,294,0,-110,1
248,88,466,68,0,-80,1
248,89,555,116,0,-139,1
249,0,708,275,0,-117,0
249,1,196,613,0,-187,0
249,2,513,300,0,2,0
249,3,501,248,0,-262,0
249,4,492,623,0,-115,0
249,5,425,112,0,-255,0
249,6,677,418,0,-37,0
249,7,417,621,0,34,0
249,8,71,119,0,-173,0
249,9,164,72,0,-59,0
249,10,197,481,0,-72,0
249,11,646,285,0,-89,0
249,12,416,250,0,24,0
249,13,711,620,0,-149,0
249,14,238,250,0,-241,0
249,15,98,693,0,-161,0
249,16,293,691,0,-15,0
249,17,625,207,0,-37,0
249,18,265,568,0,45,0
249,19,606,30,0,-78,0
249,22,399,211,0,-170,1
249,23,130,120,0,71,1
249,26,146,540,0,62,1
249,27,522,130,0,-255,1
249,28,662,735,0,-188,1
249,31,479,191,0,-41,1
249,32,465,292,0,-10,1
249,36,557,118,0,-139,1
249,39,368,285,0,-145,1
249,43,424,399,0,-51,1
249,45,325,378,0,-154,1
249,46,143,129,0,-75,1
249,47,488,691,0,-266,1
249,52,636,171,0,-239,1
249,53,628,402,0,-87,1
249,54,558,687,0,-156,1
249,55,616,492,0,-199,1
249,56,554,728,0,-90,1
249,58,230,294,0,59,1
249,63,500,585,0,-238,1
249,64,132,182,0,-168,1
249,68,141,210,0,-153,1
249,69,41,573,0,-91,1
249,71,329,113,0,-84,1
249,72,268,305,0,-204,1
249,73,643,549,0,34,1
249,74,595,688,0,-248,0
249,75,238,687,0,-222,0
249,77,428,350,0,16,1
249,78,169,529,0,63,1
249,81,726,134,0,-266,1
249,84,30,612,0,-16,1
249,85,45,716,0,44,0
249,86,125,269,0,-100,1
249,87,485,296,0,-110,1
249,88,469,68,0,-80,1
249,89,557,118,0,-139,1
250,0,710,276,0,-117,0
250,1,195,616,0,-187,0
250,2,512,297,0,24,0
250,3,498,248,0,-262,0
250,4,495,624,0,-119,0
250,5,422,113,0,-255,0
250,6,679,415,0,-37,0
250,7,415,618,0,34,0
250,8,71,122,0,-173,0
250,9,166,70,0,-59,0
250,10,200,480,0,-72,0
250,11,649,285,0,-89,0
250,12,415,247,0,24,0
250,13,713,623,0,-149,0
250,14,235,251,0,-241,0
250,15,99,696,0,-161,0
250,16,292,688,0,11,0
250,17,627,204,0,-37,0
250,18,263,566,0,45,0
250,19,609,29,0,-78,0
250,22,399,214,0,-170,1
250,23,127,119,0,71,1
250,26,144,539,0,62,1
250,27,519,131,0,-255,1
250,28,662,738,0,-188,1
250,31,481,188,0,-41,1
250,32,465,289,0,-10,1
250,36,559,121,0,-139,1
250,39,370,287,0,-148,1
250,43,426,397,0,-51,1
250,45,326,381,0,-154,1
250,46,146,129,0,-89,1
250,47,485,691,0,-266,1
250,52,633,172,0,-239,1
250,53,631,401,0,-87,1
250,54,559,689,0,-156,1
250,55,616,495,0,-199,1
250,56,557,728,0,-90,1
250,58,227,292,0,59,1
250,63,498,587,0,-238,1
250,64,133,185,0,-168,1
250,68,142,213,0,-146,1
250,69,44,573,0,-91,1
250,71,332,113,0,-84,1
250,72,267,308,0,-204,1
250,73,641,546,0,34,1
250,74,592,689,0,-248,0
250,75,235,689,0,-235,0
250,77,427,347,0,22,1
250,78,167,528,0,63,1
250,81,723,134,0,-266,1
250,84,31,609,0,-16,1
250,85,45,716,0,44,0
250,86,128,271,0,-128,1
250,87,488,297,0,-110,1
250,88,472,67,0,-80,1
250,89,559,121,0,-139,1
251,0,713,278,0,-125,0
251,1,195,619,0,-187,0
251,2,511,294,0,24,0
251,3,495,250,0,-234,0
251,4,498,626,0,-119,0
251,5,420,114,0,-255,0
251,6,681,413,0,-37,0
251,7,415,615,0,5,0
251,8,71,125,0,-181,0
251,9,169,69,0,-59,0
251,10,202,478,0,-50,0
251,11,652,285,0,-89,0
251,12,414,245,0,24,0
251,13,714,625,0,-149,0
251,14,233,253,0,-235,0
251,15,100,699,0,-161,0
251,16,292,685,0,3,0
251,17,629,202,0,-37,0
251,18,261,564,0,45,0
251,19,612,30,0,-100,0
251,22,401,217,0,-145,1
251,23,124,118,0,71,1
251,26,141,537,0,62,1
251,27,517,131,0,-255,1
251,28,662,741,0,-188,1
251,31,483,186,0,-41,1
251,32,466,286,0,-10,1
251,36,561,123,0,-139,1
251,39,371,290,0,-162,1
251,43,428,395,0,-51,1
251,45,328,383,0,-154,1
251,46,149,129,0,-89,1
251,47,482,692,0,-266,1
251,52,630,172,0,-265,1
251,53,634,401,0,-87,1
251,54,560,692,0,-156,1
251,55,615,498,0,-199,1
251,56,560,728,0,-90,1
251,58,225,291,0,59,1
251,63,496,589,0,-222,1
251,64,133,188,0,-168,1
251,68,144,215,0,-146,1
251,69,47,573,0,-91,1
251,71,335,113,0,-84,1
251,72,266,311,0,-204,1
251,73,639,544,0,34,1
251,74,590,690,0,-248,0
251,75,233,690,0,-235,0
251,77,426,344,0,20,1
251,78,164,526,0,63,1
251,81,720,135,0,-266,1
251,84,32,607,0,-16,1
251,85,45,716,0,44,0
251,86,130,273,0,-128,1
251,87,491,298,0,-110,1
251,88,475,66,0,-80,1
251,89,561,123,0,-139,1
252,0,715,279,0,-125,0
252,1,195,622,0,-187,0
252,2,509,292,0,24,0
252,3,493,252,0,-234,0
252,4,501,626,0,-89,0
252,5,417,115,0,-255,0
252,6,683,411,0,-37,0
252,7,415,612,0,5,0
252,8,71,128,0,-181,0
252,9,172,69,0,-87,0
252,10,204,476,0,-50,0
252,11,655,285,0,-89,0
252,12,412,242,0,35,0
252,13,715,628,0,-153,0
252,14,230,254,0,-250,0
252,15,101,702,0,-161,0
252,16,292,682,0,7,0
252,17,630,199,0,-37,0
252,18,258,562,0,45,0
252,19,615,30,0,-100,0
252,22,403,219,0,-145,1
252,23,122,117,0,67,1
252,26,138,536,0,62,1
252,27,514,132,0,-255,1
252,28,661,744,0,-188,1
252,31,485,184,0,-41,1
252,32,465,283,0,13,1
252,36,563,125,0,-139,1
252,39,372,293,0,-162,1
252,43,430,393,0,-51,1
252,45,329,386,0,-146,1
252,46,152,129,0,-89,1
252,47,479,692,0,-266,1
252,52,627,173,0,-265,1
252,53,637,401,0,-87,1
252,54,562,695,0,-156,1
252,55,614,501,0,-199,1
252,56,563,728,0,-90,1
252,58,222,289,0,59,1
252,63,494,591,0,-222,1
252,64,135,191,0,-149,1
252,68,146,218,0,-146,1
252,69,50,574,0,-118,1
252,71,337,112,0,-84,1
252,72,265,314,0,-204,1
252,73,638,541,0,34,1
252,74,587,691,0,-248,0
252,75,231,692,0,-235,0
252,77,426,341,0,9,1
252,78,161,525,0,63,1
252,81,717,135,0,-266,1
252,84,33,604,0,-16,1
252,85,45,716,0,44,0
252,86,133,275,0,-128,1
252,87,494,299,0,-110,1
252,88,478,66,0,-80,1
252,89,563,125,0,-139,1
253,0,718,281,0,-125,0
253,1,194,625,0,-187,0
253,2,508,289,0,24,0
253,3,491,253,0,-234,0
253,4,504,626,0,-89,0
253,5,414,115,0,-257,0
253,6,684,408,0,-37,0
253,7,415,609,0,5,0
253,8,71,131,0,-181,0
253,9,175,68,0,-87,0
253,10,207,475,0,-62,0
253,11,658,285,0,-89,0
253,12,410,240,0,35,0
253,13,717,631,0,-153,0
253,14,227,255,0,-250,0
253,15,102,704,0,-161,0
253,16,291,679,0,7,0
253,17,632,197,0,-37,0
253,18,256,560,0,45,0
253,19,618,31,0,-100,0
253,22,404,221,0,-145,1
253,23,119,116,0,67,1
253,26,136,535,0,62,1
253,27,511,134,0,-233,1
253,28,661,747,0,-188,1
253,31,487,182,0,-41,1
253,32,463,281,0,41,1
253,36,565,128,0,-146,1
253,39,373,296,0,-162,1
253,43,433,391,0,-51,1
253,45,331,388,0,-146,1
253,46,155,129,0,-89,1
253,47,476,692,0,-266,1
253,52,624,173,0,-265,1
253,53,640,401,0,-87,1
253,54,563,698,0,-156,1
253,55,614,504,0,-182,1
253,56,566,729,0,-109,1
253,58,220,288,0,59,1
253,63,492,593,0,-222,1
253,64,136,193,0,-149,1
253,68,147,220,0,-146,1
253,69,53,576,0,-118,1
253,71,340,112,0,-84,1
253,72,263,316,0,-204,1
253,73,635,540,0,54,1
253,74,584,693,0,-248,0
253,75,228,694,0,-235,0
253,77,425,338,0,9,1
253,78,159,524,0,63,1
253,81,714,135,0,-266,1
253,84,33,601,0,-16,1
253,85,45,716,0,44,0
253,86,135,277,0,-128,1
253,87,496,300,0,-110,1
253,88,481,65,0,-80,1
253,89,565,127,0,-138,1
254,0,721,282,0,-101,0
254,1,194,628,0,-187,0
254,2,507,286,0,24,0
254,3,488,255,0,-234,0
254,4,507,626,0,-89,0
254,5,411,115,0,-269,0
254,6,686,406,0,-32,0
254,7,414,606,0,5,0
254,8,71,134,0,-181,0
254,9,178,68,0,-87,0
254,10,210,473,0,-62,0
254,11,661,285,0,-89,0
254,12,409,237,0,28,0
254,13,718,633,0,-153,0
254,14,225,256,0,-250,0
254,15,103,707,0,-161,0
254,16,291,676,0,7,0
254,17,634,195,0,-37,0
254,18,254,558,0,45,0
254,19,621,31,0,-100,0
254,22,406,224,0,-150,1
254,23,116,115,0,67,1
254,26,133,533,0,62,1
254,27,509,136,0,-233,1
254,28,660,750,0,-188,1
254,31,488,179,0,-32,1
254,32,461,279,0,41,1
254,36,567,130,0,-146,1
254,39,374,299,0,-160,1
254,43,435,389,0,-51,1
254,45,333,391,0,-146,1
254,46,158,129,0,-89,1
254,47,473,692,0,-266,1
254,52,621,173,0,-265,1
254,53,643,401,0,-87,1
254,54,564,700,0,-156,1
254,55,613,507,0,-182,1
254,56,568,730,0,-109,1
254,58,217,286,0,59,1
254,63,490,595,0,-222,1
254,64,138,196,0,-149,1
254,68,148,223,0,-167,1
254,69,55,577,0,-118,1
254,71,343,112,0,-84,1
254,72,262,319,0,-204,1
254,73,633,538,0,54,1
254,74,581,694,0,-243,0
254,75,226,696,0,-235,0
254,77,424,336,0,29,1
254,78,156,522,0,63,1
254,81,711,134,0,80,1
254,84,34,598,0,-16,1
254,85,45,716,0,44,0
254,86,137,278,0,-128,1
254,87,499,301,0,-116,1
254,88,484,65,0,-80,1
254,89,567,130,0,-138,1
255,0,724,282,0,-101,0
255,1,194,631,0,-187,0
255,2,506,283,0,24,0
255,3,486,257,0,-234,0
255,4,510,625,0,-89,0
255,5,408,115,0,-269,0
255,6,688,403,0,-32,0
255,7,413,603,0,25,0
255,8,71,137,0,-181,0
255,9,181,68,0,-87,0
255,10,212,472,0,-62,0
255,11,664,285,0,-89,0
255,12,408,234,0,28,0
255,13,720,636,0,-153,0
255,14,222,257,0,-250,0
255,15,104,710,0,-161,0
255,16,291,673,0,7,0
255,17,636,192,0,-37,0
255,18,252,555,0,45,0
255,19,624,32,0,-100,0
255,22,407,227,0,-150,1
255,23,113,114,0,67,1
255,26,130,532,0,62,1
255,27,507,138,0,-233,1
255,28,660,753,0,-188,1
255,31,490,177,0,-32,1
255,32,459,276,0,41,1
255,36,568,133,0,-146,1
255,39,375,301,0,-160,1
255,43,438,389,0,-78,1
255,45,334,393,0,-146,1
255,46,161,129,0,-89,1
255,47,470,692,0,-266,1
255,52,618,173,0,-265,1
255,53,646,401,0,-87,1
255,54,565,703,0,-156,1
255,55,613,510,0,-182,1
255,56,571,729,0,-82,1
255,58,215,285,0,59,1
255,63,488,598,0,-222,1
255,64,140,198,0,-149,1
255,68,149,226,0,-167,1
255,69,58,578,0,-118,1
255,71,346,111,0,-84,1
255,72,261,322,0,-204,1
255,73,630,536,0,54,1
255,74,579,695,0,-241,0
255,75,223,697,0,-235,0
255,77,421,334,0,51,1
255,78,153,521,0,63,1
255,81,709,134,0,80,1
255,84,35,595,0,-16,1
255,85,45,716,0,44,0
255,86,140,280,0,-128,1
255,87,502,302,0,-116,1
255,88,487,64,0,-80,1
255,89,569,132,0,-138,1
256,0,727,283,0,-101,0
256,1,193,634,0,-187,0
256,2,504,281,0,24,0
256,3,483,259,0,-234,0
256,4,513,625,0,-89,0
256,5,405,116,0,-269,0
256,6,689,400,0,-32,0
256,7,411,601,0,49,0
256,8,71,140,0,-181,0
256,9,183,67,0,-64,0
256,10,215,471,0,-62,0
256,11,667,285,0,-89,0
256,12,406,232,0,28,0
256,13,721,638,0,-140,0
256,14,219,258,0,-250,0
256,15,106,713,0,-156,0
256,16,290,670,0,7,0
256,17,638,190,0,-37,0
256,18,250,553,0,45,0
256,19,627,33,0,-100,0
256,23,111,112,0,67,1
256,26,128,531,0,72,1
256,27,504,139,0,-233,1
256,28,660,3,0,-188,1
256,31,491,174,0,-32,1
256,32,457,274,0,41,1
256,36,570,135,0,-146,1
256,39,376,304,0,-160,1
256,43,441,388,0,-78,1
256,45,336,396,0,-148,1
256,46,164,129,0,-89,1
256,47,467,693,0,-266,1
256,52,615,174,0,-265,1
256,53,649,401,0,-87,1
256,54,567,706,0,-156,1
256,55,613,513,0,-182,1
256,56,574,729,0,-95,1
256,58,212,283,0,59,1
256,63,486,600,0,-222,1
256,64,140,201,0,-173,1
256,68,149,229,0,-167,1
256,69,61,580,0,-118,1
256,71,349,111,0,-82,1
256,72,260,325,0,-204,1
256,73,628,534,0,54,1
256,74,576,697,0,-241,0
256,75,220,698,0,-255,0
256,77,419,331,0,36,1
256,78,152,518,0,35,1
256,81,706,133,0,80,1
256,84,36,592,0,-16,1
256,85,45,716,0,44,0
256,86,142,282,0,-128,1
256,87,505,304,0,-116,1
256,88,490,64,0,-80,1
256,89,571,134,0,-138,1
257,0,730,283,0,-89,0
257,1,193,637,0,-187,0
257,2,503,278,0,24,0
257,3,481,260,0,-234,0
257,4,516,625,0,-89,0
257,5,402,116,0,-269,0
257,6,691,398,0,-32,0
257,7,409,599,0,49,0
257,8,71,143,0,-181,0
257,9,186,66,0,-63,0
257,10,218,469,0,-62,0
257,11,670,285,0,-89,0
257,12,405,229,0,28,0
257,13,723,641,0,-140,0
257,14,216,258,0,82,0
257,15,107,716,0,-156,0
257,16,290,667,0,7,0
257,17,639,187,0,-37,0
257,18,248,551,0,45,0
257,19,629,34,0,-124,0
257,23,108,111,0,67,1
257,26,125,530,0,72,1
257,27,502,141,0,-233,1
257,28,659,6,0,-188,1
257,31,491,171,0,-4,1
257,32,455,272,0,42,1
257,36,572,138,0,-146,1
257,39,377,307,0,-160,1
257,43,444,387,0,-78,1
257,45,338,398,0,-128,1
257,46,167,129,0,-89,1
257,47,464,693,0,-266,1
257,52,612,174,0,-265,1
257,53,652,400,0,-87,1
257,54,568,709,0,-156,1
257,55,613,516,0,-182,1
257,56,577,730,0,-95,1
257,58,209,282,0,59,1
257,63,484,602,0,-222,1
257,64,140,204,0,-173,1
257,68,150,232,0,-167,1
257,69,63,581,0,-118,1
257,71,352,110,0,-81,1
257,72,259,327,0,-204,1
257,73,626,533,0,54,1
257,74,573,698,0,-241,0
257,75,217,698,0,86,0
257,77,417,330,0,58,1
257,78,150,516,0,35,1
257,81,703,133,0,80,1
257,84,37,589,0,-16,1
257,85,45,716,0,44,0
257,86,144,284,0,-128,1
257,87,507,305,0,-116,1
257,88,493,64,0,-88,1
257,89,573,136,0,-140,1
258,0,732,282,0,-76,0
258,1,192,640,0,-187,0
258,2,502,275,0,24,0
258,3,478,262,0,-234,0
258,4,519,625,0,-89,0
258,5,399,116,0,-269,0
258,6,693,396,0,-40,0
258,7,406,598,0,49,0
258,8,71,146,0,-181,0
258,9,189,64,0,-63,0
258,10,220,468,0,-62,0
258,11,673,285,0,-89,0
258,12,403,226,0,28,0
258,13,726,642,0,-130,0
258,14,213,259,0,-250,0
258,15,108,718,0,-156,0
258,16,289,664,0,7,0
258,17,641,185,0,-37,0
258,18,246,549,0,45,0
258,19,632,36,0,-124,0
258,23,105,110,0,67,1
258,26,122,529,0,72,1
258,27,499,143,0,-233,1
258,28,658,9,0,-197,1
258,31,492,168,0,-4,1
258,32,453,270,0,42,1
258,36,573,140,0,-146,1
258,39,378,310,0,-160,1
258,43,446,386,0,-54,1
258,45,341,400,0,-128,1
258,46,170,129,0,-89,1
258,47,461,693,0,-266,1
258,52,609,174,0,-262,1
258,53,655,400,0,-87,1
258,54,569,711,0,-156,1
258,55,613,519,0,-182,1
258,56,580,731,0,-114,1
258,58,207,280,0,59,1
258,63,482,604,0,-222,1
258,64,141,207,0,-173,1
258,68,151,235,0,-167,1
258,69,66,583,0,-125,1
258,71,355,110,0,-81,1
258,72,257,330,0,-202,1
258,73,623,531,0,54,1
258,74,571,700,0,-241,0
258,75,214,698,0,86,0
258,77,414,328,0,58,1
258,78,148,514,0,35,1
258,81,700,132,0,80,1
258,84,38,586,0,-16,1
258,85,45,716,0,44,0
258,86,147,286,0,-128,1
258,87,510,306,0,-116,1
258,88,496,64,0,-88,1
258,89,575,139,0,-140,1
259,0,735,281,0,-76,0
259,1,192,643,0,-187,0
259,2,500,273,0,47,0
259,3,476,263,0,-248,0
259,4,522,625,0,-89,0
259,5,396,116,0,-269,0
259,6,695,393,0,-40,0
259,7,404,596,0,49,0
259,8,70,149,0,-181,0
259,9,191,63,0,-63,0
259,10,223,466,0,-62,0
259,11,676,285,0,-89,0
259,12,402,224,0,28,0
259,13,728,644,0,-130,0
259,14,210,260,0,-250,0
259,15,109,721,0,-156,0
259,16,290,661,0,-1,0
259,17,643,183,0,-37,0
259,18,243,548,0,59,0
259,19,634,38,0,-124,0
259,23,102,109,0,67,1
259,26,119,528,0,72,1
259,27,497,145,0,-233,1
259,28,657,12,0,-197,1
259,31,492,165,0,-4,1
259,32,451,267,0,42,1
259,36,575,143,0,-146,1
259,39,379,313,0,-160,1
259,43,449,384,0,-54,1
259,45,343,401,0,-128,1
259,46,173,129,0,-89,1
259,47,458,693,0,-266,1
259,52,606,175,0,-262,1
259,53,658,400,0,-87,1
259,54,570,714,0,-156,1
259,55,612,522,0,-201,1
259,56,583,732,0,-114,1
259,58,204,278,0,59,1
259,63,480,607,0,-222,1
259,64,141,210,0,-173,1
259,68,150,238,0,-193,1
259,69,67,585,0,-146,1
259,71,358,111,0,-103,1
259,72,256,333,0,-202,1
259,73,621,529,0,54,1
259,74,568,701,0,-241,0
259,75,211,697,0,86,0
259,77,412,327,0,58,1
259,78,146,511,0,35,1
259,81,697,132,0,80,1
259,84,38,584,0,-16,1
259,85,45,716,0,44,0
259,86,149,288,0,-128,1
259,87,513,307,0,-114,1
259,88,499,63,0,-88,1
259,89,577,141,0,-140,1
260,0,738,281,0,-76,0
260,1,192,646,0,-187,0
260,2,498,271,0,47,0
260,3,473,264,0,-248,0
260,4,524,624,0,-67,0
260,5,393,116,0,-269,0
260,6,696,391,0,-40,0
260,7,402,594,0,49,0
260,8,70,152,0,-181,0
260,9,194,61,0,-62,0
260,10,225,465,0,-62,0
260,11,679,285,0,-86,0
260,12,401,221,0,28,0
260,13,730,646,0,-130,0
260,14,207,261,0,-250,0
260,15,110,724,0,-156,0
260,16,288,659,0,22,0
260,17,644,180,0,-20,0
260,18,240,546,0,59,0
260,19,637,39,0,-124,0
260,23,100,108,0,67,1
260,26,116,527,0,72,1
260,27,495,147,0,-233,1
260,28,656,15,0,-197,1
260,31,492,162,0,-4,1
260,32,449,265,0,42,1
260,36,577,145,0,-146,1
260,39,380,316,0,-160,1
260,43,451,382,0,-52,1
260,45,345,403,0,-128,1
260,46,176,129,0,-89,1
260,47,455,694,0,-266,1
260,52,603,175,0,-262,1
260,53,661,400,0,-87,1
260,54,572,717,0,-156,1
260,55,611,524,0,-201,1
260,56,586,733,0,-114,1
260,58,202,277,0,61,1
260,63,478,609,0,-222,1
260,64,141,213,0,-173,1
260,68,149,241,0,-193,1
260,69,69,588,0,-146,1
260,71,361,111,0,-103,1
260,72,255,335,0,-210,1
260,73,618,527,0,54,1
260,74,565,702,0,-246,0
260,75,208,697,0,86,0
260,77,409,326,0,74,1
260,78,145,509,0,35,1
260,81,694,131,0,80,1
260,84,39,581,0,-16,1
260,85,45,716,0,44,0
260,86,151,290,0,-128,1
260,87,515,309,0,-114,1
260,88,502,63,0,-88,1
260,89,579,143,0,-140,1
261,0,741,280,0,-76,0
261,1,191,649,0,-187,0
261,2,495,269,0,47,0
261,3,470,265,0,-261,0
261,4,527,623,0,-67,0
261,5,390,115,0,68,0
261,6,698,389,0,-40,0
261,7,400,592,0,49,0
261,8,70,155,0,-181,0
261,9,197,60,0,-62,0
261,10,228,464,0,-62,0
261,11,682,285,0,-86,0
261,12,399,218,0,28,0
261,13,732,649,0,-139,0
261,14,205,262,0,-250,0
261,15,112,727,0,-156,0
261,16,287,656,0,22,0
261,17,645,177,0,-20,0
261,18,238,545,0,59,0
261,19,639,42,0,-145,0
261,23,97,107,0,67,1
261,26,114,525,0,42,1
261,27,492,148,0,-233,1
261,28,656,17,0,-197,1
261,31,492,159,0,-4,1
261,32,447,263,0,42,1
261,36,578,147,0,-145,1
261,39,381,318,0,-160,1
261,43,454,380,0,-52,1
261,45,348,405,0,-128,1
261,46,179,128,0,-89,1
261,47,452,694,0,-266,1
261,52,600,176,0,-262,1
261,53,664,401,0,-98,1
261,54,573,719,0,-156,1
261,55,610,527,0,-201,1
261,56,589,734,0,-103,1
261,58,199,276,0,61,1
261,63,476,611,0,-222,1
261,64,142,216,0,-173,1
261,68,149,244,0,-193,1
261,69,71,590,0,-146,1
261,71,364,110,0,-74,1
261,72,253,338,0,-210,1
261,73,616,526,0,54,1
261,74,562,702,0,-268,0
261,75,205,697,0,86,0
261,77,406,325,0,74,1
261,78,143,506,0,35,1
261,81,691,131,0,80,1
261,84,40,578,0,-16,1
261,85,45,716,0,44,0
261,86,153,292,0,-148,1
261,87,518,310,0,-114,1
261,88,505,63,0,-88,1
261,89,581,145,0,-140,1
261,90,505,63,0,-88,1
262,0,744,278,0,-60,0
262,1,191,652,0,-187,0
262,2,493,267,0,47,0
262,3,467,265,0,-261,0
262,4,529,621,0,-46,0
262,5,387,114,0,68,0
262,6,700,386,0,-40,0
262,7,397,590,0,49,0
262,8,70,158,0,-191,0
262,9,199,59,0,-62,0
262,10,231,462,0,-62,0
262,11,685,284,0,-86,0
262,12,398,216,0,28,0
262,13,734,651,0,-139,0
262,14,202,263,0,-236,0
262,15,113,729,0,-156,0
262,16,286,653,0,22,0
262,17,646,174,0,-20,0
262,18,235,543,0,59,0
262,19,640,44,0,-145,0
262,23,94,106,0,67,1
262,26,112,523,0,42,1
262,27,490,151,0,-222,1
262,28,655,20,0,-194,1
262,31,492,156,0,-4,1
262,32,446,260,0,23,1
262,36,580,150,0,-145,1
262,39,381,321,0,-174,1
262,43,456,378,0,-52,1
262,45,350,407,0,-128,1
262,46,182,128,0,-89,1
262,47,449,694,0,-266,1
262,52,597,176,0,-262,1
262,53,667,401,0,-98,1
262,54,574,722,0,-156,1
262,55,609,530,0,-201,1
262,56,591,735,0,-103,1
262,58,196,274,0,61,1
262,63,473,613,0,-239,1
262,64,142,219,0,-173,1
262,68,148,246,0,-193,1
262,69,72,593,0,-146,1
262,71,367,109,0,-74,1
262,72,252,341,0,-210,1
262,73,613,524,0,54,1
262,74,559,703,0,-268,0
262,75,202,697,0,86,0
262,77,403,324,0,74,1
262,78,141,504,0,35,1
262,81,688,130,0,80,1
262,84,41,575,0,-18,1
262,85,45,716,0,44,0
262,86,155,295,0,-148,1
262,87,521,311,0,-114,1
262,88,508,63,0,-88,1
262,89,583,148,0,-140,1
262,90,508,63,0,-88,1
263,0,746,277,0,-60,0
263,1,191,655,0,-187,0
263,2,491,265,0,38,0
263,3,464,266,0,-261,0
263,4,532,620,0,-66,0
263,5,384,112,0,68,0
263,6,702,384,0,-40,0
263,7,395,588,0,49,0
263,8,69,161,0,-191,0
263,9,202,57,0,-62,0
263,10,233,461,0,-62,0
263,11,688,284,0,-86,0
263,12,396,213,0,28,0
263,13,736,653,0,-139,0
263,14,200,265,0,-236,0
263,15,114,732,0,-156,0
263,16,284,651,0,50,0
263,17,646,171,0,-3,0
263,18,233,541,0,59,0
263,19,642,47,0,-145,0
263,23,91,104,0,60,1
263,26,110,520,0,42,1
263,27,488,153,0,-222,1
263,28,654,23,0,-194,1
263,31,493,153,0,-4,1
263,32,445,257,0,18,1
263,36,582,152,0,-145,1
263,39,381,324,0,-174,1
263,43,458,376,0,-52,1
263,45,353,408,0,-105,1
263,46,185,128,0,-89,1
263,47,446,694,0,-266,1
263,52,594,177,0,-262,1
263,53,670,401,0,-98,1
263,54,575,725,0,-156,1
263,55,608,533,0,-201,1
263,56,594,736,0,-103,1
263,58,194,273,0,61,1
263,63,471,614,0,-239,1
263,64,143,222,0,-173,1
263,68,147,249,0,-193,1
263,69,74,596,0,-155,1
263,71,370,109,0,-74,1
263,72,250,343,0,-210,1
263,73,611,522,0,49,1
263,74,557,704,0,-248,0
263,75,199,697,0,-259,0
263,77,400,324,0,78,1
263,78,139,502,0,46,1
263,81,685,130,0,80,1
263,84,42,572,0,-18,1
263,85,45,716,0,44,0
263,86,157,296,0,-122,1
263,87,524,312,0,-114,1
263,88,511,63,0,-88,1
263,89,585,150,0,-140,1
263,90,511,63,0,-88,1
264,0,749,275,0,-60,0
264,1,190,658,0,-187,0
264,2,489,262,0,38,0
264,3,461,266,0,-261,0
264,4,535,618,0,-66,0
264,5,382,111,0,68,0
264,6,704,382,0,-40,0
264,7,393,586,0,49,0
264,8,69,164,0,-191,0
264,9,205,56,0,-62,0
264,10,236,459,0,-62,0
264,11,691,284,0,-86,0
264,12,394,211,0,54,0
264,13,737,656,0,-158,0
264,14,197,267,0,-236,0
264,15,115,735,0,-156,0
264,16,282,649,0,50,0
264,17,646,168,0,-3,0
264,18,231,539,0,38,0
264,19,644,49,0,-145,0
264,23,89,103,0,60,1
264,26,108,518,0,42,1
264,27,486,155,0,-222,1
264,28,653,26,0,-194,1
264,31,493,150,0,-4,1
264,32,444,255,0,18,1
264,36,583,155,0,-145,1
264,39,382,327,0,-174,1
264,43,461,375,0,-52,1
264,45,356,408,0,-84,1
264,46,188,128,0,-89,1
264,47,443,694,0,-266,1
264,52,592,177,0,-262,1
264,53,673,402,0,-98,1
264,54,577,728,0,-156,1
264,55,607,536,0,-201,1
264,56,597,736,0,-103,1
264,58,191,272,0,84,1
264,63,468,616,0,-239,1
264,64,143,225,0,-173,1
264,68,147,252,0,-193,1
264,69,75,598,0,-155,1
264,71,373,108,0,-74,1
264,72,249,346,0,-210,1
264,73,609,520,0,49,1
264,74,554,705,0,-248,0
264,75,196,698,0,-259,0
264,77,397,323,0,78,1
264,78,137,500,0,46,1
264,81,682,129,0,80,1
264,84,43,569,0,-18,1
264,85,45,716,0,44,0
264,86,160,298,0,-122,1
264,87,526,314,0,-114,1
264,88,514,63,0,-88,1
264,89,585,153,0,-168,1
264,90,514,63,0,-88,1
265,0,752,274,0,-60,0
265,1,190,661,0,-187,0
265,2,488,260,0,37,0
265,3,458,267,0,-261,0
265,4,537,617,0,-66,0
265,5,379,110,0,68,0
265,6,706,379,0,-40,0
265,7,390,584,0,49,0
265,8,69,167,0,-167,0
265,9,207,54,0,-62,0
265,10,239,458,0,-62,0
265,11,694,284,0,-86,0
265,12,392,210,0,54,0
265,13,738,659,0,-175,0
265,14,195,268,0,-236,0
265,15,117,737,0,-156,0
265,16,279,647,0,50,0
265,17,646,165,0,-1,0
265,18,229,537,0,38,0
265,19,646,52,0,-145,0
265,23,86,101,0,60,1
265,26,106,516,0,42,1
265,27,484,157,0,-222,1
265,28,653,29,0,-194,1
265,31,492,147,0,25,1
265,32,443,252,0,35,1
265,36,585,157,0,-145,1
265,39,382,330,0,-174,1
265,43,463,373,0,-52,1
265,45,359,408,0,-100,1
265,46,191,128,0,-89,1
265,47,440,695,0,-266,1
265,52,589,178,0,-262,1
265,53,676,402,0,-94,1
265,54,577,731,0,-169,1
265,55,605,538,0,-201,1
265,56,600,737,0,-103,1
265,58,188,272,0,84,1
265,63,465,617,0,-239,1
265,64,143,228,0,-173,1
265,68,146,255,0,-193,1
265,69,76,601,0,-155,1
265,72,247,348,0,-210,1
265,73,607,517,0,36,1
265,74,551,706,0,-248,0
265,75,193,699,0,-259,0
265,77,394,322,0,78,1
265,78,135,497,0,46,1
265,81,679,129,0,80,1
265,84,44,566,0,-18,1
265,85,45,716,0,44,0
265,86,162,299,0,-122,1
265,87,529,315,0,-113,1
265,88,517,63,0,-98,1
265,89,586,156,0,-168,1
265,90,517,63,0,-88,1
266,0,3,272,0,-60,0
266,1,188,663,0,-215,0
266,2,486,258,0,37,0
266,3,455,267,0,-261,0
266,4,540,616,0,-66,0
266,5,376,109,0,68,0
266,6,708,377,0,-40,0
266,7,388,582,0,49,0
266,8,70,170,0,-167,0
266,9,210,53,0,-62,0
266,10,241,456,0,-62,0
266,11,697,284,0,-99,0
266,12,389,208,0,54,0
266,13,738,662,0,-175,0
266,14,192,270,0,-236,0
266,15,118,740,0,-156,0
266,16,278,645,0,31,0
266,17,646,162,0,-1,0
266,18,227,534,0,38,0
266,19,647,54,0,-145,0
266,23,84,100,0,60,1
266,26,104,514,0,42,1
266,27,482,160,0,-222,1
266,28,652,32,0,-194,1
266,31,490,145,0,25,1
266,32,441,250,0,35,1
266,36,587,160,0,-150,1
266,39,382,333,0,-174,1
266,43,466,372,0,-82,1
266,45,362,410,0,-123,1
266,46,194,128,0,-89,1
266,47,437,695,0,-266,1
266,52,586,178,0,-262,1
266,53,679,402,0,-94,1
266,54,578,734,0,-169,1
266,55,604,541,0,-201,1
266,56,603,738,0,-103,1
266,63,463,619,0,-239,1
266,64,144,231,0,-173,1
266,68,145,258,0,-193,1
266,69,78,603,0,-132,1
266,72,246,351,0,-210,1
266,73,605,515,0,36,1
266,74,548,707,0,-248,0
266,75,191,700,0,-234,0
266,77,391,322,0,78,1
266,78,132,496,0,69,1
266,81,676,128,0,80,1
266,84,45,564,0,-18,1
266,85,45,716,0,44,0
266,86,165,301,0,-122,1
266,87,532,316,0,-113,1
266,88,520,64,0,-98,1
266,89,587,159,0,-168,1
266,90,520,63,0,-88,1
267,0,5,271,0,-60,0
267,1,186,666,0,-215,0
267,2,484,255,0,37,0
267,3,452,268,0,-261,0
267,4,543,614,0,-56,0
267,5,373,108,0,68,0
267,6,710,375,0,-40,0
267,7,386,580,0,49,0
267,8,71,173,0,-167,0
267,9,213,52,0,-81,0
267,10,244,455,0,-62,0
267,11,700,286,0,-118,0
267,12,387,206,0,54,0
267,13,738,665,0,-175,0
267,14,192,270,0,-236,0
267,15,119,743,0,-156,0
267,16,277,642,0,14,0
267,17,647,159,0,-1,0
267,18,226,532,0,22,0
267,19,649,56,0,-145,0
267,23,81,98,0,60,1
267,26,102,512,0,57,1
267,27,480,162,0,-222,1
267,28,651,35,0,-194,1
267,31,489,142,0,25,1
267,32,439,247,0,35,1
267,36,588,163,0,-150,1
267,39,382,336,0,-182,1
267,43,469,372,0,-82,1
267,45,364,411,0,-123,1
267,46,197,128,0,-89,1
267,47,434,695,0,-266,1
267,52,583,179,0,-244,1
267,53,682,402,0,-94,1
267,54,578,736,0,-169,1
267,55,603,544,0,-201,1
267,56,606,738,0,-103,1
267,63,460,620,0,-239,1
267,64,144,234,0,-173,1
267,68,145,261,0,-193,1
267,69,80,606,0,-146,1
267,72,244,354,0,-210,1
267,73,604,513,0,36,1
267,74,546,708,0,-248,0
267,75,189,702,0,-234,0
267,77,389,321,0,78,1
267,78,129,495,0,69,1
267,81,673,128,0,80,1
267,84,46,561,0,-18,1
267,85,45,716,0,44,0
267,86,167,303,0,-122,1
267,87,535,317,0,-113,1
267,88,523,64,0,-91,1
267,89,587,162,0,-168,1
267,90,523,62,0,-88,1
268,0,8,269,0,-60,0
268,1,185,668,0,-215,0
268,2,482,253,0,37,0
268,3,449,268,0,-261,0
268,4,545,613,0,-56,0
268,5,371,107,0,68,0
268,6,712,373,0,-40,0
268,7,384,578,0,49,0
268,8,71,176,0,-167,0
268,9,216,52,0,-81,0
268,10,247,454,0,-62,0
268,11,703,287,0,-118,0
268,12,384,204,0,54,0
268,13,738,668,0,-175,0
268,14,192,270,0,-236,0
268,15,120,746,0,-156,0
268,16,276,639,0,14,0
268,17,647,156,0,-1,0
268,18,225,529,0,22,0
268,19,651,59,0,-145,0
268,23,79,96,0,50,1
268,26,99,510,0,57,1
268,27,478,164,0,-222,1
268,28,651,38,0,-194,1
268,31,488,139,0,25,1
268,32,437,245,0,35,1
268,36,590,165,0,-150,1
268,39,382,339,0,-182,1
268,43,472,372,0,-93,1
268,45,367,413,0,-123,1
268,46,200,128,0,-89,1
268,47,431,696,0,-243,1
268,52,580,179,0,-269,1
268,53,685,403,0,-94,1
268,54,579,739,0,-169,1
268,55,602,547,0,-201,1
268,56,609,739,0,-103,1
268,63,458,622,0,-239,1
268,64,144,237,0,-173,1
268,68,144,264,0,-193,1
268,69,82,608,0,-146,1
268,72,243,356,0,-210,1
268,73,602,510,0,36,1
268,74,543,710,0,-224,0
268,75,186,703,0,-257,0
268,77,386,320,0,78,1
268,78,126,494,0,69,1
268,81,670,127,0,80,1
268,84,47,558,0,-18,1
268,85,45,716,0,44,0
268,86,170,304,0,-122,1
268,87,537,318,0,-113,1
268,88,526,64,0,-91,1
268,89,588,165,0,-168,1
268,90,526,62,0,-88,1
269,0,10,268,0,-60,0
269,1,183,671,0,-215,0
269,2,481,250,0,29,0
269,3,446,269,0,-261,0
269,4,548,611,0,-56,0
269,5,369,105,0,40,0
269,6,714,370,0,-40,0
269,7,381,577,0,76,0
269,8,72,179,0,-167,0
269,9,219,51,0,-81,0
269,10,249,452,0,-62,0
269,11,706,287,0,-90,0
269,12,381,203,0,72,0
269,13,739,671,0,-175,0
269,14,192,270,0,-236,0
269,15,121,748,0,-156,0
269,16,276,636,0,14,0
269,17,647,153,0,-1,0
269,18,224,526,0,22,0
269,19,653,61,0,-132,0
269,23,76,94,0,50,1
269,26,97,509,0,57,1
269,27,476,166,0,-222,1
269,28,650,41,0,-194,1
269,31,486,136,0,28,1
269,32,436,242,0,35,1
269,36,591,168,0,-150,1
269,39,382,342,0,-182,1
269,43,475,372,0,-93,1
269,45,369,415,0,-123,1
269,46,203,129,0,-118,1
269,47,429,698,0,-240,1
269,52,577,179,0,-269,1
269,53,688,403,0,-94,1
269,54,579,742,0,-169,1
269,55,601,550,0,-201,1
269,56,612,740,0,-103,1
269,63,455,623,0,-240,1
269,64,145,240,0,-173,1
269,68,143,267,0,-193,1
269,69,84,611,0,-146,1
269,72,242,359,0,-198,1
269,73,601,507,0,28,1
269,74,541,713,0,-224,0
269,75,183,703,0,-257,0
269,77,383,320,0,78,1
269,78,124,493,0,69,1
269,81,667,127,0,80,1
269,84,48,555,0,-18,1
269,85,45,716,0,44,0
269,86,172,306,0,-122,1
269,87,540,320,0,-113,1
269,88,529,63,0,-76,1
269,89,589,168,0,-168,1
269,90,529,62,0,-88,1
270,0,13,266,0,-60,0
270,1,182,674,0,-209,0
270,2,479,247,0,29,0
270,3,443,269,0,-261,0
270,4,550,610,0,-65,0
270,5,366,103,0,59,0
270,6,716,368,0,-40,0
270,7,378,577,0,-268,0
270,8,72,182,0,-172,0
270,9,222,51,0,-81,0
270,10,252,451,0,-59,0
270,11,709,287,0,-90,0
270,12,379,202,0,72,0
270,13,738,674,0,-183,0
270,14,192,270,0,-236,0
270,15,121,751,0,-183,0
270,16,275,633,0,14,0
270,17,647,150,0,-1,0
270,18,223,523,0,22,0
270,19,655,63,0,-132,0
270,23,75,92,0,37,1
270,26,94,507,0,57,1
270,27,474,168,0,-222,1
270,28,649,44,0,-194,1
270,31,485,134,0,28,1
270,32,434,240,0,35,1
270,36,593,170,0,-150,1
270,39,382,345,0,-182,1
270,43,478,372,0,-87,1
270,45,372,416,0,-123,1
270,46,206,131,0,-118,1
270,47,426,699,0,-240,1
270,52,574,179,0,-269,1
270,53,691,403,0,-94,1
270,54,580,745,0,-169,1
270,55,600,552,0,-201,1
270,56,615,740,0,-103,1
270,63,453,625,0,-240,1
270,64,145,243,0,-173,1
270,68,143,270,0,-193,1
270,69,85,613,0,-146,1
270,72,241,362,0,-198,1
270,73,599,505,0,28,1
270,74,539,715,0,-224,0
270,75,180,704,0,-257,0
270,77,380,319,0,78,1
270,78,121,492,0,69,1
270,81,664,126,0,80,1
270,84,48,552,0,-18,1
270,85,45,716,0,44,0
270,86,175,307,0,-122,1
270,87,543,320,0,-101,1
270,88,532,62,0,-76,1
270,89,589,171,0,-168,1
270,90,532,62,0,-88,1
270,91,426,699,0,-240,1
271,0,16,265,0,-60,0
271,1,180,676,0,-209,0
271,2,478,245,0,29,0
271,3,440,269,0,-261,0
271,4,553,608,0,-65,0
271,5,363,102,0,59,0
271,6,718,367,0,-63,0
271,7,375,577,0,-268,0
271,8,73,185,0,-172,0
271,9,225,52,0,-106,0
271,10,254,449,0,-59,0
271,11,712,287,0,-90,0
271,12,376,200,0,46,0
271,13,738,677,0,-183,0
271,14,192,270,0,-236,0
271,15,121,3,0,-183,0
271,16,274,630,0,14,0
271,17,647,147,0,-1,0
271,18,222,520,0,22,0
271,19,657,65,0,-132,0
271,23,73,89,0,37,1
271,26,92,506,0,57,1
271,27,472,171,0,-222,1
271,28,649,47,0,-180,1
271,31,484,131,0,28,1
271,32,432,237,0,35,1
271,36,594,173,0,-141,1
271,39,382,348,0,-182,1
271,43,481,372,0,-87,1
271,45,374,418,0,-123,1
271,46,208,132,0,-118,1
271,47,423,701,0,-240,1
271,52,571,180,0,-269,1
271,53,694,403,0,-94,1
271,54,581,748,0,-169,1
271,55,599,555,0,-201,1
271,56,617,742,0,-118,1
271,63,450,626,0,-240,1
271,64,146,246,0,-173,1
271,68,141,273,0,-206,1
271,69,87,615,0,-146,1
271,72,239,365,0,-206,1
271,73,598,502,0,28,1
271,74,538,717,0,-213,0
271,75,177,705,0,-257,0
271,77,377,319,0,78,1
271,78,118,491,0,69,1
271,81,661,125,0,80,1
271,84,50,550,0,-29,1
271,85,45,716,0,44,0
271,86,178,309,0,-122,1
271,87,546,321,0,-101,1
271,88,535,62,0,-76,1
271,89,590,173,0,-168,1
271,90,535,62,0,-88,1
271,91,423,701,0,-240,1
272,0,18,263,0,-60,0
272,1,179,679,0,-209,0
272,2,477,242,0,29,0
272,3,437,270,0,-261,0
272,4,556,607,0,-65,0
272,5,361,100,0,59,0
272,6,721,365,0,-63,0
272,7,372,577,0,90,0
272,8,72,188,0,-191,0
272,9,227,53,0,-106,0
272,10,257,448,0,-59,0
272,11,715,287,0,-92,0
272,12,374,198,0,46,0
272,13,738,680,0,-183,0
272,14,192,270,0,-236,0
272,15,120,6,0,-199,0
272,16,274,627,0,0,0
272,17,645,145,0,29,0
272,18,221,518,0,22,0
272,19,660,67,0,-132,0
272,23,71,87,0,37,1
272,26,89,504,0,57,1
272,27,470,173,0,-222,1
272,28,649,50,0,-180,1
272,31,482,129,0,28,1
272,32,431,235,0,35,1
272,36,596,175,0,-141,1
272,39,382,351,0,-173,1
272,43,484,372,0,-87,1
272,45,377,420,0,-123,1
272,46,211,134,0,-118,1
272,47,421,702,0,-240,1
272,52,568,180,0,-269,1
272,53,697,405,0,-117,1
272,54,581,751,0,-169,1
272,55,597,557,0,-228,1
272,56,620,743,0,-118,1
272,63,447,628,0,-240,1
272,64,146,249,0,-173,1
272,68,140,275,0,-206,1
272,69,89,618,0,-146,1
272,72,237,367,0,-224,1
272,73,596,500,0,28,1
272,74,536,720,0,-213,0
272,75,174,705,0,-257,0
272,77,374,317,0,58,1
272,78,115,490,0,69,1
272,81,658,125,0,80,1
272,84,52,547,0,-36,1
272,85,45,716,0,44,0
272,86,180,310,0,-122,1
272,87,549,321,0,-101,1
272,88,537,60,0,-60,1
272,89,590,176,0,-168,1
272,90,538,61,0,-67,1
272,91,421,702,0,-240,1
273,0,21,262,0,-60,0
273,1,177,681,0,-209,0
273,2,475,240,0,29,0
273,3,434,270,0,-261,0
273,4,559,606,0,-65,0
273,5,358,100,0,86,0
273,6,724,364,0,-63,0
273,7,369,576,0,67,0
273,8,72,191,0,-191,0
273,9,230,53,0,-106,0
273,10,260,446,0,-59,0
273,11,718,287,0,-92,0
273,12,372,196,0,46,0
273,13,739,683,0,-155,0
273,14,192,270,0,-236,0
273,15,119,9,0,-199,0
273,16,274,624,0,8,0
273,17,644,142,0,29,0
273,18,219,515,0,22,0
273,19,662,69,0,-132,0
273,23,69,85,0,37,1
273,26,87,502,0,57,1
273,27,468,175,0,-212,1
273,28,649,53,0,-180,1
273,31,480,127,0,54,1
273,32,430,232,0,12,1
273,36,598,177,0,-141,1
273,39,382,354,0,-173,1
273,43,487,371,0,-87,1
273,45,380,420,0,-100,1
273,46,213,135,0,-118,1
273,47,418,703,0,-260,1
273,52,565,180,0,-268,1
273,53,699,406,0,-117,1
273,54,582,3,0,-169,1
273,55,595,559,0,-228,1
273,56,623,745,0,-118,1
273,63,445,629,0,-240,1
273,64,146,252,0,-173,1
273,68,139,278,0,-206,1
273,69,90,620,0,-146,1
273,72,235,369,0,-224,1
273,73,595,497,0,28,1
273,74,534,722,0,-213,0
273,75,171,706,0,-257,0
273,77,372,315,0,58,1
273,78,113,488,0,59,1
273,81,655,124,0,80,1
273,84,53,545,0,-36,1
273,85,45,716,0,44,0
273,86,183,312,0,-122,1
273,87,552,322,0,-101,1
273,88,540,59,0,-60,1
273,89,591,179,0,-168,1
273,90,540,60,0,-67,1
273,91,418,704,0,-240,1
274,0,23,260,0,-60,0
274,1,175,684,0,-223,0
274,2,474,237,0,29,0
274,3,431,271,0,-261,0
274,4,561,605,0,-66,0
274,5,355,100,0,86,0
274,6,726,362,0,-63,0
274,7,366,575,0,67,0
274,8,71,194,0,-191,0
274,9,233,54,0,-106,0
274,10,262,444,0,-59,0
274,11,721,287,0,-92,0
274,12,370,194,0,46,0
274,13,741,685,0,-155,0
274,14,192,270,0,-236,0
274,15,118,11,0,-199,0
274,16,273,621,0,8,0
274,17,642,139,0,29,0
274,18,218,512,0,22,0
274,19,664,71,0,-132,0
274,23,67,82,0,37,1
274,26,84,500,0,45,1
274,27,467,178,0,-212,1
274,28,649,56,0,-180,1
274,31,477,125,0,54,1
274,32,429,229,0,12,1
274,36,600,180,0,-141,1
274,39,383,357,0,-173,1
274,43,490,371,0,-87,1
274,45,382,421,0,-100,1
274,46,216,137,0,-127,1
274,47,415,703,0,-260,1
274,52,562,178,0,66,1
274,53,702,407,0,-117,1
274,54,582,6,0,-169,1
274,55,592,561,0,-228,1
274,56,625,746,0,-118,1
274,63,443,632,0,-219,1
274,64,147,255,0,-173,1
274,68,137,281,0,-206,1
274,69,92,623,0,-146,1
274,72,233,371,0,-224,1
274,73,595,494,0,5,1
274,74,533,725,0,-213,0
274,75,168,705,0,78,0
274,77,369,314,0,58,1
274,78,110,487,0,59,1
274,81,652,124,0,80,1
274,84,55,542,0,-36,1
274,85,45,716,0,44,0
274,86,185,314,0,-122,1
274,87,554,323,0,-120,1
274,88,542,57,0,-60,1
274,89,592,182,0,-168,1
274,90,543,59,0,-71,1
274,91,416,705,0,-240,1
275,0,26,259,0,-60,0
275,1,173,686,0,-223,0
275,2,472,234,0,29,0
275,3,428,271,0,-261,0
275,4,564,603,0,-66,0
275,5,352,99,0,86,0
275,6,729,361,0,-63,0
275,7,363,574,0,67,0
275,8,70,197,0,-191,0
275,9,236,55,0,-106,0
275,10,264,442,0,-30,0
275,11,724,287,0,-92,0
275,12,368,192,0,46,0
275,13,742,688,0,-155,0
275,14,192,270,0,-236,0
275,15,117,14,0,-199,0
275,16,273,618,0,8,0
275,17,640,137,0,42,0
275,18,217,509,0,22,0
275,19,666,73,0,-132,0
275,23,65,80,0,37,1
275,26,82,498,0,45,1
275,27,465,180,0,-212,1
275,28,649,59,0,-180,1
275,31,476,123,0,39,1
275,32,428,227,0,34,1
275,36,602,182,0,-141,1
275,39,384,360,0,-148,1
275,43,493,371,0,-86,1
275,45,385,420,0,-78,1
275,46,218,139,0,-127,1
275,47,412,704,0,-260,1
275,52,559,177,0,66,1
275,53,705,409,0,-117,1
275,54,582,9,0,-180,1
275,55,590,563,0,-228,1
275,56,628,747,0,-118,1
275,63,441,634,0,-219,1
275,64,147,258,0,-173,1
275,68,136,283,0,-206,1
275,69,94,625,0,-130,1
275,72,231,373,0,-224,1
275,73,594,491,0,5,1
275,74,531,727,0,-213,0
275,75,165,705,0,78,0
275,77,367,312,0,58,1
275,78,108,485,0,59,1
275,81,649,123,0,80,1
275,84,57,540,0,-36,1
275,85,45,716,0,44,0
275,86,188,315,0,-122,1
275,87,557,325,0,-120,1
275,88,545,55,0,-60,1
275,89,592,185,0,-172,1
275,90,545,56,0,-43,1
275,91,413,707,0,-240,1
276,0,28,257,0,-60,0
276,1,171,688,0,-226,0
276,2,471,232,0,29,0
276,3,425,272,0,-261,0
276,4,567,602,0,-66,0
276,5,349,99,0,86,0
276,6,732,360,0,-63,0
276,7,361,573,0,67,0
276,8,70,199,0,-191,0
276,9,239,56,0,-106,0
276,10,264,439,0,-11,0
276,11,727,288,0,-92,0
276,12,366,190,0,46,0
276,13,743,691,0,-159,0
276,14,192,270,0,-236,0
276,15,117,17,0,-180,0
276,16,274,615,0,-13,0
276,17,638,135,0,42,0
276,18,216,506,0,22,0
276,19,669,75,0,-132,0
276,23,64,78,0,37,1
276,26,80,496,0,45,1
276,27,464,183,0,-212,1
276,28,649,62,0,-180,1
276,31,474,120,0,39,1
276,32,426,224,0,34,1
276,36,604,184,0,-141,1
276,39,386,362,0,-148,1
276,43,496,371,0,-86,1
276,45,388,419,0,-75,1
276,46,221,140,0,-127,1
276,47,409,704,0,-260,1
276,52,557,176,0,66,1
276,53,707,410,0,-117,1
276,54,581,12,0,-205,1
276,55,588,565,0,-228,1
276,56,631,749,0,-118,1
276,63,439,636,0,-219,1
276,64,147,261,0,-173,1
276,68,135,286,0,-206,1
276,69,97,627,0,-130,1
276,72,229,375,0,-224,1
276,73,594,488,0,5,1
276,74,529,730,0,-213,0
276,75,162,704,0,78,0
276,77,364,311,0,58,1
276,78,105,484,0,59,1
276,81,647,122,0,73,1
276,84,59,537,0,-36,1
276,85,45,716,0,44,0
276,86,190,317,0,-122,1
276,87,560,326,0,-120,1
276,88,547,54,0,-60,1
276,89,592,188,0,-172,1
276,90,547,54,0,-43,1
276,91,410,708,0,-257,1
277,0,31,256,0,-60,0
277,1,169,690,0,-226,0
277,2,469,229,0,29,0
277,3,422,272,0,-261,0
277,4,570,601,0,-66,0
277,5,346,99,0,86,0
277,6,734,358,0,-63,0
277,7,358,571,0,67,0
277,8,69,202,0,-191,0
277,9,242,57,0,-106,0
277,10,265,436,0,-11,0
277,11,730,288,0,-92,0
277,12,363,188,0,46,0
277,13,744,694,0,-159,0
277,14,192,270,0,-236,0
277,15,117,20,0,-177,0
277,16,275,612,0,-26,0
277,17,636,133,0,42,0
277,18,215,504,0,22,0
277,19,671,77,0,-132,0
277,23,62,75,0,37,1
277,26,78,494,0,45,1
277,27,462,185,0,-217,1
277,28,649,65,0,-180,1
277,31,472,118,0,39,1
277,32,424,222,0,34,1
277,36,606,187,0,-141,1
277,39,388,365,0,-148,1
277,43,499,370,0,-70,1
277,45,391,418,0,-58,1
277,46,223,142,0,-127,1
277,47,406,705,0,-260,1
277,52,554,175,0,75,1
277,53,710,411,0,-117,1
277,54,580,14,0,-205,1
277,55,586,567,0,-228,1
277,56,633,750,0,-118,1
277,63,437,639,0,-219,1
277,64,148,264,0,-173,1
277,68,133,289,0,-206,1
277,69,99,629,0,-130,1
277,72,227,377,0,-224,1
277,73,594,485,0,5,1
277,74,528,732,0,-208,0
277,75,159,704,0,78,0
277,77,362,309,0,58,1
277,78,102,482,0,59,1
277,84,60,535,0,-36,1
277,85,45,716,0,44,0
277,86,193,318,0,-122,1
277,87,562,328,0,-120,1
277,88,550,52,0,-60,1
277,89,593,191,0,-172,1
277,90,549,52,0,-43,1
277,91,407,708,0,-257,1
278,0,34,254,0,-60,0
278,1,167,692,0,-226,0
278,2,468,226,0,29,0
278,3,420,273,0,-248,0
278,4,572,600,0,-66,0
278,5,343,99,0,86,0
278,6,737,357,0,-63,0
278,7,355,570,0,67,0
278,8,69,205,0,-191,0
278,9,245,57,0,-106,0
278,10,265,433,0,-11,0
278,11,733,288,0,-92,0
278,12,361,186,0,46,0
278,13,745,696,0,-159,0
278,14,192,270,0,-236,0
278,15,116,23,0,-197,0
278,16,276,610,0,-26,0
278,17,634,130,0,42,0
278,18,214,501,0,22,0
278,19,673,78,0,-119,0
278,23,60,73,0,37,1
278,26,76,492,0,45,1
278,27,460,188,0,-217,1
278,28,649,68,0,-180,1
278,31,470,116,0,39,1
278,32,423,219,0,34,1
278,36,608,189,0,-141,1
278,39,389,367,0,-148,1
278,43,501,368,0,-40,1
278,45,393,416,0,-58,1
278,46,225,144,0,-127,1
278,47,403,705,0,-260,1
278,52,551,174,0,75,1
278,53,713,413,0,-117,1
278,54,579,17,0,-186,1
278,55,583,569,0,-228,1
278,56,636,1,0,-118,1
278,63,435,641,0,-219,1
278,64,148,267,0,-173,1
278,68,132,291,0,-206,1
278,69,100,631,0,-154,1
278,72,224,378,0,-252,1
278,73,594,482,0,5,1
278,74,527,735,0,-193,0
278,75,156,703,0,78,0
278,77,359,309,0,80,1
278,78,100,481,0,59,1
278,84,63,534,0,-65,1
278,85,45,716,0,44,0
278,86,195,320,0,-122,1
278,87,565,329,0,-120,1
278,88,553,51,0,-60,1
278,89,593,194,0,-172,1
278,90,551,50,0,-43,1
278,91,404,709,0,-257,1
279,0,36,253,0,-60,0
279,1,165,694,0,-226,0
279,2,466,224,0,29,0
279,3,417,274,0,-248,0
279,4,575,599,0,-66,0
279,5,340,99,0,86,0
279,6,740,356,0,-63,0
279,7,353,568,0,52,0
279,8,68,208,0,-191,0
279,9,248,58,0,-106,0
279,10,266,430,0,-18,0
279,11,736,288,0,-92,0
279,12,360,183,0,22,0
279,13,746,699,0,-159,0
279,14,192,270,0,-236,0
279,15,115,26,0,-201,0
279,16,278,607,0,-26,0
279,17,632,128,0,42,0
279,18,214,498,0,-5,0
279,19,676,80,0,-119,0
279,23,58,70,0,37,1
279,26,74,490,0,45,1
279,27,458,190,0,-217,1
279,28,649,71,0,-180,1
279,31,468,113,0,39,1
279,32,421,217,0,34,1
279,36,609,191,0,-141,1
279,39,391,370,0,-148,1
279,43,503,365,0,-40,1
279,45,396,415,0,-67,1
279,46,228,146,0,-127,1
279,47,400,706,0,-260,1
279,52,548,174,0,75,1
279,53,715,414,0,-117,1
279,54,579,20,0,-186,1
279,55,581,571,0,-228,1
279,56,639,2,0,-109,1
279,63,433,643,0,-219,1
279,64,148,270,0,-173,1
279,68,131,294,0,-206,1
279,69,101,634,0,-173,1
279,72,221,379,0,-252,1
279,73,593,479,0,7,1
279,74,527,738,0,-193,0
279,75,153,702,0,78,0
279,77,356,308,0,80,1
279,78,97,479,0,59,1
279,84,66,532,0,-65,1
279,85,45,716,0,44,0
279,86,198,322,0,-122,1
279,87,567,331,0,-120,1
279,88,556,50,0,-78,1
279,89,594,197,0,-172,1
279,90,553,48,0,-43,1
279,91,401,710,0,-257,1
280,0,39,251,0,-60,0
280,1,162,696,0,-226,0
280,2,465,221,0,25,0
280,3,414,276,0,-248,0
280,4,578,597,0,-66,0
280,5,337,98,0,86,0
280,6,742,354,0,-63,0
280,7,350,567,0,52,0
280,8,68,211,0,-191,0
280,9,251,59,0,-106,0
280,10,267,427,0,-4,0
280,11,739,288,0,-88,0
280,12,360,180,0,4,0
280,13,747,702,0,-159,0
280,14,192,270,0,-236,0
280,15,114,29,0,-201,0
280,16,279,604,0,-26,0
280,17,630,126,0,42,0
280,18,214,495,0,-5,0
280,19,679,81,0,-119,0
280,23,56,68,0,40,1
280,26,72,487,0,45,1
280,27,456,193,0,-218,1
280,28,649,74,0,-180,1
280,31,466,111,0,39,1
280,32,419,214,0,34,1
280,36,611,194,0,-141,1
280,39,392,373,0,-148,1
280,43,505,363,0,-40,1
280,45,399,414,0,-67,1
280,46,230,148,0,-127,1
280,47,397,707,0,-260,1
280,52,545,174,0,-269,1
280,53,718,415,0,-117,1
280,54,579,23,0,-186,1
280,55,579,573,0,-228,1
280,56,642,3,0,-109,1
280,63,432,646,0,-219,1
280,64,149,273,0,-161,1
280,68,130,297,0,-206,1
280,69,102,637,0,-150,1
280,72,218,380,0,-252,1
280,73,593,476,0,7,1
280,74,527,741,0,-173,0
280,75,150,702,0,78,0
280,77,353,308,0,80,1
280,78,95,478,0,59,1
280,84,69,531,0,-65,1
280,85,45,716,0,44,0
280,86,200,324,0,-132,1
280,87,570,332,0,-120,1
280,88,559,50,0,-78,1
280,89,593,200,0,-199,1
280,90,556,46,0,-67,1
280,91,398,710,0,-257,1
281,0,41,250,0,-60,0
281,1,160,698,0,-226,0
281,2,464,218,0,25,0
281,3,411,277,0,-248,0
281,4,581,597,0,-89,0
281,5,334,98,0,86,0
281,6,745,353,0,-63,0
281,7,348,565,0,52,0
281,8,67,214,0,-191,0
281,9,253,60,0,-106,0
281,10,267,424,0,-4,0
281,11,742,288,0,-88,0
281,12,360,177,0,4,0
281,13,748,705,0,-159,0
281,14,192,270,0,-236,0
281,15,113,32,0,-201,0
281,16,280,602,0,-26,0
281,17,628,124,0,42,0
281,18,215,492,0,-5,0
281,19,681,83,0,-119,0
281,23,54,66,0,40,1
281,26,69,486,0,50,1
281,27,455,195,0,-218,1
281,28,649,77,0,-180,1
281,31,464,109,0,39,1
281,32,417,212,0,37,1
281,36,613,196,0,-141,1
281,39,394,375,0,-148,1
281,43,507,362,0,-62,1
281,45,402,412,0,-67,1
281,46,233,149,0,-127,1
281,47,394,708,0,-243,1
281,52,542,174,0,-269,1
281,53,721,417,0,-117,1
281,54,579,26,0,-186,1
281,55,577,576,0,-212,1
281,56,645,4,0,-109,1
281,63,429,648,0,-231,1
281,64,150,275,0,-161,1
281,68,128,300,0,-206,1
281,69,104,640,0,-150,1
281,72,216,381,0,-252,1
281,73,592,473,0,7,1
281,74,527,744,0,-173,0
281,75,148,701,0,78,0
281,77,350,308,0,-256,1
281,78,92,476,0,59,1
281,84,71,530,0,-65,1
281,85,45,716,0,44,0
281,86,202,326,0,-132,1
281,87,573,334,0,-120,1
281,88,561,49,0,-78,1
281,89,592,203,0,-199,1
281,90,559,45,0,-67,1
281,91,395,711,0,-257,1
282,0,44,248,0,-60,0
282,1,158,700,0,-226,0
282,2,463,216,0,25,0
282,3,408,278,0,-248,0
282,4,584,597,0,-89,0
282,5,331,98,0,86,0
282,6,748,352,0,-63,0
282,7,346,563,0,52,0
282,8,67,217,0,-179,0
282,9,256,61,0,-106,0
282,10,267,421,0,-4,0
282,11,745,288,0,-88,0
282,12,360,174,0,4,0
282,13,750,708,0,-159,0
282,14,192,270,0,-236,0
282,15,112,34,0,-201,0
282,16,281,599,0,-6,0
282,17,626,121,0,42,0
282,18,215,489,0,-5,0
282,19,684,84,0,-119,0
282,23,52,64,0,40,1
282,26,68,483,0,40,1
282,27,453,197,0,-218,1
282,28,649,80,0,-178,1
282,31,463,106,0,29,1
282,32,416,209,0,37,1
282,36,615,199,0,-145,1
282,39,395,378,0,-148,1
282,43,510,360,0,-62,1
282,45,404,411,0,-67,1
282,46,235,151,0,-127,1
282,47,392,709,0,-243,1
282,52,539,174,0,-269,1
282,53,723,418,0,-117,1
282,54,578,29,0,-186,1
282,55,575,578,0,-233,1
282,56,647,5,0,-109,1
282,63,427,649,0,-231,1
282,64,151,278,0,-172,1
282,68,127,302,0,-206,1
282,69,105,642,0,-150,1
282,72,213,382,0,-252,1
282,73,592,470,0,7,1
282,74,527,747,0,-177,0
282,75,145,701,0,78,0
282,77,347,309,0,-256,1
282,78,89,474,0,59,1
282,84,74,529,0,-65,1
282,85,45,716,0,44,0
282,86,205,327,0,-132,1
282,87,575,335,0,-120,1
282,88,564,48,0,-78,1
282,89,591,206,0,-199,1
282,90,562,44,0,-67,1
282,91,393,712,0,-257,1
283,0,47,247,0,-60,0
283,1,156,702,0,-226,0
283,2,461,213,0,33,0
283,3,406,279,0,-248,0
283,4,587,596,0,-72,0
283,5,328,98,0,86,0
283,6,751,351,0,-70,0
283,7,343,561,0,52,0
283,8,68,220,0,-153,0
283,9,259,60,0,-76,0
283,10,267,418,0,-4,0
283,11,748,288,0,-88,0
283,12,360,171,0,-8,0
283,13,751,710,0,-159,0
283,14,192,270,0,-236,0
283,15,111,37,0,-201,0
283,16,281,596,0,-6,0
283,17,624,119,0,42,0
283,18,215,486,0,-5,0
283,19,687,86,0,-119,0
283,23,50,61,0,40,1
283,26,66,481,0,40,1
283,27,451,200,0,-218,1
283,28,651,82,0,-152,1
283,31,461,103,0,29,1
283,32,414,207,0,37,1
283,36,615,201,0,-170,1
283,39,397,380,0,-148,1
283,43,512,359,0,-62,1
283,45,407,410,0,-67,1
283,46,238,153,0,-127,1
283,47,389,711,0,-243,1
283,52,536,174,0,-265,1
283,53,726,419,0,-117,1
283,54,578,32,0,-186,1
283,55,573,580,0,-233,1
283,56,650,6,0,-109,1
283,63,425,651,0,-231,1
283,64,151,281,0,-172,1
283,68,126,305,0,-194,1
283,69,106,645,0,-170,1
283,72,210,383,0,-252,1
283,73,592,467,0,-4,1
283,74,528,750,0,-177,0
283,75,142,700,0,78,0
283,77,344,310,0,-256,1
283,78,87,473,0,59,1
283,84,77,527,0,-57,1
283,85,45,716,0,44,0
283,86,207,329,0,-132,1
283,87,578,337,0,-120,1
283,88,567,48,0,-78,1
283,89,590,208,0,-199,1
283,90,564,43,0,-67,1
283,91,390,712,0,-257,1
284,0,49,245,0,-60,0
284,1,154,705,0,-226,0
284,2,459,211,0,33,0
284,3,403,280,0,-248,0
284,4,589,595,0,-72,0
284,5,325,98,0,-264,0
284,6,3,350,0,-70,0
284,7,341,559,0,52,0
284,8,70,222,0,-153,0
284,9,262,59,0,-67,0
284,10,267,415,0,9,0
284,11,751,287,0,-88,0
284,12,360,168,0,-8,0
284,13,1,713,0,-159,0
284,14,192,270,0,-236,0
284,15,110,40,0,-201,0
284,16,281,593,0,-6,0
284,17,622,117,0,50,0
284,18,215,483,0,-5,0
284,19,689,87,0,-119,0
284,23,48,59,0,40,1
284,26,64,479,0,40,1
284,27,449,202,0,-218,1
284,28,652,85,0,-152,1
284,31,460,101,0,29,1
284,32,412,205,0,37,1
284,36,616,204,0,-170,1
284,39,399,383,0,-148,1
284,43,515,357,0,-62,1
284,45,409,408,0,-39,1
284,46,240,155,0,-127,1
284,47,386,712,0,-243,1
284,52,533,175,0,-256,1
284,53,729,421,0,-117,1
284,54,578,35,0,-186,1
284,55,570,581,0,-233,1
284,56,653,7,0,-109,1
284,63,422,652,0,-251,1
284,64,152,284,0,-172,1
284,68,125,308,0,-194,1
284,69,106,648,0,-170,1
284,72,207,384,0,-252,1
284,73,592,464,0,-4,1
284,74,528,3,0,-177,0
284,75,139,700,0,-265,0
284,77,341,310,0,90,1
284,78,84,473,0,89,1
284,84,79,525,0,-57,1
284,85,45,716,0,44,0
284,86,208,332,0,-154,1
284,87,581,338,0,-120,1
284,88,570,47,0,-78,1
284,89,588,211,0,-219,1
284,90,567,42,0,-67,1
284,91,387,713,0,-257,1
285,0,52,244,0,-60,0
285,1,152,707,0,-226,0
285,2,458,208,0,33,0
285,3,400,281,0,-248,0
285,4,592,594,0,-72,0
285,5,322,98,0,-264,0
285,6,6,349,0,-70,0
285,7,339,557,0,52,0
285,8,71,225,0,-153,0
285,9,265,57,0,-59,0
285,10,266,412,0,9,0
285,11,3,287,0,-73,0
285,12,361,165,0,-8,0
285,13,2,716,0,-159,0
285,14,192,270,0,-236,0
285,15,109,43,0,-201,0
285,16,282,590,0,-6,0
285,17,620,115,0,50,0
285,18,215,480,0,9,0
285,19,692,88,0,-119,0
285,23,47,57,0,40,1
285,26,62,476,0,40,1
285,27,447,205,0,-218,1
285,28,654,87,0,-145,1
285,31,459,98,0,26,1
285,32,410,202,0,32,1
285,36,617,207,0,-170,1
285,39,400,385,0,-148,1
285,43,517,355,0,-43,1
285,45,411,405,0,-39,1
285,46,242,157,0,-127,1
285,47,384,713,0,-243,1
285,52,530,176,0,-256,1
285,53,732,422,0,-117,1
285,54,577,38,0,-186,1
285,55,568,583,0,-233,1
285,56,656,8,0,-109,1
285,63,419,653,0,-251,1
285,64,152,287,0,-172,1
285,68,125,311,0,-194,1
285,69,107,651,0,-170,1
285,72,204,384,0,-269,1
285,73,593,461,0,-4,1
285,74,528,6,0,-177,0
285,75,136,701,0,-265,0
285,77,338,311,0,-244,1
285,78,81,473,0,89,1
285,84,82,524,0,-57,1
285,85,45,716,0,44,0
285,86,210,335,0,-154,1
285,87,583,340,0,-120,1
285,88,573,47,0,-78,1
285,89,586,213,0,-219,1
285,90,570,41,0,-67,1
285,91,384,714,0,-257,1
286,0,54,242,0,-60,0
286,1,149,709,0,-226,0
286,2,455,206,0,56,0
286,3,397,282,0,-248,0
286,4,595,595,0,-94,0
286,5,319,99,0,-264,0
286,6,8,348,0,-70,0
286,7,337,555,0,26,0
286,8,72,228,0,-153,0
286,9,267,56,0,-59,0
286,10,266,409,0,9,0
286,11,6,286,0,-73,0
286,12,361,162,0,-8,0
286,13,3,719,0,-159,0
286,14,192,270,0,-236,0
286,15,108,46,0,-201,0
286,16,282,587,0,-15,0
286,17,617,113,0,50,0
286,18,215,477,0,9,0
286,19,695,90,0,-119,0
286,23,45,54,0,40,1
286,26,60,474,0,40,1
286,28,655,90,0,-145,1
286,31,457,95,0,26,1
286,32,409,200,0,32,1
286,36,617,210,0,-170,1
286,39,400,388,0,-174,1
286,43,518,352,0,-15,1
286,45,413,403,0,-39,1
286,46,245,158,0,-127,1
286,47,381,715,0,-243,1
286,52,527,176,0,-256,1
286,53,734,423,0,-117,1
286,54,577,41,0,-186,1
286,55,565,585,0,-233,1
286,56,659,9,0,-109,1
286,63,416,655,0,-240,1
286,64,152,290,0,-172,1
286,68,124,314,0,-194,1
286,69,107,654,0,-170,1
286,72,201,385,0,-249,1
286,73,593,458,0,-10,1
286,74,528,9,0,-177,0
286,75,133,701,0,-265,0
286,77,336,312,0,-244,1
286,78,78,474,0,-245,1
286,84,84,522,0,-57,1
286,85,45,716,0,44,0
286,86,211,338,0,-154,1
286,87,586,341,0,-109,1
286,88,576,48,0,-108,1
286,89,584,215,0,-219,1
286,90,573,39,0,-67,1
286,91,381,715,0,-257,1
287,0,57,241,0,-70,0
287,1,147,710,0,-240,0
287,2,453,205,0,56,0
287,3,395,283,0,-248,0
287,4,598,595,0,-94,0
287,5,316,99,0,-264,0
287,6,11,347,0,-70,0
287,7,336,552,0,26,0
287,8,74,230,0,-153,0
287,9,270,54,0,-59,0
287,10,265,407,0,23,0
287,11,9,285,0,-73,0
287,12,362,159,0,-8,0
287,13,4,721,0,-157,0
287,14,192,270,0,-236,0
287,15,107,48,0,-201,0
287,16,283,584,0,-15,0
287,17,615,111,0,50,0
287,18,214,474,0,9,0
287,19,697,91,0,-119,0
287,23,43,52,0,40,1
287,26,58,472,0,40,1
287,28,657,92,0,-145,1
287,31,456,93,0,26,1
287,32,407,197,0,32,1
287,36,618,213,0,-170,1
287,39,401,391,0,-174,1
287,43,517,349,0,14,1
287,45,415,402,0,-65,1
287,46,247,160,0,-127,1
287,47,378,716,0,-253,1
287,52,524,177,0,-256,1
287,53,737,425,0,-117,1
287,54,578,44,0,-162,1
287,55,563,587,0,-233,1
287,56,662,10,0,-104,1
287,63,414,656,0,-240,1
287,64,153,293,0,-172,1
287,68,124,317,0,-186,1
287,69,108,657,0,-170,1
287,72,198,386,0,-249,1
287,73,594,455,0,-10,1
287,74,528,12,0,-177,0
287,75,130,701,0,-265,0
287,77,333,314,0,-236,1
287,78,75,475,0,-245,1
287,84,87,520,0,-57,1
287,85,45,716,0,44,0
287,86,212,340,0,-154,1
287,87,589,342,0,-109,1
287,88,579,48,0,-108,1
287,89,582,218,0,-219,1
287,90,575,38,0,-67,1
287,91,378,715,0,-257,1
288,0,60,240,0,-70,0
288,1,144,712,0,-240,0
288,2,450,203,0,56,0
288,3,392,285,0,-245,0
288,4,601,595,0,-94,0
288,5,313,99,0,-264,0
288,6,14,346,0,-70,0
288,7,335,549,0,26,0
288,8,75,233,0,-153,0
288,9,272,53,0,-59,0
288,10,263,404,0,23,0
288,11,11,284,0,-73,0
288,12,362,156,0,-8,0
288,13,7,723,0,-127,0
288,14,192,270,0,-236,0
288,15,106,51,0,-201,0
288,16,284,581,0,-15,0
288,17,613,110,0,50,0
288,18,214,471,0,9,0
288,19,700,93,0,-119,0
288,23,40,51,0,69,1
288,26,56,469,0,40,1
288,28,659,95,0,-145,1
288,31,453,91,0,54,1
288,32,406,194,0,32,1
288,36,617,216,0,-187,1
288,39,401,394,0,-174,1
288,43,516,346,0,14,1
288,45,418,400,0,-65,1
288,46,250,162,0,-127,1
288,47,375,717,0,-253,1
288,52,521,178,0,-256,1
288,53,740,426,0,-117,1
288,54,579,47,0,-162,1
288,55,561,589,0,-233,1
288,56,665,9,0,-83,1
288,63,411,658,0,-240,1
288,64,153,296,0,-172,1
288,68,124,320,0,-172,1
288,69,108,660,0,-170,1
288,72,196,387,0,-249,1
288,73,594,452,0,-10,1
288,74,529,15,0,-177,0
288,75,127,702,0,-260,0
288,77,331,316,0,-236,1
288,78,73,477,0,-245,1
288,84,89,519,0,-57,1
288,85,45,716,0,44,0
288,86,214,343,0,-154,1
288,87,592,343,0,-109,1
288,88,582,49,0,-108,1
288,89,580,220,0,-230,1
288,90,578,37,0,-67,1
288,91,375,716,0,-257,1
289,0,63,239,0,-70,0
289,1,142,713,0,-243,0
289,2,448,201,0,56,0
289,3,389,286,0,-245,0
289,4,604,595,0,-94,0
289,5,310,100,0,-264,0
289,6,17,345,0,-70,0
289,7,333,547,0,24,0
289,8,77,236,0,-151,0
289,9,275,51,0,-59,0
289,10,261,402,0,51,0
289,11,14,283,0,-73,0
289,12,363,153,0,-24,0
289,13,9,725,0,-127,0
289,14,192,270,0,-236,0
289,15,105,54,0,-201,0
289,16,285,578,0,-15,0
289,17,610,108,0,50,0
289,18,213,468,0,9,0
289,19,702,94,0,-119,0
289,23,37,50,0,69,1
289,26,54,468,0,57,1
289,28,661,97,0,-145,1
289,31,451,89,0,54,1
289,32,404,192,0,37,1
289,36,617,219,0,-187,1
289,39,401,397,0,-188,1
289,43,516,343,0,14,1
289,45,421,399,0,-65,1
289,46,252,163,0,-115,1
289,47,373,717,0,-253,1
289,52,519,178,0,-256,1
289,53,742,427,0,-117,1
289,54,580,50,0,-162,1
289,55,558,591,0,-233,1
289,56,668,9,0,-81,1
289,63,408,659,0,-240,1
289,64,154,299,0,-172,1
289,68,124,323,0,-172,1
289,69,109,663,0,-170,1
289,72,193,388,0,-249,1
289,73,596,450,0,-30,1
289,74,529,18,0,-177,0
289,75,124,703,0,-247,0
289,77,328,317,0,-236,1
289,78,70,478,0,-245,1
289,84,92,517,0,-62,1
289,85,45,716,0,44,0
289,86,215,346,0,-154,1
289,87,594,344,0,-109,1
289,88,585,50,0,-108,1
289,89,578,222,0,-230,1
289,90,581,36,0,-67,1
289,91,372,717,0,-257,1
290,0,66,238,0,-70,0
290,1,139,714,0,-243,0
290,2,445,200,0,56,0
290,3,386,287,0,-245,0
290,4,607,596,0,-94,0
290,5,307,100,0,-264,0
290,6,20,344,0,-70,0
290,7,332,544,0,24,0
290,8,78,238,0,-151,0
290,9,277,50,0,-59,0
290,10,260,399,0,29,0
290,11,17,282,0,-73,0
290,12,365,151,0,-24,0
290,13,12,727,0,-127,0
290,14,192,270,0,-236,0
290,15,104,57,0,-201,0
290,16,285,575,0,-15,0
290,17,608,106,0,50,0
290,18,213,465,0,9,0
290,19,705,96,0,-119,0
290,23,34,49,0,69,1
290,26,51,466,0,57,1
290,28,662,100,0,-145,1
290,31,449,87,0,54,1
290,32,402,190,0,37,1
290,36,617,222,0,-187,1
290,39,400,400,0,-188,1
290,43,515,341,0,14,1
290,45,424,398,0,-65,1
290,46,255,165,0,-115,1
290,47,370,718,0,-253,1
290,52,516,179,0,-256,1
290,53,745,429,0,-117,1
290,54,581,53,0,-162,1
290,55,556,593,0,-228,1
290,56,671,9,0,-81,1
290,63,406,661,0,-240,1
290,64,154,302,0,-172,1
290,68,125,326,0,-172,1
290,69,109,666,0,-170,1
290,72,190,389,0,-249,1
290,73,597,447,0,-30,1
290,74,529,21,0,-177,0
290,75,121,704,0,-247,0
290,77,326,319,0,-236,1
290,78,67,479,0,-245,1
290,84,94,516,0,-62,1
290,85,45,716,0,44,0
290,86,216,348,0,-154,1
290,87,597,345,0,-109,1
290,88,587,52,0,-131,1
290,89,575,224,0,-230,1
290,90,583,34,0,-53,1
290,91,369,717,0,-257,1
291,0,68,237,0,-70,0
291,1,136,716,0,-243,0
291,2,443,198,0,56,0
291,3,384,288,0,-245,0
291,4,610,596,0,-94,0
291,5,304,100,0,-264,0
291,6,23,343,0,-70,0
291,7,331,541,0,24,0
291,8,80,241,0,-151,0
291,9,280,48,0,-59,0
291,10,258,397,0,29,0
291,11,20,281,0,-73,0
291,12,366,148,0,-23,0
291,13,14,729,0,-127,0
291,14,192,270,0,-236,0
291,15,102,60,0,-201,0
291,16,286,572,0,-15,0
291,17,606,104,0,50,0
291,18,212,462,0,11,0
291,19,708,97,0,-119,0
291,23,32,48,0,69,1
291,26,48,464,0,57,1
291,28,664,102,0,-145,1
291,31,446,86,0,54,1
291,32,400,187,0,37,1
291,36,616,225,0,-187,1
291,39,400,403,0,-188,1
291,43,514,338,0,14,1
291,45,426,397,0,-65,1
291,46,258,166,0,-115,1
291,47,367,719,0,-253,1
291,52,513,180,0,-256,1
291,53,748,430,0,-117,1
291,54,582,55,0,-162,1
291,55,555,595,0,-200,1
291,56,674,8,0,-81,1
291,63,403,662,0,-240,1
291,64,154,305,0,-172,1
291,68,125,329,0,-172,1
291,69,110,669,0,-170,1
291,72,187,389,0,88,1
291,73,600,445,0,-59,1
291,74,529,24,0,-177,0
291,75,118,705,0,-247,0
291,77,323,321,0,-236,1
291,78,65,480,0,-245,1
291,84,97,515,0,-62,1
291,85,45,716,0,44,0
291,86,218,351,0,-154,1
291,87,600,347,0,-131,1
291,88,589,54,0,-131,1
291,89,573,225,0,-247,1
291,90,586,32,0,-53,1
291,91,366,718,0,-257,1
292,0,71,236,0,-70,0
292,1,134,717,0,-243,0
292,2,440,196,0,56,0
292,3,381,290,0,-245,0
292,4,613,596,0,-94,0
292,5,301,100,0,77,0
292,6,25,342,0,-70,0
292,7,331,538,0,-2,0
292,8,81,244,0,-151,0
292,9,283,47,0,-59,0
292,10,257,394,0,29,0
292,11,23,280,0,-73,0
292,12,365,145,0,6,0
292,13,17,730,0,-119,0
292,14,192,270,0,-236,0
292,15,100,62,0,-228,0
292,16,287,569,0,-15,0
292,17,604,102,0,50,0
292,18,212,459,0,11,0
292,19,709,100,0,-148,0
292,23,29,47,0,69,1
292,26,46,463,0,70,1
292,28,666,105,0,-149,1
292,31,444,84,0,54,1
292,32,398,185,0,37,1
292,36,616,228,0,-187,1
292,39,398,406,0,-213,1
292,43,513,335,0,14,1
292,45,429,395,0,-65,1
292,46,260,167,0,-115,1
292,47,364,721,0,-242,1
292,52,510,182,0,-232,1
292,53,751,430,0,-88,1
292,54,582,58,0,-168,1
292,55,554,598,0,-200,1
292,56,677,8,0,-94,1
292,63,401,664,0,-240,1
292,64,155,308,0,-172,1
292,68,126,332,0,-172,1
292,69,110,672,0,-170,1
292,72,184,389,0,88,1
292,73,602,444,0,-59,1
292,74,529,27,0,-177,0
292,75,116,706,0,-247,0
292,77,321,322,0,-236,1
292,78,62,482,0,-245,1
292,84,100,513,0,-62,1
292,85,45,716,0,44,0
292,86,219,354,0,-154,1
292,87,602,349,0,-131,1
292,88,592,55,0,-112,1
292,89,570,226,0,-247,1
292,90,588,30,0,-53,1
292,91,363,719,0,-257,1
293,0,74,235,0,-70,0
293,1,131,718,0,-243,0
293,2,438,195,0,56,0
293,3,378,291,0,-245,0
293,4,616,596,0,-94,0
293,5,298,100,0,-255,0
293,6,28,341,0,-70,0
293,7,331,535,0,-2,0
293,8,82,246,0,-151,0
293,9,285,45,0,-58,0
293,10,255,392,0,29,0
293,11,26,280,0,-73,0
293,12,365,142,0,6,0
293,13,19,732,0,-117,0
293,14,192,270,0,-236,0
293,15,98,64,0,-228,0
293,16,288,567,0,-15,0
293,17,601,100,0,50,0
293,18,211,456,0,11,0
293,19,711,102,0,-148,0
293,23,26,45,0,57,1
293,26,43,464,0,-263,1
293,28,667,107,0,-149,1
293,31,441,82,0,54,1
293,32,396,183,0,37,1
293,36,616,231,0,-187,1
293,39,397,408,0,-213,1
293,43,514,332,0,-9,1
293,45,432,394,0,-65,1
293,46,263,168,0,-112,1
293,47,362,723,0,-220,1
293,52,508,184,0,-232,1
293,53,3,430,0,-88,1
293,54,583,61,0,-168,1
293,55,553,601,0,-200,1
293,56,679,8,0,-94,1
293,63,398,665,0,-240,1
293,64,155,311,0,-172,1
293,68,126,335,0,-175,1
293,69,111,675,0,-170,1
293,72,181,389,0,88,1
293,73,605,442,0,-59,1
293,74,529,30,0,-177,0
293,75,113,707,0,-247,0
293,77,318,324,0,-236,1
293,78,59,483,0,-241,1
293,84,102,512,0,-62,1
293,85,45,716,0,44,0
293,86,220,356,0,-154,1
293,87,604,351,0,-131,1
293,88,595,57,0,-112,1
293,89,567,227,0,-247,1
293,90,591,29,0,-53,1
293,91,360,719,0,-257,1
294,0,76,233,0,-40,0
294,1,128,720,0,-243,0
294,2,436,193,0,44,0
294,3,375,292,0,-245,0
294,4,619,596,0,-94,0
294,5,295,101,0,-255,0
294,6,31,340,0,-70,0
294,7,330,532,0,17,0
294,8,84,249,0,-151,0
294,9,288,43,0,-58,0
294,10,254,389,0,19,0
294,11,28,277,0,-48,0
294,12,365,139,0,3,0
294,13,22,733,0,-117,0
294,14,192,270,0,-236,0
294,15,96,66,0,-228,0
294,16,287,564,0,7,0
294,17,599,98,0,50,0
294,18,210,453,0,11,0
294,19,712,105,0,-148,0
294,23,24,43,0,57,1
294,26,40,464,0,-263,1
294,28,669,110,0,-149,1
294,31,439,80,0,54,1
294,32,394,181,0,60,1
294,36,615,234,0,-187,1
294,39,394,410,0,-242,1
294,43,514,329,0,8,1
294,45,435,393,0,-65,1
294,46,266,169,0,-112,1
294,47,360,725,0,-220,1
294,52,506,185,0,-232,1
294,53,6,430,0,-96,1
294,54,584,64,0,-168,1
294,55,552,604,0,-200,1
294,56,682,9,0,-94,1
294,63,396,667,0,-240,1
294,64,156,314,0,-172,1
294,68,126,338,0,-175,1
294,69,111,678,0,-170,1
294,72,178,389,0,88,1
294,73,608,441,0,-59,1
294,74,530,33,0,-177,0
294,75,110,709,0,-247,0
294,77,315,325,0,-262,1
294,78,57,485,0,-229,1
294,84,105,510,0,-62,1
294,85,45,716,0,44,0
294,86,222,359,0,-154,1
294,87,606,353,0,-131,1
294,88,597,58,0,-112,1
294,89,564,228,0,-247,1
294,90,593,27,0,-53,1
294,91,358,721,0,-239,1
294,92,682,9,0,-107,1
295,0,78,230,0,-40,0
295,1,126,721,0,-243,0
295,2,434,190,0,44,0
295,3,373,293,0,-245,0
295,4,622,598,0,-118,0
295,5,292,102,0,-255,0
295,6,34,339,0,-70,0
295,7,329,529,0,17,0
295,8,85,252,0,-151,0
295,9,291,43,0,-78,0
295,10,253,386,0,19,0
295,11,30,275,0,-48,0
295,12,365,136,0,3,0
295,13,25,734,0,-117,0
295,14,192,270,0,-236,0
295,15,93,66,0,-256,0
295,16,287,561,0,7,0
295,17,597,96,0,50,0
295,18,210,450,0,11,0
295,19,714,107,0,-148,0
295,23,21,42,0,57,1
295,26,37,465,0,-263,1
295,28,671,112,0,-139,1
295,31,437,78,0,54,1
295,32,391,180,0,60,1
295,36,615,237,0,-187,1
295,39,391,411,0,-242,1
295,43,513,326,0,8,1
295,45,437,392,0,-65,1
295,46,269,170,0,-107,1
295,47,358,727,0,-220,1
295,52,503,187,0,-232,1
295,53,9,431,0,-96,1
295,54,584,67,0,-168,1
295,55,552,607,0,-171,1
295,56,685,9,0,-94,1
295,63,393,668,0,-240,1
295,64,156,317,0,-172,1
295,68,127,341,0,-175,1
295,69,111,681,0,-182,1
295,72,175,389,0,88,1
295,73,610,439,0,-59,1
295,74,530,36,0,-177,0
295,75,107,710,0,-247,0
295,77,312,325,0,-262,1
295,78,55,487,0,-229,1
295,84,107,508,0,-46,1
295,85,45,716,0,44,0
295,86,223,362,0,-154,1
295,87,609,355,0,-131,1
295,88,600,60,0,-137,1
295,89,561,229,0,-247,1
295,90,595,25,0,-53,1
295,91,355,721,0,-268,1
295,92,685,10,0,-107,1
296,0,79,227,0,-16,0
296,1,123,723,0,-243,0
296,2,431,188,0,44,0
296,3,370,294,0,-250,0
296,4,625,599,0,-118,0
296,5,290,103,0,-246,0
296,6,37,338,0,-70,0
296,7,328,527,0,17,0
296,8,85,255,0,-179,0
296,9,294,42,0,-78,0
296,10,252,383,0,19,0
296,11,32,273,0,-48,0
296,12,365,133,0,3,0
296,13,27,736,0,-117,0
296,14,192,270,0,-236,0
296,15,90,67,0,-256,0
296,16,288,558,0,-23,0
296,17,594,94,0,50,0
296,18,209,448,0,11,0
296,19,716,110,0,-148,0
296,23,19,40,0,57,1
296,26,34,465,0,-263,1
296,28,673,114,0,-139,1
296,31,434,77,0,54,1
296,32,389,178,0,60,1
296,36,615,240,0,-187,1
296,39,389,412,0,-242,1
296,43,513,323,0,8,1
296,45,439,389,0,-39,1
296,46,271,172,0,-131,1
296,47,356,730,0,-220,1
296,52,501,189,0,-232,1
296,53,12,431,0,-96,1
296,54,585,70,0,-168,1
296,55,553,610,0,-171,1
296,56,688,9,0,-94,1
296,63,391,670,0,-227,1
296,64,156,320,0,-172,1
296,68,127,344,0,-175,1
296,69,111,684,0,-182,1
296,72,172,389,0,88,1
296,73,613,438,0,-64,1
296,74,529,39,0,-204,0
296,75,105,711,0,-247,0
296,77,309,325,0,-262,1
296,78,53,489,0,-229,1
296,84,109,506,0,-46,1
296,85,45,716,0,44,0
296,86,224,364,0,-154,1
296,87,611,357,0,-131,1
296,88,602,62,0,-137,1
296,89,559,230,0,-247,1
296,90,598,23,0,-53,1
296,91,352,721,0,-268,1
296,92,688,11,0,-107,1
297,0,80,225,0,-16,0
297,1,120,723,0,-257,0
297,2,429,187,0,62,0
297,3,368,296,0,-231,0
297,4,627,601,0,-118,0
297,5,287,104,0,-249,0
297,6,40,337,0,-70,0
297,7,327,524,0,17,0
297,8,86,258,0,-179,0
297,9,296,41,0,-78,0
297,10,251,380,0,19,0
297,11,35,272,0,-53,0
297,12,365,130,0,3,0
297,13,30,737,0,-117,0
297,14,192,270,0,-236,0
297,15,87,68,0,-256,0
297,16,290,555,0,-37,0
297,17,592,92,0,50,0
297,18,210,445,0,-14,0
297,19,717,113,0,-160,0
297,23,16,38,0,57,1
297,26,31,465,0,-263,1
297,28,675,117,0,-139,1
297,31,432,75,0,54,1
297,32,386,177,0,60,1
297,36,614,243,0,-187,1
297,39,386,414,0,-242,1
297,43,513,320,0,5,1
297,45,441,387,0,-39,1
297,46,274,173,0,-113,1
297,47,354,732,0,-220,1
297,52,498,191,0,-232,1
297,53,15,432,0,-118,1
297,54,585,73,0,-168,1
297,55,553,613,0,-169,1
297,56,691,9,0,-94,1
297,63,390,673,0,-198,1
297,64,157,323,0,-172,1
297,68,127,347,0,-175,1
297,69,111,687,0,-182,1
297,72,169,389,0,88,1
297,73,616,437,0,-64,1
297,74,527,41,0,-204,0
297,75,102,711,0,-258,0
297,77,306,326,0,-262,1
297,78,52,492,0,-199,1
297,84,112,505,0,-65,1
297,85,45,716,0,44,0
297,86,226,367,0,-154,1
297,87,613,359,0,-131,1
297,88,604,64,0,-137,1
297,89,556,232,0,-247,1
297,90,600,21,0,-53,1
297,91,349,721,0,-268,1
297,92,690,13,0,-134,1
298,0,80,222,0,-16,0
298,1,117,724,0,-257,0
298,2,426,186,0,62,0
298,3,365,298,0,-231,0
298,4,630,602,0,-118,0
298,5,285,106,0,-225,0
298,6,42,336,0,-70,0
298,7,327,521,0,17,0
298,8,86,261,0,-179,0
298,9,299,41,0,-78,0
298,10,250,377,0,19,0
298,11,37,270,0,-53,0
298,12,365,127,0,-5,0
298,13,33,738,0,-117,0
298,14,192,270,0,-236,0
298,15,84,69,0,-256,0
298,16,292,553,0,-37,0
298,17,590,90,0,50,0
298,18,211,442,0,-14,0
298,19,718,115,0,-160,0
298,23,14,37,0,57,1
298,26,28,465,0,89,1
298,28,677,119,0,-139,1
298,31,429,73,0,54,1
298,32,383,175,0,60,1
298,36,614,246,0,-187,1
298,39,383,415,0,-242,1
298,43,512,317,0,5,1
298,45,443,385,0,-39,1
298,46,277,174,0,-104,1
298,47,353,734,0,-220,1
298,52,496,192,0,-243,1
298,53,17,434,0,-129,1
298,54,586,76,0,-168,1
298,55,554,616,0,-169,1
298,56,694,9,0,-94,1
298,63,389,676,0,-193,1
298,64,157,326,0,-172,1
298,68,127,350,0,-175,1
298,69,111,690,0,-182,1
298,72,166,389,0,88,1
298,73,618,435,0,-64,1
298,74,526,44,0,-204,0
298,75,99,712,0,-258,0
298,77,303,327,0,-256,1
298,78,52,495,0,-181,1
298,84,115,504,0,-65,1
298,85,45,716,0,44,0
298,86,227,370,0,-154,1
298,87,615,360,0,-131,1
298,88,606,66,0,-137,1
298,89,553,233,0,-247,1
298,90,603,20,0,-53,1
298,91,346,721,0,-268,1
298,92,692,16,0,-144,1
299,0,81,219,0,-16,0
299,1,114,725,0,-257,0
299,2,424,184,0,62,0
299,3,363,300,0,-231,0
299,4,633,603,0,-107,0
299,5,283,108,0,-225,0
299,6,45,335,0,-70,0
299,7,326,518,0,17,0
299,8,85,263,0,-201,0
299,9,302,40,0,-78,0
299,10,249,375,0,19,0
299,11,40,268,0,-53,0
299,12,365,124,0,-5,0
299,13,35,740,0,-117,0
299,14,192,270,0,-236,0
299,15,82,70,0,-239,0
299,16,294,551,0,-37,0
299,17,588,88,0,50,0
299,18,211,439,0,-14,0
299,19,719,118,0,-160,0
299,23,11,35,0,57,1
299,26,25,464,0,77,1
299,28,678,122,0,-162,1
299,31,426,72,0,73,1
299,32,381,174,0,60,1
299,36,613,249,0,-187,1
299,39,380,416,0,-251,1
299,43,512,314,0,5,1
299,45,445,383,0,-49,1
299,46,280,175,0,-111,1
299,47,350,736,0,-238,1
299,52,493,194,0,-243,1
299,53,19,436,0,-129,1
299,54,587,79,0,-168,1
299,55,555,619,0,-169,1
299,56,697,10,0,-94,1
299,63,389,679,0,-173,1
299,64,158,329,0,-172,1
299,68,128,353,0,-175,1
299,69,110,693,0,-189,1
299,72,163,389,0,88,1
299,73,621,434,0,-64,1
299,74,525,47,0,-204,0
299,75,96,711,0,74,0
299,77,300,327,0,-256,1
299,78,52,498,0,-177,1
299,84,118,502,0,-65,1
299,85,45,716,0,44,0
299,86,227,373,0,-169,1
299,87,618,362,0,-131,1
299,88,608,69,0,-137,1
299,89,550,234,0,-247,1
299,90,605,18,0,-53,1
299,91,343,722,0,-268,1
299,92,694,18,0,-144,1
299,93,380,175,0,82,1
300,0,82,216,0,-21,0
300,1,111,725,0,-257,0
300,2,421,183,0,62,0
300,3,361,302,0,-231,0
300,4,636,604,0,-107,0
300,5,280,111,0,-225,0
300,6,48,334,0,-70,0
300,7,325,515,0,17,0
300,8,83,266,0,-201,0
300,9,305,39,0,-75,0
300,10,248,372,0,19,0
300,11,42,266,0,-53,0
300,12,364,121,0,23,0
300,13,38,741,0,-117,0
300,14,192,270,0,-236,0
300,15,79,72,0,-239,0
300,16,294,548,0,-12,0
300,17,585,87,0,69,0
300,18,212,436,0,-14,0
300,19,720,121,0,-160,0
300,23,9,33,0,57,1
300,26,22,464,0,77,1
300,28,680,124,0,-138,1
300,31,424,71,0,73,1
300,32,378,172,0,60,1
300,36,613,252,0,-187,1
300,39,378,417,0,-251,1
300,43,512,311,0,5,1
300,45,448,381,0,-49,1
300,46,282,176,0,-111,1
300,47,347,738,0,-238,1
300,52,490,195,0,-243,1
300,53,22,438,0,-129,1
300,54,587,82,0,-168,1
300,55,555,622,0,-169,1
300,56,700,10,0,-94,1
300,63,390,682,0,-173,1
300,64,158,332,0,-172,1
300,68,128,356,0,-175,1
300,69,109,695,0,-213,1
300,72,160,388,0,87,1
300,73,623,432,0,-37,1
300,74,524,50,0,-204,0
300,75,93,711,0,74,0
300,77,297,328,0,-256,1
300,78,52,501,0,-177,1
300,84,120,501,0,-65,1
300,85,45,716,0,44,0
300,86,228,376,0,-169,1
300,87,620,364,0,-131,1
300,88,610,71,0,-137,1
300,89,548,235,0,-247,1
300,90,607,16,0,-53,1
300,91,340,722,0,-268,1
300,92,696,20,0,-144,1
300,93,378,174,0,82,1
301,0,83,213,0,-21,0
301,1,108,726,0,-257,0
301,2,418,182,0,72,0
301,3,358,304,0,-231,0
301,4,638,605,0,-107,0
301,5,278,111,0,-251,0
301,6,50,332,0,-52,0
301,7,324,512,0,17,0
301,8,82,269,0,-201,0
301,9,308,39,0,-75,0
301,10,247,369,0,19,0
301,11,44,264,0,-53,0
301,12,364,118,0,-7,0
301,13,40,743,0,-123,0
301,14,192,270,0,-236,0
301,15,76,72,0,-268,0
301,16,296,545,0,-36,0
301,17,582,86,0,69,0
301,18,213,433,0,-14,0
301,19,721,124,0,-160,0
301,23,6,32,0,57,1
301,26,19,463,0,77,1
301,28,682,126,0,-130,1
301,31,421,71,0,73,1
301,32,376,171,0,60,1
301,36,613,255,0,-187,1
301,39,375,418,0,-251,1
301,43,511,308,0,5,1
301,45,450,379,0,-49,1
301,46,285,177,0,-111,1
301,47,345,739,0,-238,1
301,52,488,196,0,-243,1
301,53,23,441,0,-155,1
301,54,588,85,0,-168,1
301,55,556,624,0,-169,1
301,56,703,10,0,-94,1
301,63,390,685,0,-173,1
301,64,158,335,0,-172,1
301,68,127,358,0,-202,1
301,69,108,698,0,-184,1
301,72,157,388,0,87,1
301,73,624,429,0,-37,1
301,74,523,52,0,-204,0
301,75,90,710,0,74,0
301,77,295,329,0,-256,1
301,78,52,504,0,-177,1
301,84,123,501,0,-83,1
301,85,45,716,0,44,0
301,86,230,378,0,-146,1
301,87,622,366,0,-131,1
301,88,612,73,0,-137,1
301,89,545,236,0,-252,1
301,90,610,14,0,-53,1
301,91,337,721,0,84,1
301,92,697,23,0,-144,1
301,93,375,174,0,82,1
301,94,697,23,0,-144,1
302,0,84,210,0,-1,0
302,1,105,727,0,-257,0
302,2,415,181,0,72,0
302,3,356,306,0,-231,0
302,4,641,606,0,-107,0
302,5,275,112,0,-251,0
302,6,53,330,0,-52,0
302,7,323,509,0,17,0
302,8,81,272,0,-201,0
302,9,311,38,0,-75,0
302,10,246,366,0,19,0
302,11,47,264,0,-81,0
302,12,365,115,0,-7,0
302,13,43,744,0,-123,0
302,14,192,270,0,-236,0
302,15,73,72,0,-268,0
302,16,298,543,0,-36,0
302,17,579,85,0,69,0
302,18,214,430,0,-14,0
302,19,722,127,0,-160,0
302,23,5,29,0,31,1
302,26,16,462,0,66,1
302,28,684,128,0,-130,1
302,31,418,70,0,73,1
302,32,373,169,0,60,1
302,36,612,258,0,-187,1
302,39,372,419,0,-250,1
302,43,511,305,0,5,1
302,45,452,377,0,-49,1
302,46,288,178,0,-111,1
302,47,342,741,0,-238,1
302,52,485,198,0,-243,1
302,53,24,443,0,-155,1
302,54,588,88,0,-168,1
302,55,555,627,0,-188,1
302,56,706,10,0,-94,1
302,63,390,688,0,-181,1
302,64,159,338,0,-172,1
302,68,126,361,0,-202,1
302,69,108,701,0,-184,1
302,72,154,388,0,75,1
302,73,626,427,0,-37,1
302,74,521,55,0,-204,0
302,75,88,708,0,55,0
302,77,292,330,0,-256,1
302,78,52,507,0,-177,1
302,84,126,501,0,-83,1
302,85,45,716,0,44,0
302,86,232,380,0,-121,1
302,87,624,368,0,-131,1
302,88,614,75,0,-137,1
302,89,542,237,0,-252,1
302,90,612,13,0,-53,1
302,91,334,722,0,-266,1
302,92,699,25,0,-144,1
302,93,372,173,0,82,1
302,94,699,25,0,-144,1
303,0,84,207,0,-13,0
303,1,102,727,0,-257,0
303,2,412,180,0,72,0
303,3,354,308,0,-231,0
303,4,644,607,0,-130,0
303,5,272,113,0,-251,0
303,6,55,328,0,-52,0
303,7,322,507,0,17,0
303,8,79,274,0,-218,0
303,9,314,37,0,-75,0
303,10,244,364,0,38,0
303,11,50,263,0,-78,0
303,12,365,112,0,-7,0
303,13,45,747,0,-147,0
303,14,192,270,0,-236,0
303,15,70,72,0,-268,0
303,16,299,540,0,-32,0
303,17,576,85,0,82,0
303,18,214,427,0,-2,0
303,19,724,129,0,-133,0
303,23,3,27,0,31,1
303,26,13,461,0,66,1
303,28,687,129,0,-110,1
303,31,415,70,0,88,1
303,32,370,168,0,60,1
303,36,612,261,0,-187,1
303,39,369,419,0,86,1
303,43,511,302,0,5,1
303,45,454,375,0,-49,1
303,46,291,180,0,-111,1
303,47,340,742,0,-238,1
303,52,482,199,0,-243,1
303,53,24,446,0,-173,1
303,54,589,91,0,-168,1
303,55,554,630,0,-216,1
303,56,709,10,0,-94,1
303,63,390,691,0,-181,1
303,64,159,341,0,-172,1
303,68,124,364,0,-202,1
303,69,108,704,0,-184,1
303,72,151,387,0,75,1
303,73,628,424,0,-37,1
303,74,521,58,0,-186,0
303,75,85,707,0,62,0
303,77,289,330,0,-256,1
303,78,52,510,0,-177,1
303,84,129,500,0,-83,1
303,85,45,716,0,44,0
303,86,235,381,0,-121,1
303,87,627,370,0,-131,1
303,88,616,77,0,-137,1
303,89,539,238,0,-252,1
303,90,615,11,0,-53,1
303,91,331,722,0,-266,1
303,92,701,28,0,-144,1
303,93,369,173,0,82,1
303,94,701,28,0,-144,1
304,0,85,204,0,-13,0
304,1,99,728,0,-257,0
304,2,409,179,0,72,0
304,3,351,310,0,-231,0
304,4,646,609,0,-130,0
304,5,269,114,0,-251,0
304,6,57,326,0,-52,0
304,7,320,504,0,47,0
304,8,77,275,0,-243,0
304,9,317,36,0,-75,0
304,10,243,361,0,38,0
304,11,53,263,0,-78,0
304,12,365,109,0,-7,0
304,13,46,749,0,-147,0
304,14,192,270,0,-236,0
304,15,67,71,0,65,0
304,16,301,538,0,-32,0
304,17,574,83,0,54,0
304,18,214,424,0,-2,0
304,19,726,131,0,-133,0
304,23,1,24,0,31,1
304,26,11,459,0,48,1
304,28,690,130,0,-110,1
304,31,412,70,0,-265,1
304,32,368,166,0,60,1
304,36,612,264,0,-187,1
304,39,366,418,0,69,1
304,43,511,299,0,5,1
304,45,456,372,0,-29,1
304,46,294,181,0,-111,1
304,47,337,743,0,-253,1
304,52,480,200,0,-243,1
304,53,25,449,0,-173,1
304,54,590,93,0,-154,1
304,55,552,632,0,-216,1
304,56,712,11,0,-108,1
304,63,390,694,0,-181,1
304,64,160,344,0,-172,1
304,68,123,367,0,-202,1
304,69,108,707,0,-184,1
304,72,148,387,0,-268,1
304,73,629,422,0,-29,1
304,74,521,61,0,-186,0
304,75,82,705,0,62,0
304,77,286,330,0,76,1
304,78,53,513,0,-170,1
304,84,132,498,0,-55,1
304,85,45,716,0,44,0
304,86,236,384,0,-149,1
304,87,629,372,0,-131,1
304,88,618,80,0,-137,1
304,89,536,239,0,-252,1
304,90,617,9,0,-53,1
304,91,328,723,0,-252,1
304,92,703,30,0,-144,1
304,93,366,173,0,82,1
304,94,703,30,0,-144,1
305,0,86,201,0,-13,0
305,1,97,729,0,-257,0
305,2,407,178,0,72,0
305,3,349,311,0,-231,0
305,4,648,611,0,-130,0
305,5,266,115,0,-251,0
305,6,60,324,0,-52,0
305,7,318,502,0,47,0
305,8,74,277,0,-243,0
305,9,320,35,0,-75,0
305,10,241,359,0,38,0
305,11,56,262,0,-78,0
305,12,366,106,0,-7,0
305,13,48,752,0,-147,0
305,14,192,270,0,-236,0
305,15,65,70,0,65,0
305,16,303,535,0,-32,0
305,17,571,81,0,54,0
305,18,214,421,0,-2,0
305,19,728,133,0,-133,0
305,23,-1,22,0,48,1
305,26,9,457,0,48,1
305,28,692,132,0,-132,1
305,31,409,70,0,-265,1
305,32,365,165,0,60,1
305,36,611,267,0,-187,1
305,39,364,416,0,51,1
305,43,510,296,0,5,1
305,45,457,370,0,-29,1
305,46,296,182,0,-111,1
305,47,334,744,0,-253,1
305,52,477,202,0,-243,1
305,53,24,452,0,-202,1
305,54,592,96,0,-154,1
305,55,550,635,0,-216,1
305,56,715,13,0,-131,1
305,63,390,697,0,-181,1
305,64,160,347,0,-172,1
305,68,122,369,0,-202,1
305,69,108,710,0,-184,1
305,72,145,387,0,-268,1
305,73,631,419,0,-41,1
305,74,520,64,0,-186,0
305,75,79,705,0,89,0
305,77,283,329,0,76,1
305,78,53,516,0,-170,1
305,84,134,497,0,-55,1
305,85,45,716,0,44,0
305,86,238,386,0,-149,1
305,87,631,374,0,-131,1
305,88,620,82,0,-137,1
305,89,533,240,0,-252,1
305,90,620,7,0,-57,1
305,91,325,724,0,-251,1
305,92,704,32,0,-144,1
305,93,363,172,0,82,1
305,94,704,32,0,-144,1
306,0,86,199,0,-13,0
306,1,94,729,0,-257,0
306,2,404,177,0,73,0
306,3,346,312,0,-258,0
306,4,650,613,0,-130,0
306,5,263,116,0,-251,0
306,6,62,322,0,-56,0
306,7,317,500,0,24,0
306,8,71,278,0,-243,0
306,9,323,35,0,-75,0
306,10,239,357,0,38,0
306,11,59,262,0,-78,0
306,12,366,103,0,-7,0
306,13,50,3,0,-147,0
306,14,192,270,0,-236,0
306,15,62,68,0,65,0
306,16,305,533,0,-43,0
306,17,569,79,0,54,0
306,18,214,418,0,-2,0
306,19,731,135,0,-133,0
306,23,748,20,0,48,1
306,26,7,455,0,48,1
306,28,694,134,0,-132,1
306,31,406,71,0,-247,1
306,32,363,163,0,60,1
306,36,611,270,0,-187,1
306,39,361,414,0,51,1
306,43,510,293,0,7,1
306,45,459,367,0,-29,1
306,46,299,184,0,-126,1
306,47,331,745,0,-253,1
306,52,474,203,0,-243,1
306,53,21,454,0,-228,1
306,54,593,99,0,-154,1
306,55,549,638,0,-198,1
306,56,717,15,0,-131,1
306,63,390,700,0,-181,1
306,64,160,350,0,-172,1
306,68,121,372,0,-202,1
306,69,107,713,0,-184,1
306,72,142,387,0,-268,1
306,73,633,417,0,-41,1
306,74,520,67,0,-182,0
306,75,76,705,0,89,0
306,77,280,328,0,76,1
306,78,54,519,0,-170,1
306,84,137,495,0,-55,1
306,85,45,716,0,44,0
306,86,240,389,0,-149,1
306,87,633,376,0,-131,1
306,88,622,84,0,-137,1
306,89,531,241,0,-252,1
306,90,622,6,0,-57,1
306,91,322,725,0,-251,1
306,92,706,35,0,-144,1
306,93,360,172,0,88,1
306,94,706,35,0,-144,1
307,0,87,196,0,-13,0
307,1,91,731,0,-237,0
307,2,402,175,0,48,0
307,3,343,313,0,-258,0
307,4,653,615,0,-130,0
307,5,261,117,0,-251,0
307,6,65,321,0,-56,0
307,7,315,497,0,24,0
307,8,69,280,0,-243,0
307,9,326,34,0,-75,0
307,10,237,354,0,38,0
307,11,62,261,0,-78,0
307,12,367,100,0,-7,0
307,13,51,5,0,-147,0
307,14,192,270,0,-236,0
307,15,59,67,0,65,0
307,16,307,531,0,-43,0
307,17,566,77,0,54,0
307,18,214,415,0,-2,0
307,19,733,137,0,-127,0
307,23,746,18,0,48,1
307,26,5,453,0,48,1
307,28,697,135,0,-113,1
307,31,403,72,0,-247,1
307,32,360,162,0,60,1
307,36,611,273,0,-187,1
307,39,359,412,0,51,1
307,43,510,290,0,7,1
307,45,460,364,0,-29,1
307,46,301,185,0,-126,1
307,47,328,746,0,-253,1
307,52,472,204,0,-243,1
307,53,19,456,0,-228,1
307,54,594,102,0,-162,1
307,55,548,640,0,-198,1
307,56,719,17,0,-131,1
307,63,390,703,0,-181,1
307,64,161,353,0,-172,1
307,68,120,375,0,-202,1
307,69,107,716,0,-184,1
307,72,139,387,0,-268,1
307,73,636,415,0,-44,1
307,74,520,70,0,-182,0
307,75,73,705,0,89,0
307,77,277,327,0,76,1
307,78,54,522,0,-170,1
307,84,139,493,0,-55,1
307,85,45,716,0,44,0
307,86,241,392,0,-149,1
307,87,636,378,0,-131,1
307,88,624,86,0,-137,1
307,89,528,242,0,-252,1
307,90,625,4,0,-57,1
307,91,320,726,0,-251,1
307,92,708,37,0,-144,1
307,93,357,172,0,88,1
307,94,708,37,0,-144,1
308,0,88,193,0,-13,0
308,1,89,733,0,-237,0
308,2,399,173,0,44,0
308,3,340,313,0,-258,0
308,4,655,617,0,-130,0
308,5,258,118,0,-251,0
308,6,67,319,0,-56,0
308,7,314,494,0,24,0
308,8,66,281,0,-243,0
308,9,328,33,0,-75,0
308,10,235,352,0,39,0
308,11,65,260,0,-78,0
308,12,365,98,0,21,0
308,13,54,6,0,-118,0
308,14,192,270,0,-236,0
308,15,56,66,0,65,0
308,16,309,529,0,-43,0
308,17,564,76,0,54,0
308,18,214,412,0,-2,0
308,19,735,139,0,-146,0
308,23,743,16,0,48,1
308,26,2,451,0,48,1
308,28,700,136,0,-113,1
308,31,401,74,0,-247,1
308,32,357,160,0,60,1
308,36,610,276,0,-187,1
308,39,357,410,0,51,1
308,43,509,287,0,7,1
308,45,462,362,0,-29,1
308,46,304,187,0,-126,1
308,47,326,747,0,-253,1
308,52,469,206,0,-243,1
308,53,17,458,0,-228,1
308,54,595,104,0,-162,1
308,55,547,643,0,-198,1
308,56,722,18,0,-102,1
308,63,390,706,0,-181,1
308,64,161,356,0,-172,1
308,68,119,378,0,-202,1
308,69,107,719,0,-184,1
308,72,136,387,0,-268,1
308,73,638,413,0,-44,1
308,74,520,73,0,-182,0
308,75,70,705,0,89,0
308,77,274,327,0,76,1
308,78,55,525,0,-171,1
308,84,141,491,0,-55,1
308,85,45,716,0,44,0
308,86,242,394,0,-158,1
308,87,638,380,0,-131,1
308,88,626,88,0,-137,1
308,89,525,242,0,-265,1
308,90,627,2,0,-57,1
308,91,317,727,0,-236,1
308,92,710,40,0,-144,1
308,93,354,173,0,-249,1
308,94,710,40,0,-144,1
309,0,88,190,0,-13,0
309,1,86,734,0,-237,0
309,2,398,170,0,23,0
309,3,337,314,0,-258,0
309,4,657,619,0,-130,0
309,5,255,119,0,-251,0
309,6,70,317,0,-52,0
309,7,313,491,0,24,0
309,8,63,282,0,-244,0
309,9,331,32,0,-75,0
309,10,233,350,0,39,0
309,11,68,260,0,-78,0
309,12,364,95,0,20,0
309,13,57,8,0,-118,0
309,14,192,270,0,-236,0
309,15,54,65,0,65,0
309,16,311,526,0,-43,0
309,17,562,74,0,54,0
309,18,214,409,0,-2,0
309,19,735,142,0,-168,0
309,23,741,14,0,48,1
309,26,1,448,0,19,1
309,28,703,137,0,-113,1
309,31,398,75,0,-247,1
309,32,355,159,0,60,1
309,36,610,279,0,-187,1
309,39,354,409,0,51,1
309,43,509,284,0,7,1
309,45,463,359,0,-29,1
309,46,306,189,0,-134,1
309,47,323,747,0,-266,1
309,52,466,207,0,-243,1
309,53,15,460,0,-228,1
309,54,596,107,0,-162,1
309,55,546,646,0,-198,1
309,56,725,19,0,-102,1
309,63,390,709,0,-181,1
309,64,162,359,0,-172,1
309,68,118,381,0,-202,1
309,69,107,722,0,-184,1
309,72,133,387,0,-268,1
309,73,640,411,0,-44,1
309,74,520,76,0,-182,0
309,75,67,705,0,89,0
309,77,271,326,0,76,1
309,78,55,528,0,-171,1
309,84,143,489,0,-38,1
309,85,45,716,0,44,0
309,86,243,397,0,-158,1
309,87,640,382,0,-131,1
309,88,627,91,0,-153,1
309,89,522,242,0,-265,1
309,90,630,1,0,-57,1
309,91,315,729,0,-236,1
309,92,712,42,0,-144,1
309,93,351,174,0,-249,1
309,94,711,42,0,-149,1
310,0,89,187,0,-13,0
310,1,84,736,0,-237,0
310,2,397,167,0,23,0
310,3,334,315,0,-258,0
310,4,659,622,0,-153,0
310,5,252,120,0,-251,0
310,6,72,315,0,-52,0
310,7,312,489,0,24,0
310,8,61,284,0,-244,0
310,9,334,32,0,-75,0
310,10,231,347,0,40,0
310,11,71,259,0,-78,0
310,12,363,92,0,20,0
310,13,59,9,0,-118,0
310,14,192,270,0,-236,0
310,15,51,63,0,65,0
310,16,313,524,0,-43,0
310,17,560,71,0,34,0
310,18,214,406,0,-2,0
310,19,736,145,0,-168,0
310,23,739,12,0,48,1
310,26,0,445,0,23,1
310,28,705,138,0,-113,1
310,31,395,76,0,-247,1
310,32,352,157,0,60,1
310,36,609,281,0,-210,1
310,39,352,407,0,51,1
310,43,509,281,0,7,1
310,45,464,356,0,-29,1
310,46,308,191,0,-134,1
310,47,320,747,0,-266,1
310,52,464,208,0,-243,1
310,53,12,462,0,-228,1
310,54,598,110,0,-138,1
310,55,546,649,0,-198,1
310,56,728,19,0,-102,1
310,63,390,712,0,-181,1
310,64,162,362,0,-172,1
310,68,116,383,0,-202,1
310,69,106,725,0,-184,1
310,72,130,388,0,-268,1
310,73,642,409,0,-44,1
310,74,520,79,0,-182,0
310,75,64,705,0,89,0
310,77,269,324,0,57,1
310,78,56,531,0,-171,1
310,84,145,487,0,-38,1
310,85,45,716,0,44,0
310,86,245,399,0,-141,1
310,87,643,384,0,-131,1
310,88,629,94,0,-153,1
310,89,519,242,0,-265,1
310,90,632,-1,0,-57,1
310,91,312,731,0,-236,1
310,92,713,45,0,-144,1
310,93,348,175,0,-249,1
310,94,713,45,0,-149,1
311,0,90,184,0,-13,0
311,1,81,738,0,-237,0
311,2,396,165,0,23,0
311,3,331,315,0,-258,0
311,4,660,624,0,-153,0
311,5,249,121,0,-263,0
311,6,74,314,0,-52,0
311,7,310,486,0,24,0
311,8,58,285,0,-244,0
311,9,337,31,0,-75,0
311,10,229,345,0,40,0
311,11,74,258,0,-78,0
311,12,362,89,0,20,0
311,13,62,11,0,-118,0
311,14,192,270,0,-236,0
311,15,48,62,0,65,0
311,16,315,522,0,-43,0
311,17,558,69,0,34,0
311,18,214,403,0,-2,0
311,19,736,148,0,-168,0
311,23,737,9,0,28,1
311,26,-1,442,0,23,1
311,28,708,140,0,-113,1
311,31,392,77,0,-247,1
311,32,350,156,0,60,1
311,36,607,284,0,-210,1
311,39,350,405,0,51,1
311,43,508,278,0,7,1
311,45,466,354,0,-29,1
311,46,310,193,0,-134,1
311,47,317,747,0,-266,1
311,52,461,210,0,-243,1
311,53,10,464,0,-228,1
311,54,600,112,0,-138,1
311,55,545,652,0,-188,1
311,56,731,20,0,-102,1
311,63,389,715,0,-181,1
311,64,162,365,0,-172,1
311,68,115,386,0,-202,1
311,69,105,728,0,-200,1
311,72,127,388,0,-268,1
311,73,644,406,0,-44,1
311,74,520,82,0,-182,0
311,75,61,705,0,89,0
311,77,267,322,0,41,1
311,78,56,534,0,-171,1
311,84,147,484,0,-38,1
311,85,45,716,0,44,0
311,86,247,402,0,-141,1
311,87,645,386,0,-131,1
311,88,630,96,0,-153,1
311,89,516,243,0,-265,1
311,90,635,748,0,-57,1
311,91,310,732,0,-236,1
311,92,715,47,0,-144,1
311,93,345,176,0,-249,1
311,94,715,47,0,-128,1
312,0,90,181,0,-13,0
312,1,79,739,0,-236,0
312,2,395,162,0,23,0
312,3,328,316,0,-258,0
312,4,661,627,0,-153,0
312,5,246,121,0,-263,0
312,6,77,312,0,-51,0
312,7,310,483,0,0,0
312,8,56,287,0,-216,0
312,9,340,30,0,-75,0
312,10,227,343,0,40,0
312,11,77,258,0,-78,0
312,12,361,86,0,20,0
312,13,64,12,0,-118,0
312,14,192,270,0,-236,0
312,15,46,61,0,65,0
312,16,316,519,0,-28,0
312,17,557,66,0,34,0
312,18,215,400,0,-2,0
312,19,737,151,0,-168,0
312,23,736,7,0,28,1
312,26,749,439,0,23,1
312,28,711,141,0,-113,1
312,31,390,79,0,-226,1
312,32,347,155,0,73,1
312,36,606,287,0,-198,1
312,39,347,403,0,51,1
312,43,508,275,0,7,1
312,45,467,351,0,-29,1
312,46,312,195,0,-134,1
312,47,314,747,0,-266,1
312,52,458,211,0,-243,1
312,53,8,466,0,-228,1
312,54,602,114,0,-138,1
312,55,545,655,0,-188,1
312,56,734,21,0,-102,1
312,63,388,718,0,-211,1
312,64,163,368,0,-172,1
312,68,114,389,0,-202,1
312,69,104,731,0,-200,1
312,72,124,388,0,-268,1
312,73,646,404,0,-44,1
312,74,519,85,0,-188,0
312,75,58,705,0,89,0
312,77,265,320,0,41,1
312,78,57,537,0,-171,1
312,84,149,482,0,-38,1
312,85,45,716,0,44,0
312,86,249,404,0,-141,1
312,87,647,388,0,-131,1
312,88,632,99,0,-153,1
312,89,513,243,0,-265,1
312,90,637,747,0,-57,1
312,91,308,735,0,-212,1
312,92,717,49,0,-144,1
312,93,343,177,0,-249,1
312,94,718,49,0,-128,1
313,0,91,178,0,-13,0
313,1,76,741,0,-236,0
313,2,394,159,0,23,0
313,3,326,317,0,-258,0
313,4,663,630,0,-153,0
313,5,243,121,0,-263,0
313,6,79,310,0,-51,0
313,7,310,480,0,0,0
313,8,54,290,0,-216,0
313,9,343,29,0,-75,0
313,10,226,340,0,40,0
313,11,80,257,0,-78,0
313,12,360,84,0,20,0
313,13,67,13,0,-118,0
313,14,192,270,0,-236,0
313,15,43,60,0,65,0
313,16,318,517,0,-28,0
313,17,555,64,0,34,0
313,18,213,397,0,22,0
313,19,738,154,0,-168,0
313,23,735,4,0,28,1
313,26,748,437,0,23,1
313,28,714,142,0,-113,1
313,31,389,82,0,-207,1
313,32,344,154,0,73,1
313,36,605,290,0,-198,1
313,39,345,401,0,51,1
313,43,508,272,0,1,1
313,45,469,349,0,-29,1
313,46,315,197,0,-123,1
313,47,311,748,0,-266,1
313,52,456,213,0,-243,1
313,53,6,469,0,-215,1
313,54,604,116,0,-126,1
313,55,544,658,0,-188,1
313,56,737,21,0,-102,1
313,63,386,720,0,-211,1
313,64,163,371,0,-172,1
313,68,113,392,0,-202,1
313,69,103,733,0,-200,1
313,72,121,388,0,-268,1
313,73,648,402,0,-44,1
313,74,519,88,0,-188,0
313,75,55,705,0,89,0
313,77,263,317,0,36,1
313,78,57,540,0,-171,1
313,84,151,480,0,-38,1
313,85,45,716,0,44,0
313,86,251,406,0,-136,1
313,87,649,390,0,-142,1
313,88,633,102,0,-153,1
313,89,510,244,0,-241,1
313,90,640,745,0,-57,1
313,91,306,737,0,-212,1
313,92,719,52,0,-144,1
313,93,340,179,0,-249,1
313,94,720,50,0,-128,1
314,0,91,175,0,4,0
314,1,74,743,0,-236,0
314,2,393,156,0,23,0
314,3,323,317,0,-258,0
314,4,665,632,0,-127,0
314,5,240,122,0,-263,0
314,6,81,308,0,-51,0
314,7,310,477,0,0,0
314,8,53,292,0,-216,0
314,9,346,28,0,-75,0
314,10,224,338,0,40,0
314,11,83,257,0,-78,0
314,12,359,81,0,20,0
314,13,70,15,0,-118,0
314,14,192,270,0,-236,0
314,15,40,58,0,65,0
314,16,319,514,0,-28,0
314,17,554,61,0,16,0
314,18,212,394,0,22,0
314,19,738,157,0,-168,0
314,23,733,1,0,28,1
314,26,746,434,0,23,1
314,28,716,143,0,-113,1
314,31,387,85,0,-207,1
314,32,341,153,0,73,1
314,36,604,293,0,-198,1
314,39,343,399,0,51,1
314,43,508,269,0,1,1
314,45,470,346,0,-29,1
314,46,317,199,0,-123,1
314,47,308,748,0,-266,1
314,52,453,214,0,-243,1
314,53,5,471,0,-215,1
314,54,607,118,0,-126,1
314,55,544,661,0,-188,1
314,56,740,22,0,-102,1
314,63,385,723,0,-211,1
314,64,164,374,0,-172,1
314,68,112,394,0,-202,1
314,69,102,736,0,-200,1
314,72,118,388,0,-268,1
314,73,651,400,0,-56,1
314,74,518,91,0,-188,0
314,75,52,705,0,89,0
314,77,261,315,0,36,1
314,78,59,542,0,-151,1
314,84,152,477,0,-38,1
314,85,45,716,0,44,0
314,86,254,408,0,-121,1
314,87,651,393,0,-142,1
314,88,634,104,0,-153,1
314,89,508,246,0,-236,1
314,90,642,744,0,-57,1
314,91,305,740,0,-212,1
314,92,721,54,0,-144,1
314,93,337,180,0,-249,1
314,94,722,52,0,-128,1
315,0,91,172,0,4,0
315,1,71,744,0,-236,0
315,2,391,154,0,23,0
315,3,320,318,0,-258,0
315,4,668,633,0,-127,0
315,5,237,122,0,-263,0
315,6,84,307,0,-75,0
315,7,311,474,0,-4,0
315,8,51,295,0,-217,0
315,9,349,28,0,-75,0
315,10,222,336,0,40,0
315,11,86,256,0,-78,0
315,12,358,78,0,20,0
315,13,72,16,0,-118,0
315,14,192,270,0,-236,0
315,15,37,57,0,65,0
315,16,320,511,0,-19,0
315,17,553,58,0,16,0
315,18,211,392,0,22,0
315,19,739,160,0,-168,0
315,23,732,-1,0,28,1
315,26,745,431,0,23,1
315,28,719,144,0,-113,1
315,31,386,87,0,-207,1
315,32,338,152,0,73,1
315,36,603,295,0,-198,1
315,39,340,397,0,51,1
315,43,508,266,0,1,1
315,45,472,343,0,-29,1
315,46,320,200,0,-123,1
315,47,305,748,0,-266,1
315,52,450,215,0,-243,1
315,53,3,474,0,-215,1
315,54,609,119,0,-126,1
315,55,543,664,0,-188,1
315,56,743,21,0,-81,1
315,63,383,725,0,-211,1
315,64,164,377,0,-172,1
315,68,111,397,0,-203,1
315,69,101,739,0,-200,1
315,72,115,387,0,77,1
315,73,653,399,0,-56,1
315,74,518,94,0,-188,0
315,75,49,705,0,89,0
315,77,260,313,0,36,1
315,78,60,545,0,-151,1
315,84,154,475,0,-38,1
315,85,45,716,0,44,0
315,86,256,409,0,-121,1
315,87,653,395,0,-142,1
315,88,636,107,0,-153,1
315,89,505,247,0,-245,1
315,90,645,742,0,-57,1
315,91,303,743,0,-212,1
315,92,723,56,0,-120,1
315,93,334,180,0,-264,1
315,94,725,54,0,-128,1
316,0,90,169,0,4,0
316,1,69,746,0,-237,0
316,2,390,151,0,23,0
316,3,317,318,0,-258,0
316,4,670,635,0,-127,0
316,5,234,122,0,-263,0
316,6,87,306,0,-75,0
316,7,312,471,0,-30,0
316,8,49,297,0,-217,0
316,9,352,27,0,-75,0
316,10,220,334,0,40,0
316,11,89,255,0,-78,0
316,12,357,75,0,20,0
316,13,75,18,0,-118,0
316,14,192,270,0,-236,0
316,15,34,57,0,82,0
316,16,321,508,0,-19,0
316,17,553,55,0,16,0
316,18,210,389,0,22,0
316,19,739,163,0,-168,0
316,23,730,747,0,28,1
316,26,744,428,0,23,1
316,28,722,145,0,-103,1
316,31,384,89,0,-236,1
316,32,335,151,0,73,1
316,36,602,298,0,-198,1
316,39,338,395,0,51,1
316,43,508,263,0,1,1
316,45,473,341,0,-29,1
316,46,322,202,0,-123,1
316,47,302,748,0,-265,1
316,52,448,217,0,-243,1
316,53,1,476,0,-215,1
316,54,612,121,0,-126,1
316,55,543,667,0,-188,1
316,56,745,22,0,-109,1
316,63,382,728,0,-211,1
316,64,164,380,0,-185,1
316,68,110,400,0,-203,1
316,69,100,742,0,-200,1
316,72,112,387,0,77,1
316,73,655,397,0,-56,1
316,74,518,97,0,-188,0
316,75,46,704,0,89,0
316,77,258,310,0,36,1
316,78,61,548,0,-151,1
316,84,156,472,0,-38,1
316,85,45,716,0,44,0
316,86,259,411,0,-121,1
316,87,654,398,0,-142,1
316,88,638,109,0,-125,1
316,89,502,249,0,-246,1
316,90,647,740,0,-57,1
316,91,302,745,0,-212,1
316,92,726,57,0,-120,1
316,93,331,180,0,-264,1
316,94,727,56,0,-128,1
317,0,90,166,0,4,0
317,1,66,748,0,-237,0
317,2,389,148,0,23,0
317,3,314,319,0,-258,0
317,4,671,638,0,-152,0
317,5,231,123,0,-263,0
317,6,90,306,0,-75,0
317,7,314,469,0,-30,0
317,8,47,299,0,-217,0
317,9,354,26,0,-75,0
317,10,218,331,0,40,0
317,11,91,255,0,-78,0
317,12,356,72,0,20,0
317,13,78,19,0,-118,0
317,14,192,270,0,-236,0
317,15,31,56,0,82,0
317,16,322,506,0,-19,0
317,17,552,52,0,16,0
317,18,209,386,0,22,0
317,19,740,166,0,-168,0
317,23,728,746,0,57,1
317,26,743,426,0,23,1
317,28,725,146,0,-103,1
317,31,381,91,0,-236,1
317,32,332,150,0,73,1
317,36,601,301,0,-198,1
317,39,336,394,0,51,1
317,43,508,260,0,1,1
317,45,474,338,0,-29,1
317,46,325,204,0,-123,1
317,47,299,749,0,-265,1
317,52,445,218,0,-243,1
317,53,-1,479,0,-215,1
317,54,614,123,0,-126,1
317,55,543,670,0,-188,1
317,56,748,24,0,-117,1
317,63,380,730,0,-211,1
317,64,163,383,0,-185,1
317,68,108,403,0,-203,1
317,69,100,745,0,-195,1
317,72,109,386,0,77,1
317,73,658,395,0,-56,1
317,74,517,100,0,-188,0
317,75,43,704,0,89,0
317,77,256,308,0,36,1
317,78,63,550,0,-151,1
317,84,158,470,0,-38,1
317,85,45,716,0,44,0
317,86,261,412,0,-121,1
317,87,656,400,0,-142,1
317,88,640,111,0,-125,1
317,89,499,250,0,-246,1
317,90,650,739,0,-57,1
317,91,300,748,0,-212,1
317,92,728,59,0,-120,1
317,93,328,181,0,-264,1
317,94,729,58,0,-146,1
318,0,90,163,0,4,0
318,1,64,749,0,-237,0
318,2,388,145,0,23,0
318,3,311,320,0,-258,0
318,4,673,641,0,-152,0
318,5,228,123,0,-263,0
318,6,93,305,0,-75,0
318,7,315,466,0,-30,0
318,8,45,301,0,-246,0
318,9,357,25,0,-75,0
318,10,216,329,0,40,0
318,11,94,254,0,-78,0
318,12,356,69,0,3,0
318,13,80,21,0,-118,0
318,14,192,270,0,-236,0
318,15,28,56,0,82,0
318,16,323,503,0,-19,0
318,17,551,50,0,16,0
318,18,208,383,0,22,0
318,19,742,168,0,-139,0
318,23,725,744,0,57,1
318,26,742,423,0,23,1
318,28,728,146,0,-105,1
318,31,379,92,0,-236,1
318,32,330,150,0,73,1
318,36,600,304,0,-198,1
318,39,333,392,0,51,1
318,43,508,257,0,1,1
318,45,476,335,0,-29,1
318,46,327,205,0,-123,1
318,47,296,749,0,-265,1
318,52,442,219,0,-243,1
318,53,748,481,0,-215,1
318,54,616,125,0,-126,1
318,55,543,673,0,-169,1
318,56,751,25,0,-117,1
318,63,379,733,0,-211,1
318,64,163,386,0,-185,1
318,68,107,405,0,-203,1
318,69,99,748,0,-195,1
318,72,107,387,0,-255,1
318,73,660,394,0,-56,1
318,74,517,103,0,-188,0
318,75,40,704,0,89,0
318,77,254,305,0,36,1
318,78,64,553,0,-151,1
318,84,160,468,0,-38,1
318,85,45,716,0,44,0
318,86,264,414,0,-121,1
318,87,658,402,0,-142,1
318,88,643,112,0,-125,1
318,89,497,251,0,-246,1
318,90,652,737,0,-57,1
318,91,298,750,0,-212,1
318,92,731,60,0,-120,1
318,93,325,181,0,-264,1
318,94,730,61,0,-150,1
319,0,90,160,0,4,0
319,1,61,751,0,-237,0
319,2,387,143,0,23,0
319,3,308,320,0,-258,0
319,4,674,643,0,-152,0
319,5,225,124,0,-263,0
319,6,96,304,0,-74,0
319,7,317,464,0,-43,0
319,8,42,302,0,-246,0
319,9,360,24,0,-75,0
319,10,214,327,0,40,0
319,11,97,253,0,-78,0
319,12,357,66,0,-11,0
319,13,83,22,0,-118,0
319,14,192,270,0,-236,0
319,15,25,55,0,82,0
319,16,324,500,0,-19,0
319,17,550,47,0,16,0
319,18,206,381,0,22,0
319,19,744,170,0,-139,0
319,23,723,742,0,57,1
319,26,741,420,0,17,1
319,28,731,147,0,-105,1
319,31,376,94,0,-236,1
319,32,327,149,0,73,1
319,36,599,307,0,-198,1
319,39,331,390,0,51,1
319,43,508,254,0,1,1
319,45,477,333,0,-29,1
319,46,330,207,0,-119,1
319,47,293,749,0,-265,1
319,52,440,221,0,-243,1
319,53,747,484,0,-215,1
319,54,619,126,0,-126,1
319,55,544,676,0,-169,1
319,56,3,25,0,-90,1
319,63,377,736,0,-211,1
319,64,163,389,0,-185,1
319,68,106,408,0,-212,1
319,69,98,751,0,-188,1
319,72,104,388,0,-255,1
319,73,663,392,0,-56,1
319,74,516,106,0,-188,0
319,75,37,704,0,89,0
319,77,252,303,0,36,1
319,78,66,555,0,-151,1
319,84,162,465,0,-38,1
319,85,45,716,0,44,0
319,86,267,415,0,-121,1
319,87,660,405,0,-142,1
319,88,645,114,0,-125,1
319,89,495,253,0,-218,1
319,90,655,735,0,-57,1
319,91,297,3,0,-212,1
319,92,734,61,0,-101,1
319,93,322,181,0,-264,1
319,94,732,64,0,-150,1
320,0,89,157,0,4,0
320,1,59,2,0,-219,0
320,2,386,140,0,23,0
320,3,305,322,0,-236,0
320,4,676,646,0,-152,0
320,5,222,124,0,-263,0
320,6,99,303,0,-74,0
320,7,319,462,0,-43,0
320,8,39,303,0,-246,0
320,9,363,23,0,-65,0
320,10,211,325,0,52,0
320,11,100,253,0,-78,0
320,12,357,63,0,-11,0
320,13,86,23,0,-118,0
320,14,192,270,0,-236,0
320,15,23,55,0,82,0
320,16,325,497,0,-19,0
320,17,549,44,0,16,0
320,18,205,378,0,22,0
320,19,746,172,0,-139,0
320,23,720,741,0,57,1
320,26,740,417,0,17,1
320,28,734,148,0,-105,1
320,31,374,96,0,-236,1
320,32,324,148,0,73,1
320,36,599,310,0,-198,1
320,39,329,388,0,51,1
320,43,508,251,0,1,1
320,45,479,330,0,-29,1
320,46,333,208,0,-119,1
320,47,290,749,0,-265,1
320,52,437,222,0,-243,1
320,53,745,486,0,-215,1
320,54,621,128,0,-126,1
320,55,544,679,0,-169,1
320,56,6,25,0,-90,1
320,63,375,738,0,-211,1
320,64,163,392,0,-184,1
320,68,104,411,0,-212,1
320,69,98,3,0,-188,1
320,72,101,388,0,-255,1
320,73,665,390,0,-41,1
320,74,516,109,0,-188,0
320,75,34,704,0,89,0
320,77,251,301,0,36,1
320,78,67,558,0,-151,1
320,84,163,463,0,-35,1
320,85,45,716,0,44,0
320,86,269,417,0,-121,1
320,87,662,407,0,-142,1
320,88,648,116,0,-125,1
320,89,493,256,0,-218,1
320,90,657,734,0,-57,1
320,91,295,5,0,-212,1
320,92,737,61,0,-86,1
320,93,319,182,0,-262,1
320,94,733,66,0,-149,1
321,0,89,154,0,4,0
321,1,57,5,0,-219,0
321,2,384,137,0,23,0
321,3,303,324,0,-236,0
321,4,677,648,0,-152,0
321,5,219,124,0,-263,0
321,6,102,302,0,-74,0
321,7,321,460,0,-43,0
321,8,36,304,0,-246,0
321,9,366,22,0,-65,0
321,10,210,322,0,24,0
321,11,103,253,0,-104,0
321,12,358,60,0,-11,0
321,13,88,25,0,-118,0
321,14,192,270,0,-236,0
321,15,20,56,0,-249,0
321,16,326,494,0,-19,0
321,17,548,41,0,16,0
321,18,204,375,0,22,0
321,19,748,175,0,-139,0
321,23,718,739,0,57,1
321,26,739,414,0,17,1
321,28,737,149,0,-105,1
321,31,371,97,0,-236,1
321,32,321,147,0,73,1
321,36,598,313,0,-198,1
321,39,326,387,0,64,1
321,43,507,248,0,1,1
321,45,480,327,0,-29,1
321,46,335,210,0,-119,1
321,47,287,750,0,-265,1
321,52,434,223,0,-243,1
321,53,743,488,0,-215,1
321,54,624,130,0,-126,1
321,55,545,682,0,-169,1
321,56,9,25,0,-90,1
321,63,374,741,0,-211,1
321,64,162,394,0,-186,1
321,68,102,413,0,-212,1
321,69,98,6,0,-188,1
321,72,98,389,0,-255,1
321,73,667,387,0,-41,1
321,74,515,112,0,-188,0
321,75,31,704,0,89,0
321,77,248,299,0,64,1
321,78,68,561,0,-172,1
321,84,165,460,0,-35,1
321,85,45,716,0,44,0
321,86,272,419,0,-121,1
321,87,664,409,0,-142,1
321,88,650,118,0,-125,1
321,89,491,258,0,-218,1
321,90,660,732,0,-57,1
321,91,294,8,0,-212,1
321,92,740,60,0,-86,1
321,93,316,182,0,-262,1
321,94,734,69,0,-165,1
322,0,89,151,0,4,0
322,1,55,7,0,-219,0
322,2,385,134,0,-1,0
322,3,301,326,0,-217,0
322,4,679,651,0,-152,0
322,5,217,126,0,-245,0
322,6,104,301,0,-74,0
322,7,322,457,0,-17,0
322,8,34,306,0,-246,0
322,9,368,21,0,-65,0
322,10,209,319,0,24,0
322,11,106,254,0,-104,0
322,12,358,57,0,-11,0
322,13,90,27,0,-147,0
322,14,192,270,0,-236,0
322,15,17,57,0,-249,0
322,16,327,491,0,-19,0
322,17,548,38,0,16,0
322,18,203,372,0,22,0
322,19,750,177,0,-139,0
322,23,715,737,0,57,1
322,26,738,411,0,17,1
322,28,739,150,0,-105,1
322,31,369,99,0,-234,1
322,32,318,146,0,73,1
322,36,597,315,0,-198,1
322,39,323,385,0,64,1
322,43,507,245,0,1,1
322,45,482,325,0,-42,1
322,46,338,211,0,-119,1
322,47,284,750,0,-265,1
322,52,431,225,0,-243,1
322,53,741,491,0,-215,1
322,54,626,132,0,-126,1
322,55,545,684,0,-169,1
322,56,12,25,0,-90,1
322,63,372,743,0,-223,1
322,64,162,397,0,-186,1
322,68,101,416,0,-212,1
322,69,97,9,0,-188,1
322,72,95,390,0,-255,1
322,73,669,385,0,-41,1
322,74,515,115,0,-188,0
322,75,28,704,0,89,0
322,77,246,297,0,55,1
322,78,68,564,0,-172,1
322,84,167,458,0,-35,1
322,85,45,716,0,44,0
322,86,274,420,0,-121,1
322,87,666,411,0,-127,1
322,88,653,119,0,-125,1
322,89,489,260,0,-218,1
322,90,662,731,0,-57,1
322,91,292,10,0,-212,1
322,92,743,60,0,-86,1
322,93,313,182,0,-262,1
322,94,735,72,0,-165,1
323,0,89,148,0,4,0
323,1,54,9,0,-219,0
323,2,386,131,0,-24,0
323,3,299,328,0,-224,0
323,4,680,654,0,-152,0
323,5,214,127,0,-245,0
323,6,107,301,0,-84,0
323,7,323,454,0,-17,0
323,8,31,307,0,-246,0
323,9,371,19,0,-65,0
323,10,208,317,0,24,0
323,11,109,255,0,-104,0
323,12,359,55,0,-11,0
323,13,92,30,0,-147,0
323,14,192,270,0,-236,0
323,15,14,58,0,-249,0
323,16,328,489,0,-19,0
323,17,547,35,0,21,0
323,18,202,370,0,22,0
323,19,2,179,0,-139,0
323,23,713,736,0,57,1
323,26,739,409,0,-8,1
323,28,742,150,0,-105,1
323,31,366,101,0,-234,1
323,32,315,145,0,73,1
323,36,596,318,0,-198,1
323,39,321,384,0,64,1
323,43,507,242,0,1,1
323,45,484,323,0,-42,1
323,46,340,212,0,-119,1
323,47,281,750,0,-265,1
323,52,429,226,0,-243,1
323,53,740,493,0,-215,1
323,54,629,133,0,-126,1
323,55,546,687,0,-169,1
323,56,15,26,0,-106,1
323,63,370,745,0,-223,1
323,64,161,400,0,-207,1
323,68,99,418,0,-212,1
323,69,97,12,0,-188,1
323,72,92,391,0,-255,1
323,73,671,383,0,-41,1
323,74,513,117,0,-217,0
323,75,25,703,0,76,0
323,77,243,296,0,55,1
323,78,69,567,0,-171,1
323,84,168,456,0,-35,1
323,85,45,716,0,44,0
323,86,277,421,0,-115,1
323,87,668,413,0,-127,1
323,88,656,120,0,-104,1
323,89,487,262,0,-247,1
323,90,665,729,0,-57,1
323,91,290,13,0,-212,1
323,92,746,60,0,-86,1
323,93,310,183,0,-262,1
323,94,736,75,0,-165,1
323,95,507,242,0,1,1
324,0,89,145,0,-3,0
324,1,51,11,0,-223,0
324,2,387,129,0,-24,0
324,3,297,330,0,-224,0
324,4,681,657,0,-158,0
324,5,212,129,0,-226,0
324,6,110,301,0,-84,0
324,7,323,451,0,-4,0
324,8,28,308,0,-246,0
324,9,374,18,0,-65,0
324,10,207,314,0,24,0
324,11,112,256,0,-104,0
324,12,359,52,0,-11,0
324,13,93,32,0,-147,0
324,14,192,270,0,-236,0
324,15,12,60,0,-237,0
324,16,329,486,0,-19,0
324,17,545,32,0,21,0
324,18,201,367,0,22,0
324,19,4,181,0,-139,0
324,23,710,734,0,57,1
324,26,739,406,0,-8,1
324,28,745,151,0,-105,1
324,31,364,103,0,-234,1
324,32,312,144,0,73,1
324,36,595,321,0,-198,1
324,39,318,383,0,64,1
324,43,507,239,0,1,1
324,45,486,321,0,-42,1
324,46,343,214,0,-119,1
324,47,278,0,0,-265,1
324,52,426,227,0,-243,1
324,53,738,496,0,-215,1
324,54,631,135,0,-126,1
324,55,548,690,0,-142,1
324,56,18,27,0,-106,1
324,63,368,748,0,-209,1
324,64,159,403,0,-207,1
324,68,98,421,0,-212,1
324,69,96,15,0,-202,1
324,72,89,391,0,-255,1
324,73,673,381,0,-41,1
324,74,511,120,0,-217,0
324,75,22,703,0,76,0
324,77,241,294,0,55,1
324,78,70,569,0,-145,1
324,84,169,453,0,-9,1
324,85,45,716,0,44,0
324,86,280,423,0,-115,1
324,87,670,415,0,-141,1
324,88,659,121,0,-104,1
324,89,484,263,0,-247,1
324,90,667,727,0,-49,1
324,91,289,15,0,-212,1
324,92,749,59,0,-66,1
324,93,307,183,0,-262,1
324,94,736,78,0,-165,1
324,95,507,239,0,1,1
325,0,89,142,0,-3,0
325,1,49,14,0,-223,0
325,2,388,126,0,-29,0
325,3,295,333,0,-224,0
325,4,682,659,0,-158,0
325,5,209,130,0,-251,0
325,6,113,300,0,-78,0
325,7,323,448,0,-4,0
325,8,25,309,0,-246,0
325,9,377,17,0,-65,0
325,10,206,311,0,7,0
325,11,115,256,0,-104,0
325,12,360,49,0,-11,0
325,13,95,35,0,-147,0
325,14,192,270,0,-236,0
325,15,9,61,0,-237,0
325,16,329,483,0,6,0
325,17,544,30,0,21,0
325,18,200,364,0,22,0
325,19,6,184,0,-139,0
325,23,708,733,0,62,1
325,26,739,403,0,-8,1
325,28,748,152,0,-105,1
325,31,361,104,0,-234,1
325,32,309,143,0,73,1
325,36,594,324,0,-198,1
325,39,315,381,0,64,1
325,43,507,236,0,1,1
325,45,489,319,0,-54,1
325,46,346,215,0,-119,1
325,47,275,1,0,-265,1
325,52,423,229,0,-243,1
325,53,736,498,0,-215,1
325,54,633,137,0,-126,1
325,55,550,692,0,-142,1
325,56,21,28,0,-106,1
325,63,367,750,0,-209,1
325,64,158,405,0,-207,1
325,68,96,423,0,-212,1
325,69,95,17,0,-202,1
325,72,86,391,0,86,1
325,73,675,378,0,-41,1
325,74,510,122,0,-217,0
325,75,20,702,0,76,0
325,77,238,292,0,55,1
325,78,72,572,0,-145,1
325,84,168,450,0,17,1
325,85,45,716,0,44,0
325,86,282,424,0,-115,1
325,87,672,418,0,-141,1
325,88,661,121,0,-104,1
325,89,481,264,0,-247,1
325,90,669,725,0,-49,1
325,91,287,18,0,-212,1
325,92,751,58,0,-66,1
325,93,304,184,0,-262,1
325,94,737,81,0,-165,1
325,95,507,236,0,1,1
326,0,89,139,0,-3,0
326,1,47,16,0,-223,0
326,2,390,123,0,-34,0
326,3,293,335,0,-224,0
326,4,683,662,0,-158,0
326,5,206,131,0,-251,0
326,6,116,300,0,-78,0
326,7,324,445,0,-4,0
326,8,22,309,0,87,0
326,9,379,16,0,-65,0
326,10,206,308,0,7,0
326,11,118,257,0,-104,0
326,12,361,46,0,-11,0
326,13,97,37,0,-147,0
326,14,192,270,0,-236,0
326,15,7,63,0,-226,0
326,16,329,480,0,-5,0
326,17,543,27,0,21,0
326,18,199,361,0,18,0
326,19,8,186,0,-139,0
326,23,705,731,0,62,1
326,26,739,400,0,16,1
326,28,751,153,0,-105,1
326,31,359,106,0,-234,1
326,32,307,143,0,73,1
326,36,593,327,0,-198,1
326,39,313,380,0,64,1
326,43,507,233,0,1,1
326,45,491,317,0,-54,1
326,46,348,217,0,-119,1
326,47,272,1,0,-265,1
326,52,421,230,0,-243,1
326,53,735,501,0,-215,1
326,54,636,138,0,-117,1
326,55,551,694,0,-142,1
326,56,24,28,0,-106,1
326,63,365,3,0,-209,1
326,64,156,408,0,-207,1
326,68,95,426,0,-212,1
326,69,93,20,0,-202,1
326,72,83,391,0,86,1
326,73,677,376,0,-41,1
326,74,508,124,0,-217,0
326,75,17,701,0,76,0
326,77,236,291,0,55,1
326,78,74,574,0,-145,1
326,84,167,447,0,17,1
326,85,45,716,0,44,0
326,86,285,425,0,-115,1
326,87,674,420,0,-141,1
326,88,664,122,0,-104,1
326,89,478,265,0,-247,1
326,90,672,723,0,-49,1
326,91,285,20,0,-230,1
326,92,3,56,0,-66,1
326,93,301,184,0,-262,1
326,94,738,84,0,-165,1
326,95,507,233,0,1,1
327,0,89,136,0,-3,0
327,1,45,18,0,-223,0
327,2,392,121,0,-42,0
327,3,290,336,0,-248,0
327,4,684,665,0,-158,0
327,5,203,132,0,-251,0
327,6,119,299,0,-78,0
327,7,324,442,0,-4,0
327,8,19,309,0,87,0
327,9,382,14,0,-65,0
327,10,206,305,0,7,0
327,11,121,258,0,-104,0
327,12,361,43,0,-11,0
327,13,97,40,0,-166,0
327,14,192,270,0,-236,0
327,15,5,66,0,-226,0
327,16,328,477,0,14,0
327,17,542,24,0,30,0
327,18,198,358,0,18,0
327,19,10,188,0,-139,0
327,23,702,730,0,62,1
327,26,738,397,0,11,1
327,28,3,154,0,-105,1
327,31,357,108,0,-234,1
327,32,304,142,0,73,1
327,36,592,330,0,-198,1
327,39,310,379,0,64,1
327,43,507,230,0,1,1
327,45,494,316,0,-54,1
327,46,351,218,0,-119,1
327,47,269,0,0,72,1
327,52,418,232,0,-243,1
327,53,733,503,0,-214,1
327,54,639,139,0,-117,1
327,55,553,697,0,-143,1
327,56,26,29,0,-106,1
327,63,364,5,0,-209,1
327,64,155,411,0,-207,1
327,68,93,428,0,-210,1
327,69,94,23,0,-175,1
327,72,80,391,0,86,1
327,73,679,374,0,-41,1
327,74,506,127,0,-217,0
327,75,14,700,0,76,0
327,77,233,289,0,55,1
327,78,75,577,0,-145,1
327,84,166,444,0,17,1
327,85,45,716,0,44,0
327,86,288,426,0,-115,1
327,87,677,421,0,-114,1
327,88,667,123,0,-104,1
327,89,475,266,0,-247,1
327,90,674,721,0,-49,1
327,91,283,22,0,-221,1
327,92,6,56,0,-74,1
327,93,298,183,0,76,1
327,94,739,86,0,-159,1
327,95,507,230,0,1,1
328,0,90,133,0,-3,0
328,1,43,20,0,-223,0
328,2,394,119,0,-42,0
328,3,287,337,0,-248,0
328,4,686,668,0,-158,0
328,5,200,133,0,-251,0
328,6,122,298,0,-78,0
328,7,324,439,0,-4,0
328,8,16,309,0,87,0
328,9,385,13,0,-65,0
328,10,205,302,0,7,0
328,11,124,258,0,-104,0
328,12,362,40,0,-11,0
328,13,98,43,0,-166,0
328,14,192,270,0,-236,0
328,15,3,68,0,-226,0
328,16,327,474,0,14,0
328,17,540,22,0,30,0
328,18,197,355,0,15,0
328,19,12,191,0,-148,0
328,23,700,729,0,62,1
328,26,737,394,0,11,1
328,28,6,154,0,-105,1
328,31,354,110,0,-234,1
328,32,301,141,0,73,1
328,36,591,332,0,-198,1
328,39,307,377,0,64,1
328,43,507,227,0,1,1
328,45,496,314,0,-54,1
328,46,354,220,0,-119,1
328,47,266,749,0,72,1
328,52,415,233,0,-243,1
328,53,731,506,0,-214,1
328,54,641,141,0,-117,1
328,55,555,699,0,-143,1
328,56,29,30,0,-106,1
328,63,363,8,0,-209,1
328,64,154,413,0,-208,1
328,68,92,431,0,-210,1
328,69,94,26,0,-175,1
328,72,77,390,0,86,1
328,73,681,372,0,-41,1
328,74,504,129,0,-217,0
328,75,11,699,0,51,0
328,77,231,287,0,55,1
328,78,77,579,0,-145,1
328,84,165,441,0,17,1
328,85,45,716,0,44,0
328,86,290,429,0,-135,1
328,87,680,422,0,-114,1
328,88,670,123,0,-104,1
328,89,473,267,0,-247,1
328,90,676,719,0,-49,1
328,91,281,24,0,-222,1
328,92,9,55,0,-74,1
328,93,296,183,0,76,1
328,94,740,89,0,-159,1
328,95,507,227,0,-4,1
329,0,90,130,0,-3,0
329,1,41,22,0,-223,0
329,2,395,116,0,-27,0
329,3,285,338,0,-248,0
329,4,687,670,0,-162,0
329,5,198,134,0,-251,0
329,6,125,298,0,-78,0
329,7,324,436,0,-3,0
329,8,13,309,0,87,0
329,9,388,12,0,-65,0
329,10,205,299,0,7,0
329,11,127,259,0,-98,0
329,12,362,37,0,-11,0
329,13,99,46,0,-166,0
329,14,192,270,0,-236,0
329,15,0,70,0,-226,0
329,16,326,471,0,26,0
329,17,539,19,0,30,0
329,18,196,353,0,17,0
329,19,14,192,0,-121,0
329,23,697,727,0,67,1
329,26,737,391,0,11,1
329,28,9,155,0,-105,1
329,31,352,111,0,-234,1
329,32,298,140,0,73,1
329,36,590,335,0,-198,1
329,39,304,377,0,84,1
329,43,507,224,0,1,1
329,45,498,312,0,-51,1
329,46,356,220,0,-105,1
329,47,263,748,0,72,1
329,52,413,234,0,-243,1
329,53,730,508,0,-214,1
329,54,644,142,0,-117,1
329,55,557,702,0,-143,1
329,56,32,31,0,-106,1
329,63,361,11,0,-200,1
329,64,152,416,0,-212,1
329,68,90,434,0,-210,1
329,69,94,29,0,-184,1
329,72,74,390,0,86,1
329,73,682,369,0,-31,1
329,74,502,132,0,-217,0
329,75,9,697,0,51,0
329,77,228,285,0,55,1
329,78,79,582,0,-145,1
329,84,165,438,0,17,1
329,85,45,716,0,44,0
329,86,292,431,0,-135,1
329,87,682,424,0,-114,1
329,88,673,125,0,-127,1
329,89,470,267,0,87,1
329,90,679,717,0,-49,1
329,91,279,26,0,-222,1
329,92,11,54,0,-74,1
329,93,293,182,0,76,1
329,94,741,92,0,-164,1
329,95,508,224,0,-4,1
330,0,89,127,0,25,0
330,1,39,25,0,-223,0
330,2,397,114,0,-24,0
330,3,282,339,0,-248,0
330,4,687,673,0,-162,0
330,5,195,135,0,-251,0
330,6,128,297,0,-85,0
330,7,324,433,0,-3,0
330,8,10,308,0,81,0
330,9,390,11,0,-65,0
330,10,205,296,0,7,0
330,11,130,259,0,-98,0
330,12,363,34,0,-11,0
330,13,100,49,0,-166,0
330,14,192,270,0,-236,0
330,15,-2,72,0,-226,0
330,16,325,469,0,26,0
330,17,537,16,0,30,0
330,18,195,350,0,17,0
330,19,17,194,0,-121,0
330,23,694,726,0,67,1
330,26,736,388,0,11,1
330,28,12,156,0,-105,1
330,31,349,113,0,-234,1
330,32,295,139,0,73,1
330,36,589,338,0,-198,1
330,39,301,377,0,84,1
330,43,507,221,0,1,1
330,45,501,311,0,-76,1
330,46,359,221,0,-105,1
330,47,260,748,0,-264,1
330,52,410,236,0,-243,1
330,53,728,511,0,-207,1
330,54,647,143,0,-108,1
330,55,559,704,0,-143,1
330,63,360,13,0,-214,1
330,64,150,419,0,-212,1
330,68,89,436,0,-210,1
330,69,94,32,0,-184,1
330,72,71,390,0,90,1
330,73,684,366,0,-31,1
330,74,501,134,0,-217,0
330,75,7,695,0,51,0
330,77,226,284,0,55,1
330,78,81,584,0,-145,1
330,84,164,435,0,17,1
330,85,45,716,0,44,0
330,86,294,433,0,-135,1
330,87,685,425,0,-114,1
330,88,675,127,0,-127,1
330,89,467,267,0,87,1
330,90,681,715,0,-49,1
330,91,277,29,0,-222,1
330,92,14,53,0,-74,1
330,93,290,181,0,76,1
330,94,742,95,0,-164,1
330,95,508,221,0,-4,1
331,0,87,125,0,25,0
331,1,37,27,0,-223,0
331,2,398,111,0,-24,0
331,3,279,340,0,-248,0
331,4,688,676,0,-162,0
331,5,192,136,0,-251,0
331,6,131,296,0,-65,0
331,7,325,430,0,-3,0
331,8,7,308,0,81,0
331,9,393,9,0,-65,0
331,10,204,293,0,7,0
331,11,133,260,0,-98,0
331,12,363,31,0,-11,0
331,13,100,52,0,-166,0
331,14,192,270,0,-236,0
331,15,747,73,0,-243,0
331,16,324,466,0,9,0
331,17,536,14,0,30,0
331,18,194,347,0,17,0
331,19,19,195,0,-121,0
331,23,691,725,0,67,1
331,26,736,385,0,11,1
331,28,14,157,0,-105,1
331,31,347,115,0,-234,1
331,32,292,138,0,73,1
331,36,588,341,0,-198,1
331,39,298,376,0,84,1
331,43,507,218,0,1,1
331,45,504,310,0,-76,1
331,46,362,222,0,-105,1
331,47,257,749,0,-264,1
331,52,407,237,0,-243,1
331,53,727,514,0,-207,1
331,54,650,144,0,-108,1
331,55,560,706,0,-143,1
331,63,358,16,0,-213,1
331,64,149,421,0,-212,1
331,68,86,438,0,-231,1
331,69,93,35,0,-184,1
331,72,68,390,0,90,1
331,73,685,364,0,-31,1
331,74,499,136,0,-217,0
331,75,4,693,0,51,0
331,77,223,282,0,55,1
331,78,83,586,0,-131,1
331,84,163,432,0,17,1
331,85,45,716,0,44,0
331,86,296,435,0,-135,1
331,87,688,426,0,-114,1
331,88,677,129,0,-127,1
331,89,464,268,0,-244,1
331,90,683,713,0,-49,1
331,91,275,31,0,-222,1
331,92,17,53,0,-93,1
331,93,287,181,0,76,1
331,94,743,98,0,-148,1
331,95,509,219,0,-33,1
332,0,85,123,0,46,0
332,1,35,29,0,-223,0
332,2,399,108,0,-24,0
332,3,276,342,0,-248,0
332,4,688,679,0,-192,0
332,5,189,137,0,-251,0
332,6,134,295,0,-65,0
332,7,326,427,0,-27,0
332,8,5,306,0,58,0
332,9,396,8,0,-65,0
332,10,204,290,0,7,0
332,11,135,260,0,-98,0
332,12,364,28,0,-11,0
332,13,101,55,0,-166,0
332,14,192,270,0,-236,0
332,15,745,75,0,-243,0
332,16,324,463,0,-2,0
332,17,534,11,0,30,0
332,18,193,344,0,17,0
332,19,22,197,0,-121,0
332,23,689,724,0,67,1
332,26,735,382,0,11,1
332,28,17,157,0,-105,1
332,31,345,117,0,-213,1
332,32,290,137,0,62,1
332,36,587,344,0,-198,1
332,39,295,376,0,84,1
332,43,507,215,0,12,1
332,45,507,310,0,-76,1
332,46,365,223,0,-105,1
332,47,254,749,0,-264,1
332,52,405,238,0,-251,1
332,53,726,516,0,-207,1
332,54,653,145,0,-104,1
332,55,562,709,0,-149,1
332,63,357,18,0,-213,1
332,64,147,424,0,-212,1
332,68,85,441,0,-202,1
332,69,93,38,0,-184,1
332,72,65,390,0,90,1
332,73,687,361,0,-31,1
332,74,497,139,0,-217,0
332,75,2,691,0,51,0
332,77,221,280,0,43,1
332,78,85,588,0,-131,1
332,84,161,430,0,33,1
332,85,45,716,0,44,0
332,86,298,437,0,-135,1
332,87,691,427,0,-114,1
332,88,680,131,0,-127,1
332,89,461,270,0,-244,1
332,90,685,711,0,-49,1
332,91,273,33,0,-222,1
332,92,20,53,0,-93,1
332,93,284,180,0,76,1
332,94,745,100,0,-148,1
332,95,511,216,0,-33,1
333,0,83,121,0,46,0
333,1,33,31,0,-223,0
333,2,400,105,0,-24,0
333,3,273,343,0,-248,0
333,4,687,682,0,-192,0
333,5,186,138,0,-251,0
333,6,136,294,0,-65,0
333,7,327,425,0,-27,0
333,8,2,305,0,58,0
333,9,398,7,0,-65,0
333,10,203,287,0,7,0
333,11,138,260,0,-98,0
333,12,364,25,0,-11,0
333,13,102,58,0,-166,0
333,14,192,270,0,-236,0
333,15,742,76,0,-243,0
333,16,324,460,0,2,0
333,17,534,8,0,2,0
333,18,193,341,0,17,0
333,19,24,198,0,-121,0
333,23,686,723,0,67,1
333,26,734,379,0,11,1
333,28,20,158,0,-105,1
333,31,344,120,0,-213,1
333,32,287,135,0,62,1
333,36,586,347,0,-198,1
333,39,292,376,0,84,1
333,43,506,212,0,12,1
333,45,510,309,0,-76,1
333,46,368,223,0,-99,1
333,47,251,749,0,-264,1
333,52,402,239,0,-251,1
333,53,724,519,0,-207,1
333,54,656,145,0,-104,1
333,55,564,712,0,-149,1
333,64,146,426,0,-212,1
333,68,84,444,0,-202,1
333,69,93,41,0,-184,1
333,72,62,390,0,90,1
333,73,688,359,0,-31,1
333,74,495,141,0,-217,0
333,75,0,689,0,51,0
333,77,219,277,0,43,1
333,78,87,590,0,-131,1
333,84,159,428,0,40,1
333,85,45,716,0,44,0
333,86,301,439,0,-135,1
333,87,693,429,0,-114,1
333,88,682,132,0,-127,1
333,89,460,272,0,-217,1
333,90,688,709,0,-49,1
333,91,271,35,0,-222,1
333,92,23,54,0,-102,1
333,93,281,179,0,76,1
333,94,747,103,0,-148,1
333,95,513,214,0,-33,1
334,0,81,118,0,46,0
334,1,31,33,0,-224,0
334,2,402,103,0,-36,0
334,3,271,344,0,-248,0
334,4,686,685,0,-192,0
334,5,183,139,0,-251,0
334,6,139,292,0,-65,0
334,7,329,422,0,-27,0
334,8,-1,304,0,76,0
334,9,401,7,0,-92,0
334,10,204,284,0,-18,0
334,11,141,261,0,-98,0
334,12,364,25,0,-11,0
334,13,103,61,0,-166,0
334,14,192,270,0,-236,0
334,15,739,77,0,-243,0
334,16,323,457,0,18,0
334,17,533,5,0,19,0
334,18,192,338,0,17,0
334,19,27,200,0,-121,0
334,23,683,722,0,67,1
334,26,734,376,0,11,1
334,28,23,159,0,-105,1
334,31,342,123,0,-213,1
334,32,284,134,0,62,1
334,36,585,350,0,-198,1
334,39,289,376,0,84,1
334,43,506,209,0,4,1
334,45,513,308,0,-76,1
334,46,371,224,0,-99,1
334,47,248,750,0,-264,1
334,52,399,240,0,-251,1
334,53,723,522,0,-207,1
334,54,659,146,0,-104,1
334,55,565,714,0,-149,1
334,64,145,429,0,-191,1
334,68,83,446,0,-202,1
334,69,93,44,0,-184,1
334,72,60,389,0,62,1
334,73,690,356,0,-31,1
334,74,493,144,0,-217,0
334,75,748,687,0,51,0
334,77,218,275,0,18,1
334,78,90,592,0,-131,1
334,84,157,426,0,61,1
334,85,45,716,0,44,0
334,86,303,441,0,-124,1
334,87,696,430,0,-114,1
334,88,685,133,0,-100,1
334,89,458,274,0,-217,1
334,90,690,707,0,-49,1
334,91,269,38,0,-223,1
334,92,26,54,0,-91,1
334,93,278,178,0,76,1
334,94,748,105,0,-148,1
334,95,514,211,0,-33,1
335,0,79,116,0,46,0
335,1,29,36,0,-224,0
335,2,405,101,0,-59,0
335,3,268,345,0,-248,0
335,4,686,688,0,-192,0
335,5,181,140,0,-251,0
335,6,142,291,0,-65,0
335,7,330,419,0,-27,0
335,8,747,303,0,67,0
335,9,404,7,0,-92,0
335,10,205,281,0,-18,0
335,11,144,260,0,-70,0
335,12,365,22,0,-11,0
335,13,103,63,0,-166,0
335,14,190,272,0,-236,0
335,15,737,79,0,-243,0
335,16,322,454,0,18,0
335,17,531,3,0,41,0
335,18,192,335,0,-11,0
335,19,30,201,0,-121,0
335,23,680,720,0,67,1
335,26,735,373,0,-19,1
335,28,26,161,0,-126,1
335,31,340,125,0,-213,1
335,32,282,133,0,62,1
335,36,583,352,0,-223,1
335,39,287,374,0,55,1
335,43,506,206,0,4,1
335,45,516,308,0,-76,1
335,46,374,224,0,-99,1
335,47,245,750,0,-264,1
335,52,396,241,0,-251,1
335,53,721,524,0,-207,1
335,54,662,147,0,-104,1
335,55,567,717,0,-149,1
335,64,145,432,0,-191,1
335,68,82,449,0,-202,1
335,69,93,47,0,-184,1
335,72,57,387,0,62,1
335,73,691,354,0,-31,1
335,74,492,146,0,-217,0
335,75,745,685,0,51,0
335,77,218,272,0,18,1
335,78,92,594,0,-131,1
335,84,154,425,0,61,1
335,85,45,716,0,44,0
335,86,305,443,0,-124,1
335,87,699,431,0,-114,1
335,88,688,135,0,-127,1
335,89,456,277,0,-217,1
335,90,692,705,0,-49,1
335,91,267,40,0,-223,1
335,92,29,54,0,-91,1
335,93,275,178,0,76,1
335,94,750,108,0,-148,1
335,95,516,209,0,-33,1
336,0,77,114,0,46,0
336,1,27,38,0,-213,0
336,2,407,100,0,-59,0
336,3,265,346,0,-248,0
336,4,686,691,0,-176,0
336,5,178,140,0,-263,0
336,6,144,290,0,-65,0
336,7,331,417,0,-27,0
336,8,744,301,0,67,0
336,9,407,7,0,-92,0
336,10,206,279,0,-21,0
336,11,147,259,0,-70,0
336,12,366,19,0,-11,0
336,13,104,66,0,-166,0
336,14,187,273,0,-236,0
336,15,734,80,0,-243,0
336,16,321,451,0,18,0
336,17,529,1,0,41,0
336,18,193,332,0,-11,0
336,19,32,202,0,-101,0
336,23,677,720,0,83,1
336,26,736,370,0,-19,1
336,28,28,162,0,-123,1
336,31,339,128,0,-213,1
336,32,279,131,0,62,1
336,36,581,354,0,-223,1
336,39,284,372,0,55,1
336,43,505,203,0,4,1
336,45,519,307,0,-76,1
336,46,377,225,0,-99,1
336,47,242,750,0,-264,1
336,52,393,242,0,-251,1
336,53,720,527,0,-207,1
336,54,664,148,0,-104,1
336,55,568,719,0,-149,1
336,64,144,435,0,-191,1
336,68,81,452,0,-193,1
336,69,92,50,0,-184,1
336,72,54,386,0,62,1
336,73,693,351,0,-31,1
336,74,490,148,0,-217,0
336,75,743,683,0,47,0
336,77,217,269,0,18,1
336,78,94,596,0,-127,1
336,84,151,423,0,61,1
336,85,45,716,0,44,0
336,86,308,444,0,-124,1
336,87,701,432,0,-114,1
336,88,689,138,0,-157,1
336,89,455,280,0,-204,1
336,90,695,703,0,-49,1
336,91,266,43,0,-199,1
336,92,32,54,0,-91,1
336,93,272,177,0,76,1
336,94,751,110,0,-148,1
336,95,518,206,0,-33,1
337,0,74,112,0,46,0
337,1,26,41,0,-213,0
337,2,410,99,0,-66,0
337,3,262,347,0,-248,0
337,4,686,694,0,-176,0
337,5,175,140,0,-263,0
337,6,147,289,0,-65,0
337,7,333,414,0,-27,0
337,8,742,301,0,83,0
337,9,410,6,0,-70,0
337,10,208,276,0,-21,0
337,11,150,258,0,-70,0
337,12,366,16,0,-11,0
337,13,105,69,0,-166,0
337,14,185,275,0,-236,0
337,15,731,81,0,-243,0
337,16,321,448,0,18,0
337,17,527,-1,0,41,0
337,18,193,329,0,-11,0
337,19,35,203,0,-101,0
337,23,674,720,0,83,1
337,26,737,368,0,-19,1
337,28,31,164,0,-123,1
337,31,337,130,0,-213,1
337,32,276,130,0,62,1
337,36,579,356,0,-223,1
337,39,282,370,0,55,1
337,43,505,200,0,4,1
337,45,522,306,0,-76,1
337,46,380,225,0,-99,1
337,47,239,0,0,-264,1
337,52,390,243,0,-251,1
337,53,720,530,0,-181,1
337,54,667,148,0,-104,1
337,55,570,722,0,-149,1
337,64,143,438,0,-203,1
337,68,81,455,0,-184,1
337,69,92,53,0,-184,1
337,72,52,385,0,62,1
337,73,695,348,0,-31,1
337,74,488,151,0,-217,0
337,75,741,681,0,47,0
337,77,216,266,0,18,1
337,78,97,598,0,-127,1
337,84,149,422,0,61,1
337,85,45,716,0,44,0
337,86,310,446,0,-124,1
337,87,704,433,0,-114,1
337,88,690,140,0,-157,1
337,89,453,282,0,-204,1
337,90,697,702,0,-65,1
337,91,265,45,0,-199,1
337,92,35,54,0,-91,1
337,93,269,176,0,76,1
337,94,2,113,0,-148,1
337,95,519,203,0,-23,1
338,0,72,110,0,46,0
338,1,24,43,0,-213,0
338,2,413,97,0,-66,0
338,3,260,348,0,-248,0
338,4,687,697,0,-176,0
338,5,172,141,0,-263,0
338,6,150,287,0,-65,0
338,7,334,411,0,-27,0
338,8,739,302,0,-258,0
338,9,413,5,0,-64,0
338,10,209,273,0,-26,0
338,11,153,257,0,-70,0
338,12,367,13,0,-11,0
338,13,106,72,0,-159,0
338,14,182,277,0,-236,0
338,15,729,83,0,-243,0
338,16,320,445,0,18,0
338,17,525,748,0,41,0
338,18,194,326,0,-11,0
338,19,38,203,0,-101,0
338,23,671,719,0,83,1
338,26,738,365,0,-19,1
338,28,34,165,0,-103,1
338,31,336,133,0,-213,1
338,32,273,129,0,80,1
338,36,577,358,0,-223,1
338,39,279,369,0,55,1
338,43,505,197,0,4,1
338,45,525,305,0,-76,1
338,46,383,226,0,-99,1
338,47,236,1,0,-264,1
338,52,388,244,0,-251,1
338,53,720,533,0,-181,1
338,54,670,149,0,-104,1
338,55,571,724,0,-149,1
338,64,142,440,0,-203,1
338,68,81,458,0,-184,1
338,69,92,56,0,-184,1
338,72,49,383,0,62,1
338,73,696,346,0,-31,1
338,74,487,154,0,-191,0
338,75,739,679,0,47,0
338,77,215,263,0,18,1
338,78,99,600,0,-137,1
338,84,146,420,0,61,1
338,85,45,716,0,44,0
338,86,313,448,0,-124,1
338,87,707,434,0,-102,1
338,88,691,143,0,-157,1
338,89,452,285,0,-204,1
338,90,700,701,0,-65,1
338,91,264,48,0,-206,1
338,92,38,56,0,-118,1
338,93,266,176,0,76,1
338,94,3,115,0,-148,1
338,95,520,201,0,-32,1
339,0,70,108,0,46,0
339,1,22,46,0,-213,0
339,2,415,96,0,-66,0
339,3,257,349,0,-248,0
339,4,687,700,0,-176,0
339,5,169,142,0,-248,0
339,6,153,286,0,-65,0
339,7,336,409,0,-38,0
339,8,736,302,0,-258,0
339,9,416,5,0,-91,0
339,10,210,270,0,-26,0
339,11,156,256,0,-74,0
339,12,367,10,0,-11,0
339,13,105,75,0,-188,0
339,14,179,278,0,-244,0
339,15,726,84,0,-243,0
339,16,319,442,0,18,0
339,17,523,745,0,41,0
339,18,195,323,0,-11,0
339,19,41,204,0,-101,0
339,23,668,719,0,83,1
339,26,739,362,0,-33,1
339,28,36,165,0,-103,1
339,31,334,135,0,-213,1
339,32,270,129,0,80,1
339,36,574,359,0,-246,1
339,39,277,367,0,55,1
339,43,505,194,0,4,1
339,45,527,305,0,-76,1
339,46,386,226,0,-99,1
339,47,233,1,0,-264,1
339,52,385,245,0,-251,1
339,53,720,536,0,-181,1
339,54,673,150,0,-104,1
339,55,573,727,0,-149,1
339,64,140,443,0,-203,1
339,68,80,461,0,-184,1
339,69,92,59,0,-184,1
339,72,47,381,0,54,1
339,73,698,343,0,-31,1
339,74,487,157,0,-191,0
339,75,737,677,0,47,0
339,77,214,260,0,18,1
339,78,101,602,0,-137,1
339,84,144,419,0,61,1
339,85,45,716,0,44,0
339,86,315,450,0,-138,1
339,87,710,435,0,-102,1
339,88,692,146,0,-157,1
339,89,451,288,0,-204,1
339,90,703,700,0,-65,1
339,91,262,51,0,-206,1
339,92,40,57,0,-118,1
339,93,263,175,0,76,1
339,94,5,118,0,-148,1
339,95,522,198,0,-32,1
340,0,68,106,0,46,0
340,1,21,48,0,-213,0
340,2,418,94,0,-51,0
340,3,254,351,0,-248,0
340,4,687,703,0,-176,0
340,5,166,143,0,-248,0
340,6,155,285,0,-65,0
340,7,338,407,0,-38,0
340,8,733,303,0,-258,0
340,9,419,5,0,-91,0
340,10,212,268,0,-44,0
340,11,159,255,0,-74,0
340,12,368,7,0,-11,0
340,13,105,78,0,-180,0
340,14,177,279,0,-243,0
340,15,723,86,0,-243,0
340,16,318,440,0,18,0
340,17,522,743,0,21,0
340,18,195,321,0,-11,0
340,19,44,204,0,-101,0
340,23,665,718,0,83,1
340,26,741,360,0,-33,1
340,28,39,166,0,-103,1
340,31,332,138,0,-213,1
340,32,267,128,0,80,1
340,36,572,361,0,-246,1
340,39,274,365,0,55,1
340,43,505,191,0,4,1
340,45,530,304,0,-76,1
340,46,389,226,0,-99,1
340,47,230,1,0,-264,1
340,52,382,246,0,-251,1
340,53,720,539,0,-181,1
340,54,676,150,0,-104,1
340,55,574,730,0,-149,1
340,64,139,446,0,-203,1
340,68,80,464,0,-184,1
340,69,92,62,0,-184,1
340,72,44,380,0,54,1
340,73,699,341,0,-31,1
340,74,486,160,0,-191,0
340,75,734,675,0,47,0
340,78,102,605,0,-154,1
340,84,141,419,0,90,1
340,85,45,716,0,44,0
340,86,317,452,0,-138,1
340,87,713,435,0,-102,1
340,88,693,149,0,-157,1
340,89,450,291,0,-204,1
340,90,705,698,0,-65,1
340,91,261,54,0,-206,1
340,92,43,57,0,-97,1
340,93,261,174,0,76,1
340,94,6,120,0,-148,1
340,95,524,196,0,-32,1
341,0,66,104,0,46,0
341,1,19,51,0,-213,0
341,2,420,92,0,-51,0
341,3,251,352,0,-248,0
341,4,687,706,0,-176,0
341,5,163,144,0,-248,0
341,6,158,284,0,-65,0
341,7,340,404,0,-38,0
341,8,730,303,0,-258,0
341,9,422,5,0,-91,0
341,10,214,266,0,-44,0
341,11,161,254,0,-74,0
341,12,368,4,0,-11,0
341,13,107,81,0,-156,0
341,14,174,281,0,-243,0
341,15,721,87,0,-247,0
341,16,317,437,0,18,0
341,17,521,740,0,21,0
341,18,195,318,0,-1,0
341,19,47,205,0,-101,0
341,23,663,718,0,83,1
341,26,742,357,0,-29,1
341,28,42,167,0,-103,1
341,31,331,140,0,-213,1
341,32,264,128,0,80,1
341,36,569,362,0,-246,1
341,39,272,364,0,55,1
341,43,505,188,0,-16,1
341,45,533,303,0,-76,1
341,46,392,227,0,-99,1
341,47,227,1,0,77,1
341,52,379,247,0,-249,1
341,53,720,542,0,-181,1
341,54,679,151,0,-104,1
341,55,577,731,0,-119,1
341,64,138,449,0,-203,1
341,68,80,467,0,-184,1
341,69,91,65,0,-184,1
341,72,42,378,0,54,1
341,73,701,338,0,-31,1
341,74,486,163,0,-191,0
341,75,732,673,0,47,0
341,78,103,607,0,-154,1
341,84,138,419,0,90,1
341,85,45,716,0,44,0
341,86,319,454,0,-138,1
341,87,716,436,0,-102,1
341,88,695,151,0,-157,1
341,89,449,293,0,-204,1
341,90,708,697,0,-50,1
341,91,260,56,0,-206,1
341,92,46,57,0,-91,1
341,93,258,174,0,76,1
341,94,7,123,0,-158,1
341,95,525,193,0,-32,1
342,0,64,102,0,46,0
342,1,17,53,0,-213,0
342,2,422,90,0,-51,0
342,3,248,353,0,-248,0
342,4,687,709,0,-176,0
342,5,161,146,0,-233,0
342,6,161,282,0,-65,0
342,7,342,402,0,-38,0
342,8,727,304,0,-258,0
342,9,425,5,0,-91,0
342,10,216,264,0,-44,0
342,11,164,254,0,-74,0
342,12,369,2,0,-11,0
342,13,109,83,0,-135,0
342,14,171,282,0,-243,0
342,15,718,89,0,-231,0
342,16,316,434,0,18,0
342,17,520,737,0,21,0
342,18,195,315,0,-1,0
342,19,50,206,0,-101,0
342,23,660,718,0,83,1
342,26,744,354,0,-29,1
342,28,45,169,0,-127,1
342,31,329,143,0,-213,1
342,32,262,127,0,80,1
342,36,566,363,0,-246,1
342,39,269,362,0,55,1
342,43,506,186,0,-16,1
342,45,536,302,0,-76,1
342,46,395,227,0,-99,1
342,47,224,0,0,77,1
342,52,376,248,0,-249,1
342,53,720,545,0,-181,1
342,54,682,152,0,-104,1
342,55,580,733,0,-119,1
342,64,137,451,0,-203,1
342,68,80,470,0,-184,1
342,69,90,68,0,-203,1
342,72,39,376,0,54,1
342,73,702,336,0,-31,1
342,74,485,165,0,-191,0
342,75,730,671,0,47,0
342,78,105,610,0,-154,1
342,84,135,419,0,90,1
342,85,45,716,0,44,0
342,86,321,457,0,-138,1
342,87,719,437,0,-102,1
342,88,696,154,0,-157,1
342,89,447,296,0,-204,1
342,90,710,694,0,-42,1
342,91,258,59,0,-206,1
342,92,49,57,0,-91,1
342,93,255,174,0,-255,1
342,94,9,126,0,-158,1
342,95,527,191,0,-32,1
343,0,62,100,0,46,0
343,1,16,56,0,-213,0
343,2,425,88,0,-51,0
343,3,246,354,0,-248,0
343,4,688,712,0,-176,0
343,5,158,148,0,-233,0
343,6,163,281,0,-65,0
343,7,344,400,0,-60,0
343,8,724,305,0,-258,0
343,9,428,4,0,-72,0
343,10,219,263,0,-71,0
343,11,167,253,0,-79,0
343,12,370,-1,0,-27,0
343,13,111,85,0,-135,0
343,14,169,283,0,-243,0
343,15,716,91,0,-231,0
343,16,315,431,0,18,0
343,17,519,734,0,21,0
343,18,195,312,0,-1,0
343,19,53,207,0,-125,0
343,23,657,717,0,83,1
343,26,745,352,0,-29,1
343,28,47,170,0,-127,1
343,31,327,145,0,-213,1
343,32,259,127,0,79,1
343,36,563,364,0,-246,1
343,39,267,360,0,55,1
343,43,507,183,0,-16,1
343,45,539,302,0,-76,1
343,46,398,228,0,-99,1
343,47,222,749,0,77,1
343,52,373,249,0,-249,1
343,53,720,548,0,-181,1
343,54,685,153,0,-104,1
343,55,582,734,0,-119,1
343,64,136,454,0,-203,1
343,68,79,473,0,-201,1
343,69,89,71,0,-210,1
343,72,37,374,0,54,1
343,73,704,333,0,-31,1
343,74,485,168,0,-191,0
343,75,728,669,0,47,0
343,78,106,613,0,-154,1
343,84,132,419,0,90,1
343,85,43,713,0,32,0
343,86,323,459,0,-138,1
343,87,722,436,0,-86,1
343,88,697,157,0,-157,1
343,89,446,299,0,-204,1
343,90,712,693,0,-60,1
343,91,257,62,0,-206,1
343,92,52,57,0,-91,1
343,93,252,175,0,-255,1
343,94,10,129,0,-158,1
343,95,528,188,0,-32,1
344,0,59,98,0,68,0
344,1,14,58,0,-209,0
344,2,427,87,0,-51,0
344,3,243,354,0,86,0
344,4,688,715,0,-175,0
344,5,156,149,0,-250,0
344,6,166,280,0,-65,0
344,7,346,398,0,-44,0
344,8,721,305,0,-258,0
344,9,431,4,0,-93,0
344,10,222,262,0,-71,0
344,11,170,253,0,-79,0
344,12,372,747,0,-27,0
344,13,113,87,0,-135,0
344,14,166,285,0,-243,0
344,15,714,92,0,-231,0
344,16,314,428,0,18,0
344,17,517,732,0,37,0
344,18,195,309,0,-1,0
344,19,55,209,0,-125,0
344,23,654,717,0,83,1
344,26,747,349,0,-29,1
344,28,50,171,0,-109,1
344,31,326,148,0,-213,1
344,32,256,126,0,85,1
344,36,561,366,0,-246,1
344,39,265,359,0,55,1
344,43,508,180,0,-16,1
344,45,542,301,0,-76,1
344,46,401,228,0,-99,1
344,47,219,749,0,75,1
344,52,371,250,0,-249,1
344,53,720,551,0,-181,1
344,54,688,153,0,-104,1
344,55,585,735,0,-119,1
344,64,134,457,0,-203,1
344,68,78,476,0,-201,1
344,69,87,73,0,-210,1
344,72,34,374,0,79,1
344,73,705,330,0,-14,1
344,74,484,171,0,-191,0
344,75,726,667,0,47,0
344,78,107,615,0,-154,1
344,84,129,419,0,90,1
344,85,42,711,0,32,0
344,86,325,461,0,-138,1
344,87,725,435,0,-69,1
344,88,698,160,0,-157,1
344,89,445,302,0,-204,1
344,90,715,693,0,-87,1
344,91,256,64,0,-206,1
344,92,55,57,0,-91,1
344,93,249,174,0,78,1
344,94,11,132,0,-158,1
344,95,530,186,0,-32,1
345,0,56,97,0,68,0
345,1,13,61,0,-209,0
345,2,429,84,0,-43,0
345,3,240,353,0,78,0
345,4,688,718,0,-175,0
345,5,153,151,0,-228,0
345,6,169,279,0,-65,0
345,7,348,396,0,-43,0
345,8,718,306,0,-258,0
345,9,434,5,0,-93,0
345,10,225,261,0,-71,0
345,11,173,251,0,-67,0
345,12,373,745,0,-27,0
345,13,115,89,0,-135,0
345,14,163,286,0,-243,0
345,15,712,95,0,-213,0
345,16,313,425,0,18,0
345,17,515,730,0,43,0
345,18,196,306,0,-1,0
345,19,57,211,0,-125,0
345,23,651,717,0,83,1
345,26,748,347,0,-29,1
345,28,53,171,0,-86,1
345,31,324,150,0,-213,1
345,32,253,126,0,85,1
345,36,558,367,0,-246,1
345,39,262,357,0,55,1
345,43,509,177,0,-16,1
345,45,545,301,0,-91,1
345,46,404,229,0,-99,1
345,47,216,748,0,75,1
345,52,368,251,0,-249,1
345,53,720,554,0,-181,1
345,54,691,154,0,-104,1
345,55,587,738,0,-134,1
345,64,133,460,0,-203,1
345,68,77,479,0,-201,1
345,69,85,75,0,-223,1
345,72,31,373,0,79,1
345,73,705,327,0,-14,1
345,74,484,174,0,-191,0
345,75,723,665,0,47,0
345,78,109,618,0,-154,1
345,84,126,419,0,90,1
345,85,40,708,0,41,0
345,86,327,463,0,-138,1
345,87,727,434,0,-69,1
345,88,699,162,0,-157,1
345,89,444,304,0,-204,1
345,90,718,692,0,-87,1
345,91,255,67,0,-206,1
345,92,58,58,0,-91,1
345,93,246,174,0,78,1
345,94,12,134,0,-158,1
345,95,532,183,0,-32,1
346,0,53,96,0,68,0
346,1,11,64,0,-209,0
346,2,430,82,0,-14,0
346,3,237,353,0,78,0
346,4,688,721,0,-175,0
346,5,151,153,0,-228,0
346,6,172,277,0,-65,0
346,7,350,394,0,-43,0
346,8,715,306,0,-258,0
346,9,437,5,0,-93,0
346,10,228,260,0,-71,0
346,11,176,250,0,-67,0
346,12,374,742,0,-27,0
346,13,117,91,0,-135,0
346,14,161,287,0,-243,0
346,15,710,97,0,-213,0
346,16,311,423,0,40,0
346,17,513,727,0,40,0
346,18,196,303,0,-1,0
346,19,60,213,0,-125,0
346,23,648,716,0,83,1
346,26,750,344,0,-29,1
346,28,56,171,0,-77,1
346,31,323,153,0,-213,1
346,32,250,126,0,85,1
346,36,555,368,0,-246,1
346,39,260,355,0,55,1
346,43,509,174,0,-1,1
346,45,548,301,0,-91,1
346,46,407,229,0,-90,1
346,47,214,746,0,48,1
346,52,365,252,0,-249,1
346,53,719,557,0,-181,1
346,54,694,155,0,-104,1
346,55,589,740,0,-134,1
346,64,131,462,0,-229,1
346,68,76,481,0,-201,1
346,69,83,78,0,-223,1
346,72,28,373,0,79,1
346,73,706,324,0,-14,1
346,74,484,177,0,-171,0
346,75,721,664,0,69,0
346,78,110,621,0,-154,1
346,84,123,419,0,90,1
346,85,38,706,0,32,0
346,86,329,466,0,-142,1
346,87,730,433,0,-69,1
346,88,700,165,0,-157,1
346,89,443,307,0,-204,1
346,90,721,692,0,-85,1
346,91,253,70,0,-206,1
346,92,61,58,0,-91,1
346,93,243,173,0,78,1
346,94,13,137,0,-158,1
346,95,532,180,0,-9,1
347,0,50,95,0,68,0
347,1,10,66,0,-209,0
347,2,431,79,0,-14,0
347,3,234,352,0,78,0
347,4,690,724,0,-158,0
347,5,149,154,0,-244,0
347,6,174,276,0,-65,0
347,7,353,392,0,-57,0
347,8,712,307,0,-258,0
347,9,440,5,0,-100,0
347,10,231,259,0,-71,0
347,11,178,249,0,-67,0
347,12,376,739,0,-27,0
347,13,119,94,0,-135,0
347,14,158,289,0,-248,0
347,15,709,100,0,-213,0
347,16,309,421,0,57,0
347,17,511,725,0,40,0
347,18,197,300,0,-24,0
347,19,62,214,0,-130,0
347,23,645,716,0,83,1
347,26,751,341,0,-29,1
347,28,59,170,0,-77,1
347,31,321,155,0,-213,1
347,32,247,126,0,85,1
347,36,553,370,0,-239,1
347,39,257,353,0,51,1
347,43,509,171,0,-1,1
347,45,551,301,0,-91,1
347,46,410,229,0,-90,1
347,47,211,744,0,48,1
347,52,362,253,0,-249,1
347,53,719,560,0,-181,1
347,54,696,155,0,-104,1
347,55,591,742,0,-134,1
347,64,129,464,0,-229,1
347,68,75,484,0,-201,1
347,69,81,80,0,-223,1
347,72,25,372,0,79,1
347,73,707,321,0,-14,1
347,74,484,180,0,-173,0
347,75,718,663,0,69,0
347,78,110,624,0,-176,1
347,84,120,419,0,90,1
347,85,37,703,0,31,0
347,86,331,468,0,-142,1
347,87,733,432,0,-71,1
347,88,702,168,0,-146,1
347,89,441,310,0,-204,1
347,90,724,692,0,-85,1
347,91,252,72,0,-206,1
347,92,64,58,0,-91,1
347,93,240,173,0,78,1
347,94,14,140,0,-158,1
347,95,533,177,0,-9,1
348,0,48,94,0,61,0
348,1,8,69,0,-213,0
348,2,431,76,0,-14,0
348,3,231,351,0,78,0
348,4,691,726,0,-158,0
348,5,146,155,0,-244,0
348,6,177,275,0,-65,0
348,7,355,391,0,-58,0
348,8,709,308,0,-258,0
348,9,443,6,0,-100,0
348,10,233,258,0,-61,0
348,11,181,248,0,-67,0
348,12,376,736,0,-11,0
348,13,122,96,0,-135,0
348,14,155,290,0,-248,0
348,15,708,103,0,-188,0
348,16,306,420,0,57,0
348,17,510,723,0,40,0
348,18,198,297,0,-24,0
348,19,64,216,0,-130,0
348,23,642,715,0,83,1
348,26,1,339,0,-29,1
348,28,62,169,0,-77,1
348,31,319,158,0,-213,1
348,32,244,125,0,85,1
348,36,550,371,0,-239,1
348,39,255,351,0,51,1
348,43,509,168,0,-1,1
348,45,554,301,0,-91,1
348,46,413,229,0,-90,1
348,47,209,742,0,57,1
348,52,359,254,0,-247,1
348,53,719,563,0,-190,1
348,54,699,156,0,-109,1
348,55,594,744,0,-134,1
348,64,126,466,0,-229,1
348,68,73,486,0,-222,1
348,69,79,82,0,-223,1
348,72,22,371,0,79,1
348,73,708,319,0,-14,1
348,74,485,183,0,-173,0
348,75,715,661,0,69,0
348,78,110,627,0,-176,1
348,84,117,419,0,90,1
348,85,35,701,0,31,0
348,86,332,470,0,-142,1
348,87,736,431,0,-71,1
348,88,704,170,0,-146,1
348,89,442,313,0,-175,1
348,90,727,692,0,-85,1
348,91,251,75,0,-206,1
348,92,67,58,0,-91,1
348,93,237,172,0,78,1
348,94,15,143,0,-164,1
348,95,533,174,0,-9,1
349,0,45,92,0,61,0
349,1,7,71,0,-213,0
349,2,431,73,0,13,0
349,3,228,351,0,75,0
349,4,692,729,0,-158,0
349,5,143,157,0,-244,0
349,6,180,274,0,-65,0
349,7,358,389,0,-58,0
349,8,706,308,0,-258,0
349,9,446,6,0,-100,0
349,10,235,255,0,-41,0
349,11,184,247,0,-67,0
349,12,377,733,0,-11,0
349,13,124,97,0,-115,0
349,14,152,291,0,-248,0
349,15,708,106,0,-188,0
349,16,304,418,0,57,0
349,17,508,720,0,40,0
349,18,199,294,0,-19,0
349,19,67,218,0,-130,0
349,23,639,715,0,83,1
349,26,3,336,0,-29,1
349,28,65,169,0,-77,1
349,31,318,160,0,-213,1
349,32,241,126,0,-252,1
349,36,547,373,0,-239,1
349,39,253,350,0,51,1
349,43,509,165,0,-1,1
349,45,557,301,0,-91,1
349,46,416,229,0,-103,1
349,47,206,740,0,57,1
349,52,357,256,0,-247,1
349,53,718,566,0,-190,1
349,54,702,157,0,-109,1
349,55,596,746,0,-134,1
349,64,124,468,0,-229,1
349,68,70,489,0,-222,1
349,69,77,84,0,-223,1
349,72,19,371,0,88,1
349,73,708,316,0,-14,1
349,74,485,186,0,-173,0
349,75,712,660,0,69,0
349,78,111,630,0,-176,1
349,84,114,418,0,69,1
349,85,34,698,0,31,0
349,86,334,473,0,-142,1
349,87,738,430,0,-58,1
349,88,706,172,0,-127,1
349,89,442,316,0,-175,1
349,90,730,691,0,-85,1
349,91,249,78,0,-206,1
349,92,70,58,0,-91,1
349,93,234,171,0,78,1
349,94,16,146,0,-164,1
349,95,534,171,0,-9,1
350,0,43,91,0,61,0
350,1,5,74,0,-213,0
350,2,430,70,0,13,0
350,3,225,350,0,75,0
350,4,693,732,0,-158,0
350,5,140,158,0,-244,0
350,6,183,272,0,-65,0
350,7,361,387,0,-58,0
350,8,703,309,0,-247,0
350,9,449,7,0,-100,0
350,10,237,253,0,-41,0
350,11,187,246,0,-67,0
350,12,378,731,0,-11,0
350,13,127,98,0,-115,0
350,14,150,292,0,-248,0
350,15,708,109,0,-188,0
350,16,302,415,0,32,0
350,17,506,718,0,40,0
350,18,200,291,0,-19,0
350,19,69,220,0,-130,0
350,23,636,715,0,83,1
350,26,4,334,0,-29,1
350,28,68,168,0,-77,1
350,31,316,163,0,-213,1
350,32,238,127,0,-252,1
350,36,545,374,0,-239,1
350,39,250,348,0,51,1
350,43,509,162,0,-1,1
350,45,560,301,0,-91,1
350,46,419,230,0,-103,1
350,47,204,739,0,57,1
350,52,355,258,0,-228,1
350,53,718,569,0,-190,1
350,54,705,159,0,-127,1
350,55,598,747,0,-112,1
350,64,122,470,0,-229,1
350,68,68,491,0,-222,1
350,69,75,86,0,-223,1
350,72,16,371,0,88,1
350,73,709,313,0,-14,1
350,74,486,189,0,-170,0
350,75,709,659,0,69,0
350,78,111,633,0,-176,1
350,84,111,417,0,69,1
350,85,32,695,0,31,0
350,86,336,475,0,-142,1
350,87,741,428,0,-58,1
350,88,709,174,0,-127,1
350,89,443,319,0,-166,1
350,90,733,691,0,-85,1
350,91,248,81,0,-206,1
350,92,73,59,0,-107,1
350,93,231,171,0,78,1
350,94,15,149,0,-187,1
350,95,534,168,0,-9,1
351,0,40,89,0,61,0
351,1,3,76,0,-213,0
351,2,429,67,0,13,0
351,3,222,349,0,75,0
351,4,694,735,0,-165,0
351,5,138,159,0,-244,0
351,6,185,271,0,-65,0
351,7,363,386,0,-58,0
351,8,701,311,0,-247,0
351,9,452,7,0,-100,0
351,10,239,251,0,-41,0
351,11,190,244,0,-67,0
351,12,378,728,0,-11,0
351,13,130,99,0,-115,0
351,14,147,292,0,84,0
351,15,707,112,0,-188,0
351,16,301,413,0,32,0
351,17,504,716,0,40,0
351,18,201,289,0,-19,0
351,19,71,222,0,-136,0
351,23,633,714,0,83,1
351,26,6,331,0,-29,1
351,28,70,167,0,-77,1
351,31,314,165,0,-224,1
351,32,235,128,0,-252,1
351,36,542,376,0,-239,1
351,39,248,346,0,51,1
351,43,509,159,0,-1,1
351,45,563,301,0,-91,1
351,46,421,231,0,-103,1
351,47,202,736,0,30,1
351,52,352,260,0,-228,1
351,53,717,572,0,-190,1
351,54,707,161,0,-127,1
351,55,601,748,0,-113,1
351,64,120,472,0,-229,1
351,68,66,493,0,-222,1
351,69,73,89,0,-223,1
351,72,14,370,0,59,1
351,74,486,192,0,-170,0
351,75,707,658,0,69,0
351,78,111,636,0,-176,1
351,84,108,415,0,69,1
351,85,30,693,0,31,0
351,86,338,477,0,-142,1
351,87,744,426,0,-58,1
351,88,711,175,0,-114,1
351,89,444,321,0,-152,1
351,90,736,691,0,-85,1
351,91,247,83,0,-206,1
351,92,76,59,0,-107,1
351,93,228,170,0,71,1
351,94,15,152,0,-187,1
351,95,535,165,0,-9,1
352,0,37,88,0,61,0
352,1,2,79,0,-213,0
352,2,429,64,0,13,0
352,3,219,348,0,75,0
352,4,694,738,0,-165,0
352,5,135,161,0,-244,0
352,6,188,270,0,-65,0
352,7,366,385,0,-68,0
352,8,698,312,0,-247,0
352,9,454,8,0,-100,0
352,10,241,249,0,-41,0
352,11,192,243,0,-67,0
352,12,378,725,0,-2,0
352,13,132,101,0,-115,0
352,14,144,291,0,84,0
352,15,707,115,0,-188,0
352,16,299,410,0,32,0
352,17,503,713,0,11,0
352,18,202,286,0,-19,0
352,19,73,225,0,-136,0
352,23,630,714,0,83,1
352,26,7,328,0,-29,1
352,28,73,167,0,-77,1
352,31,313,168,0,-205,1
352,32,232,129,0,-252,1
352,36,540,378,0,-224,1
352,39,246,344,0,51,1
352,43,509,156,0,-1,1
352,45,566,302,0,-110,1
352,46,424,231,0,-103,1
352,47,201,734,0,30,1
352,52,350,262,0,-228,1
352,53,717,575,0,-190,1
352,54,709,164,0,-149,1
352,55,604,749,0,-113,1
352,64,117,474,0,-229,1
352,68,64,495,0,-222,1
352,69,72,91,0,-203,1
352,72,11,368,0,60,1
352,74,487,195,0,-170,0
352,75,704,657,0,69,0
352,78,111,639,0,-176,1
352,84,105,414,0,69,1
352,85,29,690,0,31,0
352,86,340,480,0,-142,1
352,87,746,425,0,-58,1
352,88,714,176,0,-114,1
352,89,445,324,0,-152,1
352,90,739,690,0,-67,1
352,91,245,86,0,-206,1
352,92,79,60,0,-107,1
352,93,226,169,0,71,1
352,94,14,155,0,-193,1
352,95,534,162,0,5,1
353,0,35,86,0,61,0
353,1,1,82,0,-187,0
353,2,428,61,0,13,0
353,3,216,347,0,75,0
353,4,695,741,0,-165,0
353,5,132,161,0,-256,0
353,6,191,268,0,-65,0
353,7,369,384,0,-68,0
353,8,695,313,0,-243,0
353,9,457,8,0,-100,0
353,10,244,248,0,-67,0
353,11,195,242,0,-67,0
353,12,378,722,0,-2,0
353,13,135,102,0,-115,0
353,14,141,291,0,84,0
353,15,706,118,0,-188,0
353,16,298,408,0,32,0
353,17,503,710,0,11,0
353,18,203,283,0,-19,0
353,19,75,227,0,-136,0
353,23,627,713,0,83,1
353,26,8,325,0,-21,1
353,28,76,166,0,-77,1
353,31,312,171,0,-205,1
353,32,229,130,0,-252,1
353,36,538,380,0,-224,1
353,39,243,342,0,51,1
353,43,510,153,0,-10,1
353,45,569,303,0,-110,1
353,46,427,232,0,-92,1
353,47,200,731,0,15,1
353,52,348,264,0,-228,1
353,53,716,578,0,-190,1
353,54,711,165,0,-129,1
353,55,607,751,0,-113,1
353,64,115,475,0,-248,1
353,68,64,498,0,-195,1
353,69,71,94,0,-203,1
353,72,9,366,0,49,1
353,74,487,198,0,-178,0
353,75,701,656,0,69,0
353,78,112,642,0,-176,1
353,84,103,413,0,69,1
353,85,27,688,0,31,0
353,86,342,482,0,-142,1
353,87,749,423,0,-58,1
353,88,717,178,0,-114,1
353,89,447,327,0,-152,1
353,90,742,688,0,-67,1
353,91,244,89,0,-206,1
353,92,82,61,0,-107,1
353,93,223,168,0,71,1
353,94,14,158,0,-193,1
353,95,534,159,0,5,1
354,0,32,85,0,61,0
354,1,0,84,0,-206,0
354,2,427,58,0,13,0
354,3,214,347,0,75,0
354,4,696,744,0,-165,0
354,5,129,162,0,-256,0
354,6,193,267,0,-65,0
354,7,371,382,0,-68,0
354,8,693,315,0,-243,0
354,9,460,9,0,-100,0
354,10,247,246,0,-67,0
354,11,198,242,0,-90,0
354,12,378,719,0,-2,0
354,13,138,103,0,-115,0
354,14,138,291,0,84,0
354,15,706,121,0,-188,0
354,16,296,405,0,32,0
354,17,501,707,0,34,0
354,18,204,280,0,-19,0
354,19,77,229,0,-136,0
354,23,624,713,0,83,1
354,26,9,323,0,-21,1
354,28,79,165,0,-77,1
354,31,310,173,0,-219,1
354,32,226,131,0,-252,1
354,36,536,383,0,-215,1
354,39,241,340,0,51,1
354,43,511,151,0,-36,1
354,45,571,304,0,-110,1
354,46,430,232,0,-92,1
354,47,199,728,0,15,1
354,52,346,266,0,-228,1
354,53,716,581,0,-190,1
354,54,714,167,0,-114,1
354,55,609,1,0,-113,1
354,64,112,476,0,-248,1
354,68,63,501,0,-195,1
354,69,70,97,0,-203,1
354,72,6,364,0,49,1
354,74,487,201,0,-178,0
354,75,698,655,0,69,0
354,78,112,645,0,-176,1
354,84,100,412,0,69,1
354,85,26,685,0,31,0
354,86,344,485,0,-142,1
354,87,751,422,0,-58,1
354,88,719,179,0,-117,1
354,89,448,329,0,-152,1
354,90,744,687,0,-67,1
354,91,243,91,0,-206,1
354,92,85,62,0,-107,1
354,93,220,167,0,63,1
354,94,13,160,0,-193,1
354,95,532,157,0,32,1
355,0,29,83,0,61,0
355,1,-1,87,0,-206,0
355,2,426,55,0,13,0
355,3,211,346,0,75,0
355,4,697,746,0,-165,0
355,5,126,162,0,85,0
355,6,196,268,0,-95,0
355,7,374,383,0,-98,0
355,8,690,316,0,-243,0
355,9,463,9,0,-100,0
355,10,249,245,0,-67,0
355,11,201,242,0,-90,0
355,12,378,716,0,3,0
355,13,141,105,0,-115,0
355,14,135,290,0,84,0
355,15,706,124,0,-188,0
355,16,294,403,0,51,0
355,17,499,705,0,34,0
355,18,205,277,0,-19,0
355,19,80,231,0,-136,0
355,23,621,713,0,83,1
355,26,11,320,0,-25,1
355,28,82,165,0,-77,1
355,31,308,175,0,-219,1
355,32,224,132,0,-252,1
355,36,535,385,0,-215,1
355,39,238,338,0,51,1
355,43,513,148,0,-36,1
355,45,574,306,0,-114,1
355,46,433,232,0,-92,1
355,47,198,725,0,15,1
355,52,343,268,0,-228,1
355,53,715,584,0,-190,1
355,54,716,168,0,-114,1
355,55,612,2,0,-113,1
355,64,109,477,0,-248,1
355,68,62,504,0,-195,1
355,69,68,100,0,-203,1
355,72,4,364,0,77,1
355,74,487,204,0,-178,0
355,75,695,654,0,69,0
355,78,112,648,0,-176,1
355,84,97,411,0,69,1
355,85,24,683,0,31,0
355,86,345,487,0,-157,1
355,87,3,420,0,-58,1
355,88,722,180,0,-117,1
355,89,450,332,0,-152,1
355,90,747,686,0,-67,1
355,91,242,94,0,-206,1
355,92,88,63,0,-107,1
355,93,217,165,0,63,1
355,94,12,163,0,-193,1
355,95,531,154,0,32,1
356,0,27,82,0,61,0
356,1,749,90,0,-206,0
356,2,427,52,0,-13,0
356,3,208,346,0,-269,0
356,4,697,749,0,-165,0
356,5,123,162,0,85,0
356,6,199,268,0,-95,0
356,7,377,384,0,-106,0
356,8,687,317,0,-243,0
356,9,466,10,0,-100,0
356,10,252,244,0,-67,0
356,11,204,243,0,-112,0
356,12,378,713,0,3,0
356,13,143,106,0,-115,0
356,14,132,290,0,72,0
356,15,705,127,0,-188,0
356,16,291,401,0,51,0
356,17,498,703,0,34,0
356,18,206,274,0,-19,0
356,19,82,233,0,-136,0
356,23,618,712,0,83,1
356,26,12,317,0,-25,1
356,28,85,163,0,-58,1
356,31,306,178,0,-219,1
356,32,221,133,0,-252,1
356,36,533,387,0,-215,1
356,39,236,336,0,51,1
356,43,515,146,0,-36,1
356,45,577,307,0,-114,1
356,46,436,232,0,-92,1
356,47,198,722,0,15,1
356,52,341,270,0,-228,1
356,53,715,587,0,-190,1
356,54,719,169,0,-114,1
356,55,615,4,0,-113,1
356,64,106,478,0,-248,1
356,68,61,507,0,-195,1
356,69,67,102,0,-203,1
356,72,1,363,0,77,1
356,74,487,207,0,-178,0
356,75,693,652,0,49,0
356,78,112,651,0,-176,1
356,84,94,410,0,69,1
356,85,22,681,0,52,0
356,86,346,490,0,-157,1
356,87,5,418,0,-58,1
356,88,725,182,0,-117,1
356,89,451,335,0,-152,1
356,90,750,685,0,-67,1
356,91,240,97,0,-206,1
356,92,91,64,0,-107,1
356,93,215,164,0,63,1
356,94,12,166,0,-193,1
356,95,529,152,0,32,1
357,0,24,81,0,67,0
357,1,747,92,0,-206,0
357,2,427,49,0,-6,0
357,3,205,346,0,-269,0
357,4,698,752,0,-165,0
357,5,120,161,0,85,0
357,6,202,268,0,-95,0
357,7,380,386,0,-132,0
357,8,685,319,0,-243,0
357,9,469,10,0,-95,0
357,10,255,243,0,-67,0
357,11,207,244,0,-112,0
357,12,378,710,0,3,0
357,13,146,107,0,-115,0
357,14,129,289,0,72,0
357,15,705,130,0,-188,0
357,16,289,400,0,51,0
357,17,495,700,0,47,0
357,18,207,272,0,-19,0
357,19,83,236,0,-151,0
357,23,615,712,0,83,1
357,26,14,315,0,-46,1
357,28,87,161,0,-58,1
357,31,305,180,0,-195,1
357,32,218,134,0,-252,1
357,36,531,390,0,-215,1
357,39,234,335,0,51,1
357,43,517,143,0,-36,1
357,45,580,308,0,-114,1
357,46,439,232,0,-92,1
357,47,197,719,0,15,1
357,52,339,272,0,-228,1
357,53,714,589,0,-190,1
357,54,722,170,0,-114,1
357,55,618,5,0,-113,1
357,64,104,479,0,-248,1
357,68,61,510,0,-195,1
357,69,66,105,0,-203,1
357,72,-2,362,0,77,1
357,74,487,210,0,-178,0
357,75,691,650,0,49,0
357,78,112,654,0,-176,1
357,84,91,409,0,69,1
357,85,20,679,0,52,0
357,86,347,493,0,-157,1
357,87,8,417,0,-58,1
357,88,727,183,0,-117,1
357,89,453,337,0,-140,1
357,90,3,684,0,-67,1
357,91,238,99,0,-226,1
357,92,93,65,0,-107,1
357,93,212,162,0,63,1
357,94,11,169,0,-193,1
357,95,528,149,0,32,1
358,0,22,78,0,38,0
358,1,746,95,0,-206,0
358,2,428,46,0,-6,0
358,3,202,346,0,-269,0
358,4,699,3,0,-165,0
358,5,117,161,0,85,0
358,6,205,269,0,-109,0
358,7,382,388,0,-132,0
358,8,682,320,0,-243,0
358,9,472,11,0,-103,0
358,10,258,242,0,-67,0
358,11,210,244,0,-89,0
358,12,378,707,0,3,0
358,13,149,108,0,-115,0
358,14,126,288,0,79,0
358,15,706,133,0,-160,0
358,16,287,398,0,51,0
358,17,493,698,0,47,0
358,18,208,269,0,-28,0
358,19,85,238,0,-151,0
358,23,612,712,0,83,1
358,26,16,313,0,-46,1
358,28,90,160,0,-52,1
358,31,304,183,0,-195,1
358,32,215,135,0,-252,1
358,36,529,392,0,-215,1
358,39,231,333,0,51,1
358,43,519,142,0,-65,1
358,45,583,309,0,-107,1
358,46,442,232,0,-92,1
358,47,196,716,0,15,1
358,52,337,274,0,-228,1
358,53,713,592,0,-190,1
358,54,725,172,0,-114,1
358,55,621,6,0,-113,1
358,64,101,480,0,-248,1
358,68,60,513,0,-195,1
358,69,65,108,0,-203,1
358,72,747,363,0,-262,1
358,74,487,213,0,-178,0
358,75,689,648,0,49,0
358,78,113,657,0,-176,1
358,84,88,409,0,-266,1
358,85,17,677,0,52,0
358,86,348,496,0,-157,1
358,87,10,415,0,-58,1
358,88,730,184,0,-117,1
358,89,455,339,0,-140,1
358,90,6,683,0,-67,1
358,91,236,101,0,-226,1
358,92,96,66,0,-107,1
358,93,210,161,0,54,1
358,94,10,172,0,-193,1
358,95,526,147,0,32,1
359,0,20,76,0,38,0
359,1,745,98,0,-206,0
359,2,429,43,0,-15,0
359,3,199,346,0,-269,0
359,4,700,6,0,-165,0
359,5,114,161,0,85,0
359,6,208,270,0,-109,0
359,7,384,390,0,-132,0
359,8,679,321,0,-243,0
359,9,475,12,0,-103,0
359,10,260,240,0,-67,0
359,11,213,244,0,-89,0
359,12,378,704,0,3,0
359,13,151,110,0,-115,0
359,14,123,287,0,79,0
359,15,707,135,0,-151,0
359,16,285,396,0,47,0
359,17,491,696,0,47,0
359,18,210,266,0,-28,0
359,19,86,241,0,-151,0
359,23,609,711,0,83,1
359,26,18,311,0,-46,1
359,28,92,158,0,-52,1
359,31,303,186,0,-195,1
359,32,212,135,0,-252,1
359,36,528,395,0,-215,1
359,39,229,331,0,53,1
359,43,522,141,0,-65,1
359,45,585,310,0,-107,1
359,46,445,232,0,-92,1
359,47,195,713,0,15,1
359,52,335,276,0,-228,1
359,53,713,595,0,-190,1
359,54,727,173,0,-114,1
359,55,623,6,0,-86,1
359,64,98,481,0,-248,1
359,68,61,516,0,-166,1
359,69,64,111,0,-203,1
359,72,744,363,0,-262,1
359,74,487,216,0,-178,0
359,75,686,646,0,49,0
359,78,113,660,0,-176,1
359,84,85,409,0,-266,1
359,85,15,675,0,52,0
359,86,349,498,0,-157,1
359,87,13,414,0,-56,1
359,88,733,186,0,-117,1
359,89,457,341,0,-133,1
359,91,234,103,0,-226,1
359,92,99,66,0,-107,1
359,93,208,158,0,37,1
359,94,11,175,0,-164,1
359,95,524,144,0,32,1
359,96,303,186,0,-195,1
360,0,18,74,0,38,0
360,1,743,101,0,-206,0
360,2,429,40,0,1,0
360,3,196,346,0,-269,0
360,4,700,9,0,-165,0
360,5,111,160,0,85,0
360,6,211,271,0,-109,0
360,7,386,392,0,-132,0
360,8,677,323,0,-243,0
360,9,478,12,0,-103,0
360,10,263,239,0,-67,0
360,11,216,244,0,-89,0
360,12,378,701,0,3,0
360,13,154,110,0,-97,0
360,14,120,287,0,79,0
360,15,709,138,0,-151,0
360,16,282,394,0,47,0
360,17,489,694,0,47,0
360,18,211,264,0,-28,0
360,19,87,244,0,-151,0
360,23,606,711,0,83,1
360,26,21,309,0,-46,1
360,28,94,156,0,-52,1
360,31,303,189,0,-195,1
360,32,209,136,0,-252,1
360,36,525,397,0,-231,1
360,39,227,329,0,53,1
360,43,525,140,0,-81,1
360,45,588,311,0,-107,1
360,46,448,232,0,-92,1
360,47,195,710,0,15,1
360,52,332,278,0,-228,1
360,53,712,598,0,-190,1
360,54,730,173,0,-91,1
360,55,626,5,0,-86,1
360,64,95,483,0,-248,1
360,68,61,518,0,-166,1
360,69,63,113,0,-203,1
360,72,741,364,0,-262,1
360,74,488,219,0,-178,0
360,75,684,644,0,49,0
360,78,113,663,0,-178,1
360,84,82,410,0,-269,1
360,85,15,675,0,52,0
360,86,351,501,0,-157,1
360,87,15,412,0,-56,1
360,88,736,187,0,-117,1
360,89,460,343,0,-124,1
360,91,232,105,0,-226,1
360,92,102,67,0,-107,1
360,93,206,156,0,37,1
360,94,12,178,0,-164,1
360,95,522,142,0,45,1
360,96,302,189,0,-203,1
360,97,61,518,0,-166,1
361,0,17,71,0,38,0
361,1,742,103,0,-206,0
361,2,428,37,0,1,0
361,3,193,346,0,-269,0
361,4,701,12,0,-165,0
361,5,108,160,0,85,0
361,6,214,272,0,-109,0
361,7,388,394,0,-132,0
361,8,674,324,0,-243,0
361,9,481,13,0,-103,0
361,10,265,237,0,-48,0
361,11,219,244,0,-89,0
361,12,377,698,0,14,0
361,13,157,110,0,-97,0
361,14,117,286,0,79,0
361,15,710,140,0,-151,0
361,16,280,392,0,55,0
361,17,487,692,0,47,0
361,18,213,261,0,-28,0
361,19,88,247,0,-172,0
361,23,603,710,0,83,1
361,26,23,307,0,-46,1
361,28,97,154,0,-52,1
361,31,301,191,0,-221,1
361,32,207,138,0,-233,1
361,36,523,398,0,-231,1
361,39,224,328,0,65,1
361,43,528,140,0,-81,1
361,45,591,312,0,-107,1
361,46,451,232,0,-92,1
361,47,194,708,0,15,1
361,52,330,280,0,-228,1
361,53,712,601,0,-190,1
361,54,733,173,0,-91,1
361,55,629,5,0,-86,1
361,64,92,484,0,-248,1
361,68,62,521,0,-158,1
361,69,61,116,0,-203,1
361,72,738,364,0,-262,1
361,74,488,222,0,-178,0
361,75,682,642,0,49,0
361,78,113,666,0,-178,1
361,84,79,410,0,-269,1
361,85,15,675,0,52,0
361,86,353,503,0,-141,1
361,87,18,410,0,-56,1
361,88,738,188,0,-117,1
361,89,462,345,0,-124,1
361,91,229,107,0,-236,1
361,92,105,68,0,-107,1
361,93,204,153,0,37,1
361,94,13,181,0,-164,1
361,95,520,140,0,45,1
361,96,301,192,0,-203,1
361,97,62,521,0,-166,1
362,0,16,68,0,16,0
362,1,741,106,0,-206,0
362,2,428,34,0,10,0
362,3,190,346,0,-269,0
362,4,702,15,0,-165,0
362,5,105,160,0,85,0
362,6,217,273,0,-109,0
362,7,391,396,0,-132,0
362,8,671,325,0,-243,0
362,9,484,13,0,-103,0
362,10,268,235,0,-48,0
362,11,222,244,0,-89,0
362,12,377,695,0,-5,0
362,13,160,111,0,-97,0
362,14,114,286,0,79,0
362,15,712,143,0,-151,0
362,16,277,390,0,55,0
362,17,484,690,0,47,0
362,18,214,258,0,-28,0
362,19,88,250,0,-172,0
362,23,600,710,0,83,1
362,26,24,304,0,-29,1
362,31,300,194,0,-196,1
362,32,205,140,0,-233,1
362,36,521,400,0,-231,1
362,39,221,327,0,65,1
362,43,531,139,0,-81,1
362,45,594,312,0,-104,1
362,46,454,232,0,-92,1
362,47,193,705,0,15,1
362,52,328,282,0,-228,1
362,53,711,604,0,-190,1
362,54,736,173,0,-91,1
362,55,632,5,0,-86,1
362,64,90,485,0,-248,1
362,68,64,524,0,-158,1
362,69,60,119,0,-203,1
362,72,735,364,0,-262,1
362,74,488,225,0,-178,0
362,75,680,640,0,49,0
362,78,113,669,0,-178,1
362,84,77,408,0,64,1
362,85,15,675,0,52,0
362,86,354,506,0,-141,1
362,87,20,409,0,-56,1
362,88,741,190,0,-117,1
362,89,465,346,0,-124,1
362,91,227,108,0,-236,1
362,92,108,69,0,-107,1
362,93,202,151,0,41,1
362,94,14,184,0,-164,1
362,95,518,139,0,64,1
362,96,300,194,0,-203,1
362,97,63,524,0,-166,1
363,0,15,66,0,16,0
363,1,739,109,0,-206,0
363,2,427,32,0,10,0
363,3,187,347,0,-258,0
363,4,703,17,0,-165,0
363,5,103,159,0,65,0
363,6,219,274,0,-109,0
363,7,393,398,0,-132,0
363,8,668,326,0,-265,0
363,9,487,14,0,-103,0
363,10,270,233,0,-48,0
363,11,225,244,0,-89,0
363,12,378,692,0,-11,0
363,13,163,111,0,-97,0
363,14,111,285,0,79,0
363,15,714,145,0,-121,0
363,16,274,390,0,85,0
363,17,482,688,0,47,0
363,18,215,256,0,-28,0
363,19,89,253,0,-172,0
363,23,597,709,0,75,1
363,26,26,302,0,-29,1
363,31,299,197,0,-196,1
363,32,202,142,0,-233,1
363,36,518,402,0,-231,1
363,39,218,326,0,70,1
363,43,534,139,0,-81,1
363,45,596,314,0,-131,1
363,46,457,233,0,-92,1
363,47,192,702,0,15,1
363,52,326,284,0,-228,1
363,53,711,607,0,-190,1
363,54,739,173,0,-85,1
363,55,635,5,0,-86,1
363,64,87,486,0,-248,1
363,68,65,527,0,-158,1
363,69,59,122,0,-197,1
363,72,732,365,0,-262,1
363,74,488,228,0,-178,0
363,75,677,638,0,49,0
363,78,113,672,0,-178,1
363,84,74,407,0,64,1
363,85,15,675,0,52,0
363,86,356,508,0,-141,1
363,87,23,407,0,-56,1
363,88,744,191,0,-117,1
363,89,467,348,0,-124,1
363,91,224,110,0,-237,1
363,92,111,69,0,-95,1
363,93,200,149,0,41,1
363,94,15,187,0,-164,1
363,95,515,137,0,64,1
363,96,299,197,0,-203,1
363,97,63,527,0,-180,1
364,0,14,63,0,16,0
364,1,738,111,0,-206,0
364,2,427,29,0,10,0
364,3,184,347,0,-258,0
364,4,704,20,0,-159,0
364,5,100,157,0,65,0
364,6,222,275,0,-109,0
364,7,395,400,0,-132,0
364,8,665,326,0,-265,0
364,9,490,15,0,-103,0
364,10,272,231,0,-48,0
364,11,228,244,0,-89,0
364,12,378,689,0,-11,0
364,13,166,111,0,-97,0
364,14,108,284,0,79,0
364,15,717,146,0,-121,0
364,16,271,390,0,85,0
364,17,480,686,0,47,0
364,18,217,253,0,-28,0
364,19,89,256,0,-172,0
364,23,594,709,0,75,1
364,26,27,299,0,-29,1
364,31,298,200,0,-196,1
364,32,200,144,0,-219,1
364,36,516,404,0,-231,1
364,39,216,325,0,70,1
364,43,537,138,0,-81,1
364,45,599,316,0,-131,1
364,46,460,233,0,-92,1
364,47,191,699,0,15,1
364,52,323,286,0,-228,1
364,53,710,610,0,-190,1
364,54,742,172,0,-85,1
364,55,638,5,0,-86,1
364,64,84,487,0,-248,1
364,68,66,530,0,-158,1
364,69,58,125,0,-197,1
364,72,729,365,0,-262,1
364,74,488,231,0,-178,0
364,75,675,636,0,43,0
364,78,113,675,0,-178,1
364,84,71,406,0,64,1
364,85,15,675,0,52,0
364,86,358,511,0,-147,1
364,87,24,404,0,-37,1
364,88,746,192,0,-117,1
364,89,470,350,0,-124,1
364,91,222,112,0,-237,1
364,92,114,70,0,-95,1
364,93,198,147,0,41,1
364,94,15,190,0,-165,1
364,95,512,136,0,64,1
364,96,298,200,0,-203,1
364,97,63,530,0,-169,1
364,98,359,510,0,-119,1
365,0,13,60,0,16,0
365,1,737,114,0,-206,0
365,2,426,26,0,18,0
365,3,181,348,0,-258,0
365,4,706,22,0,-134,0
365,5,97,156,0,65,0
365,6,225,277,0,-127,0
365,7,397,402,0,-132,0
365,8,662,326,0,-265,0
365,9,493,15,0,-103,0
365,10,274,229,0,-48,0
365,11,231,244,0,-89,0
365,12,379,686,0,-11,0
365,13,169,112,0,-97,0
365,14,106,284,0,79,0
365,15,719,148,0,-121,0
365,16,269,389,0,77,0
365,17,478,684,0,47,0
365,18,218,250,0,-28,0
365,19,90,259,0,-172,0
365,23,592,707,0,57,1
365,26,29,296,0,-29,1
365,31,297,203,0,-196,1
365,32,198,146,0,-219,1
365,36,514,406,0,-231,1
365,39,213,323,0,70,1
365,43,540,138,0,-81,1
365,45,601,318,0,-131,1
365,46,463,233,0,-91,1
365,47,191,696,0,15,1
365,52,321,288,0,-228,1
365,53,710,613,0,-190,1
365,54,745,172,0,-85,1
365,55,641,4,0,-86,1
365,64,81,488,0,-248,1
365,68,67,532,0,-156,1
365,69,58,128,0,-197,1
365,72,727,367,0,-242,1
365,74,488,234,0,-178,0
365,75,673,634,0,43,0
365,78,113,678,0,-178,1
365,84,69,404,0,64,1
365,85,15,675,0,52,0
365,86,358,514,0,-173,1
365,87,26,402,0,-37,1
365,88,749,194,0,-117,1
365,89,472,351,0,-124,1
365,91,219,113,0,-247,1
365,92,117,70,0,-95,1
365,93,196,144,0,41,1
365,94,16,192,0,-165,1
365,95,509,135,0,64,1
365,96,297,203,0,-182,1
365,97,65,533,0,-151,1
365,98,362,510,0,-94,1
366,0,13,57,0,16,0
366,1,735,117,0,-206,0
366,2,425,23,0,18,0
366,3,178,349,0,-258,0
366,4,709,23,0,-109,0
366,5,94,155,0,65,0
366,6,227,279,0,-127,0
366,7,400,404,0,-132,0
366,8,659,327,0,-265,0
366,9,496,16,0,-103,0
366,10,277,227,0,-48,0
366,11,234,244,0,-89,0
366,12,379,683,0,-11,0
366,13,172,112,0,-97,0
366,14,103,283,0,79,0
366,15,722,149,0,-121,0
366,16,266,390,0,-260,0
366,17,476,682,0,47,0
366,18,220,248,0,-28,0
366,19,90,261,0,-172,0
366,23,590,705,0,39,1
366,26,30,294,0,-29,1
366,31,297,206,0,-196,1
366,32,196,149,0,-219,1
366,36,511,408,0,-231,1
366,39,210,322,0,70,1
366,43,543,137,0,-81,1
366,45,603,320,0,-131,1
366,46,466,233,0,-101,1
366,47,190,693,0,15,1
366,52,319,290,0,-228,1
366,53,709,616,0,-190,1
366,54,748,172,0,-85,1
366,55,644,4,0,-86,1
366,64,78,489,0,-248,1
366,68,67,535,0,-182,1
366,69,57,130,0,-197,1
366,72,724,368,0,-242,1
366,74,489,237,0,-152,0
366,75,671,632,0,43,0
366,78,113,681,0,-192,1
366,84,66,403,0,71,1
366,85,15,675,0,52,0
366,86,359,517,0,-173,1
366,87,28,400,0,-37,1
366,88,752,195,0,-117,1
366,89,475,353,0,-124,1
366,91,217,115,0,-228,1
366,92,120,70,0,-95,1
366,93,194,143,0,69,1
366,94,15,195,0,-193,1
366,95,507,133,0,64,1
366,96,297,206,0,-182,1
366,97,66,535,0,-151,1
366,98,365,510,0,-94,1
367,0,12,54,0,16,0
367,1,734,119,0,-206,0
367,2,424,20,0,18,0
367,3,175,349,0,-258,0
367,4,711,25,0,-124,0
367,5,92,154,0,65,0
367,6,230,280,0,-109,0
367,7,402,406,0,-132,0
367,8,656,328,0,-252,0
367,9,499,17,0,-105,0
367,10,279,225,0,-48,0
367,11,237,244,0,-89,0
367,12,380,680,0,-11,0
367,13,175,112,0,-97,0
367,14,100,282,0,71,0
367,15,724,151,0,-121,0
367,16,263,391,0,-242,0
367,17,473,681,0,67,0
367,18,221,245,0,-28,0
367,19,90,264,0,-172,0
367,23,588,702,0,39,1
367,26,32,291,0,-29,1
367,31,295,208,0,-219,1
367,32,195,151,0,-219,1
367,36,509,410,0,-231,1
367,39,207,321,0,70,1
367,43,546,137,0,-81,1
367,45,605,322,0,-131,1
367,46,469,234,0,-101,1
367,47,189,690,0,15,1
367,52,317,292,0,-228,1
367,53,709,619,0,-190,1
367,54,751,172,0,-85,1
367,55,647,4,0,-86,1
367,64,76,490,0,-263,1
367,68,67,538,0,-182,1
367,69,56,133,0,-197,1
367,72,721,369,0,-242,1
367,74,491,239,0,-152,0
367,75,669,629,0,43,0
367,78,112,684,0,-192,1
367,84,63,402,0,71,1
367,85,15,675,0,52,0
367,86,359,519,0,-166,1
367,87,30,397,0,-35,1
367,88,3,196,0,-117,1
367,89,477,355,0,-124,1
367,91,214,117,0,-228,1
367,92,123,70,0,-95,1
367,93,191,142,0,69,1
367,94,15,198,0,-193,1
367,95,504,132,0,64,1
367,96,298,209,0,-166,1
367,97,68,538,0,-151,1
367,98,368,510,0,-94,1
368,0,11,51,0,16,0
368,1,733,122,0,-206,0
368,2,423,17,0,18,0
368,3,172,350,0,-258,0
368,4,714,27,0,-124,0
368,5,89,152,0,65,0
368,6,233,281,0,-109,0
368,7,404,408,0,-132,0
368,8,654,328,0,-252,0
368,9,501,18,0,-105,0
368,10,281,223,0,-48,0
368,11,240,244,0,-88,0
368,12,381,677,0,-11,0
368,13,178,113,0,-97,0
368,14,97,283,0,-265,0
368,15,727,152,0,-121,0
368,16,260,392,0,-242,0
368,17,470,679,0,59,0
368,18,222,242,0,-27,0
368,19,91,267,0,-172,0
368,23,586,700,0,39,1
368,26,33,289,0,-34,1
368,31,293,210,0,-219,1
368,32,193,153,0,-219,1
368,36,507,412,0,-231,1
368,39,204,320,0,70,1
368,43,549,137,0,-81,1
368,45,608,324,0,-131,1
368,46,472,235,0,-101,1
368,47,188,687,0,15,1
368,52,315,294,0,-228,1
368,53,708,622,0,-194,1
368,54,3,171,0,-85,1
368,55,650,4,0,-86,1
368,64,73,490,0,-263,1
368,68,67,541,0,-182,1
368,69,55,136,0,-197,1
368,72,719,372,0,-224,1
368,74,492,242,0,-161,0
368,75,667,627,0,43,0
368,78,112,687,0,-192,1
368,84,60,402,0,82,1
368,85,15,675,0,52,0
368,86,360,522,0,-166,1
368,87,32,395,0,-35,1
368,88,5,198,0,-117,1
368,89,480,355,0,-103,1
368,91,212,119,0,-228,1
368,92,126,71,0,-95,1
368,93,188,141,0,69,1
368,94,14,201,0,-193,1
368,95,501,131,0,64,1
368,96,299,212,0,-166,1
368,97,69,541,0,-151,1
368,98,371,510,0,-81,1
369,0,10,48,0,16,0
369,1,731,125,0,-206,0
369,2,422,14,0,18,0
369,3,169,351,0,-258,0
369,4,716,28,0,-124,0
369,5,86,151,0,65,0
369,6,236,281,0,-109,0
369,7,406,410,0,-143,0
369,8,651,330,0,-234,0
369,9,504,18,0,-105,0
369,10,283,221,0,-48,0
369,11,243,244,0,-88,0
369,12,381,674,0,-11,0
369,13,181,113,0,-94,0
369,14,94,282,0,71,0
369,15,730,154,0,-121,0
369,16,258,394,0,-242,0
369,17,468,678,0,59,0
369,18,224,240,0,-27,0
369,19,91,270,0,-172,0
369,23,584,698,0,39,1
369,26,35,286,0,-34,1
369,31,291,213,0,-219,1
369,32,191,156,0,-219,1
369,36,504,414,0,-231,1
369,39,201,319,0,70,1
369,43,552,136,0,-81,1
369,45,610,325,0,-113,1
369,46,475,235,0,-103,1
369,47,188,684,0,15,1
369,52,312,296,0,-228,1
369,53,707,625,0,-194,1
369,54,6,171,0,-85,1
369,55,653,4,0,-86,1
369,64,70,490,0,-263,1
369,68,67,544,0,-182,1
369,69,54,139,0,-197,1
369,72,717,374,0,-224,1
369,74,493,245,0,-161,0
369,75,665,625,0,43,0
369,78,110,689,0,-216,1
369,84,57,402,0,82,1
369,85,15,675,0,52,0
369,86,361,525,0,-166,1
369,87,33,392,0,-35,1
369,88,8,199,0,-117,1
369,89,483,356,0,-103,1
369,91,210,121,0,-228,1
369,92,129,71,0,-95,1
369,93,185,140,0,63,1
369,94,12,203,0,-222,1
369,95,499,130,0,64,1
369,96,300,215,0,-166,1
369,97,71,543,0,-151,1
369,98,374,509,0,-81,1
370,0,9,45,0,16,0
370,1,731,128,0,-185,0
370,2,421,11,0,18,0
370,3,166,351,0,-258,0
370,4,719,30,0,-124,0
370,5,84,149,0,47,0
370,6,238,282,0,-101,0
370,7,408,412,0,-138,0
370,8,649,332,0,-234,0
370,9,507,19,0,-105,0
370,10,286,220,0,-64,0
370,11,246,243,0,-88,0
370,12,382,671,0,-11,0
370,13,184,113,0,-94,0
370,14,91,281,0,71,0
370,15,732,155,0,-121,0
370,16,255,395,0,-242,0
370,17,465,676,0,59,0
370,18,225,237,0,-27,0
370,19,91,273,0,-188,0
370,23,582,695,0,39,1
370,26,37,284,0,-34,1
370,31,289,215,0,-219,1
370,32,190,159,0,-205,1
370,36,502,415,0,-231,1
370,39,199,317,0,47,1
370,43,555,136,0,-81,1
370,45,613,326,0,-113,1
370,46,478,236,0,-103,1
370,47,187,681,0,15,1
370,52,310,298,0,-228,1
370,53,706,628,0,-194,1
370,54,9,171,0,-85,1
370,55,656,3,0,-86,1
370,64,67,491,0,-263,1
370,68,67,547,0,-182,1
370,69,53,142,0,-197,1
370,72,715,376,0,-232,1
370,74,494,248,0,-161,0
370,75,663,623,0,43,0
370,78,108,691,0,-216,1
370,84,54,401,0,82,1
370,85,15,675,0,52,0
370,86,360,528,0,-188,1
370,87,34,389,0,-7,1
370,88,11,199,0,-97,1
370,89,486,357,0,-103,1
370,91,208,123,0,-228,1
370,92,131,72,0,-116,1
370,93,182,140,0,-269,1
370,94,10,206,0,-222,1
370,95,496,128,0,64,1
370,96,300,218,0,-166,1
370,97,72,546,0,-151,1
370,98,377,509,0,-81,1
371,0,9,42,0,16,0
371,1,731,131,0,-185,0
371,2,420,9,0,18,0
371,3,164,353,0,-238,0
371,4,721,32,0,-124,0
371,5,82,147,0,47,0
371,6,241,282,0,-95,0
371,7,410,415,0,-138,0
371,8,646,334,0,-230,0
371,9,510,21,0,-123,0
371,10,289,218,0,-64,0
371,11,249,243,0,-88,0
371,12,382,668,0,-11,0
371,13,187,113,0,-94,0
371,14,88,280,0,71,0
371,15,735,157,0,-121,0
371,16,252,397,0,-242,0
371,17,462,675,0,59,0
371,18,226,234,0,-27,0
371,19,91,276,0,-188,0
371,23,580,693,0,39,1
371,26,38,281,0,-34,1
371,31,287,217,0,-219,1
371,32,188,161,0,-205,1
371,36,500,417,0,-231,1
371,39,197,315,0,47,1
371,43,558,135,0,-81,1
371,45,616,328,0,-113,1
371,46,481,237,0,-103,1
371,47,186,679,0,15,1
371,52,308,300,0,-228,1
371,53,706,631,0,-194,1
371,54,12,171,0,-85,1
371,55,659,3,0,-86,1
371,64,64,491,0,-263,1
371,68,66,550,0,-182,1
371,69,52,145,0,-197,1
371,72,712,377,0,-232,1
371,74,495,251,0,-161,0
371,75,661,621,0,43,0
371,78,106,694,0,-216,1
371,84,51,400,0,70,1
371,85,15,675,0,52,0
371,86,360,531,0,-188,1
371,87,34,386,0,-7,1
371,88,14,200,0,-95,1
371,89,489,356,0,-84,1
371,91,206,125,0,-215,1
371,92,134,74,0,-116,1
371,93,179,140,0,-269,1
371,94,8,208,0,-222,1
371,95,493,127,0,64,1
371,96,301,221,0,-166,1
371,97,74,549,0,-151,1
371,98,380,508,0,-81,1
372,0,8,40,0,16,0
372,1,731,134,0,-185,0
372,2,419,6,0,18,0
372,3,161,355,0,-229,0
372,4,724,33,0,-124,0
372,5,80,145,0,43,0
372,6,244,283,0,-95,0
372,7,412,417,0,-138,0
372,8,644,336,0,-230,0
372,9,512,23,0,-123,0
372,10,292,218,0,-80,0
372,11,252,243,0,-88,0
372,12,383,665,0,-11,0
372,13,190,114,0,-94,0
372,14,85,279,0,71,0
372,15,737,159,0,-122,0
372,16,250,398,0,-242,0
372,17,460,673,0,49,0
372,18,228,232,0,-27,0
372,19,90,279,0,-188,0
372,23,579,690,0,31,1
372,26,40,279,0,-34,1
372,32,187,164,0,-205,1
372,36,497,419,0,-231,1
372,39,195,313,0,33,1
372,43,561,135,0,-81,1
372,45,619,329,0,-113,1
372,46,484,237,0,-103,1
372,47,185,676,0,15,1
372,52,306,302,0,-228,1
372,53,705,633,0,-194,1
372,54,15,170,0,-85,1
372,55,662,3,0,-86,1
372,64,61,491,0,-263,1
372,68,67,553,0,-164,1
372,69,52,148,0,-197,1
372,72,711,380,0,-213,1
372,74,496,253,0,-154,0
372,75,658,620,0,72,0
372,78,105,696,0,-216,1
372,84,48,399,0,70,1
372,85,15,675,0,52,0
372,86,360,534,0,-188,1
372,87,34,383,0,-7,1
372,88,17,200,0,-95,1
372,89,492,356,0,-84,1
372,91,204,128,0,-215,1
372,92,137,75,0,-116,1
372,93,176,140,0,-269,1
372,94,6,210,0,-222,1
372,95,490,126,0,64,1
372,96,302,223,0,-166,1
372,97,75,551,0,-151,1
372,98,383,508,0,-81,1
373,0,7,37,0,16,0
373,1,730,137,0,-185,0
373,2,418,3,0,32,0
373,3,159,357,0,-233,0
373,4,726,35,0,-124,0
373,5,78,142,0,43,0
373,6,247,283,0,-95,0
373,7,414,419,0,-138,0
373,8,642,338,0,-230,0
373,9,515,24,0,-123,0
373,10,295,217,0,-80,0
373,11,255,243,0,-88,0
373,12,383,662,0,-11,0
373,13,193,114,0,-94,0
373,14,83,278,0,71,0
373,15,740,160,0,-122,0
373,16,247,400,0,-242,0
373,17,458,671,0,49,0
373,18,229,229,0,-27,0
373,19,90,282,0,-188,0
373,23,577,688,0,31,1
373,26,42,277,0,-51,1
373,32,185,166,0,-227,1
373,36,495,421,0,-221,1
373,39,194,310,0,33,1
373,43,564,134,0,-81,1
373,45,621,330,0,-113,1
373,46,487,238,0,-103,1
373,47,185,673,0,15,1
373,52,304,304,0,-228,1
373,53,704,636,0,-194,1
373,54,18,170,0,-85,1
373,55,665,3,0,-86,1
373,64,58,492,0,-263,1
373,68,68,556,0,-164,1
373,69,51,151,0,-197,1
373,72,709,382,0,-213,1
373,74,498,256,0,-154,0
373,75,655,619,0,72,0
373,78,103,699,0,-216,1
373,84,45,398,0,70,1
373,85,15,675,0,52,0
373,86,358,537,0,-205,1
373,87,35,380,0,-7,1
373,88,20,200,0,-95,1
373,89,495,356,0,-84,1
373,91,203,130,0,-215,1
373,92,140,76,0,-116,1
373,93,173,140,0,-269,1
373,94,4,212,0,-222,1
373,95,488,124,0,64,1
373,96,302,226,0,-166,1
373,97,77,554,0,-151,1
373,98,386,508,0,-85,1
374,0,6,34,0,16,0
374,1,730,140,0,-185,0
374,2,416,1,0,32,0
374,3,157,358,0,-233,0
374,4,729,37,0,-124,0
374,5,76,140,0,43,0
374,6,250,283,0,-95,0
374,7,416,421,0,-138,0
374,8,640,340,0,-230,0
374,9,517,26,0,-123,0
374,10,297,217,0,-80,0
374,11,258,243,0,-88,0
374,12,384,659,0,-11,0
374,13,196,114,0,-94,0
374,14,80,277,0,71,0
374,15,742,162,0,-122,0
374,16,244,401,0,-242,0
374,17,456,669,0,49,0
374,18,230,226,0,-27,0
374,19,89,285,0,-188,0
374,23,576,685,0,31,1
374,26,45,275,0,-51,1
374,32,183,168,0,-227,1
374,36,493,424,0,-221,1
374,39,192,308,0,33,1
374,43,567,134,0,-81,1
374,45,624,331,0,-113,1
374,46,490,238,0,-103,1
374,47,184,670,0,15,1
374,52,302,307,0,-216,1
374,53,703,639,0,-194,1
374,54,21,170,0,-85,1
374,55,668,2,0,-86,1
374,64,55,492,0,-263,1
374,68,69,559,0,-164,1
374,69,51,153,0,-170,1
374,72,707,384,0,-238,1
374,74,500,258,0,-134,0
374,75,652,618,0,72,0
374,78,101,701,0,-211,1
374,84,43,397,0,70,1
374,85,15,675,0,52,0
374,86,357,540,0,-205,1
374,87,35,377,0,-7,1
374,88,23,200,0,-95,1
374,89,498,355,0,-84,1
374,91,201,133,0,-215,1
374,92,142,78,0,-116,1
374,93,170,140,0,-269,1
374,94,2,215,0,-222,1
374,95,485,123,0,64,1
374,96,303,229,0,-166,1
374,97,78,556,0,-151,1
374,98,389,509,0,-111,1
375,0,4,31,0,39,0
375,1,730,143,0,-185,0
375,2,415,-2,0,32,0
375,3,155,361,0,-219,0
375,4,731,39,0,-124,0
375,5,74,138,0,43,0
375,6,253,283,0,-95,0
375,7,418,423,0,-138,0
375,8,637,342,0,-230,0
375,9,520,27,0,-123,0
375,10,300,216,0,-80,0
375,11,261,243,0,-88,0
375,12,384,656,0,-11,0
375,13,199,114,0,-94,0
375,14,78,274,0,43,0
375,15,744,164,0,-143,0
375,16,242,402,0,-242,0
375,17,453,667,0,49,0
375,18,232,224,0,-27,0
375,19,89,288,0,-188,0
375,23,574,683,0,31,1
375,26,47,273,0,-51,1
375,32,180,170,0,-227,1
375,36,493,427,0,-196,1
375,39,190,306,0,56,1
375,43,570,133,0,-81,1
375,45,627,331,0,-90,1
375,46,493,239,0,-103,1
375,47,183,667,0,15,1
375,52,300,309,0,-216,1
375,53,703,642,0,-194,1
375,54,24,170,0,-85,1
375,55,671,2,0,-86,1
375,64,52,492,0,81,1
375,68,70,562,0,-164,1
375,69,52,156,0,-170,1
375,72,704,386,0,-238,1
375,74,502,260,0,-134,0
375,75,650,617,0,72,0
375,78,100,704,0,-211,1
375,84,40,396,0,63,1
375,85,15,675,0,52,0
375,86,356,542,0,-205,1
375,87,36,374,0,-7,1
375,88,26,201,0,-95,1
375,89,501,355,0,-84,1
375,91,199,135,0,-215,1
375,92,145,79,0,-116,1
375,93,167,140,0,-269,1
375,94,0,217,0,-227,1
375,95,482,122,0,64,1
375,96,304,232,0,-166,1
375,97,80,559,0,-151,1
375,98,391,510,0,-111,1
376,0,2,29,0,39,0
376,1,730,146,0,-185,0
376,2,413,747,0,32,0
376,3,153,363,0,-219,0
376,4,734,40,0,-124,0
376,5,72,136,0,43,0
376,6,256,284,0,-95,0
376,7,420,426,0,-138,0
376,8,635,343,0,-244,0
376,9,522,29,0,-123,0
376,10,303,216,0,-80,0
376,11,264,243,0,-99,0
376,12,384,653,0,11,0
376,13,202,114,0,-94,0
376,14,76,272,0,43,0
376,15,746,167,0,-143,0
376,16,239,404,0,-242,0
376,17,451,665,0,49,0
376,18,233,221,0,-27,0
376,19,89,291,0,-188,0
376,23,572,680,0,31,1
376,26,49,271,0,-39,1
376,32,178,172,0,-227,1
376,36,492,429,0,-196,1
376,39,187,304,0,56,1
376,43,573,133,0,-81,1
376,45,630,331,0,-90,1
376,46,496,240,0,-103,1
376,47,182,664,0,15,1
376,52,298,311,0,-216,1
376,53,703,645,0,-166,1
376,54,27,169,0,-85,1
376,55,674,2,0,-86,1
376,64,49,491,0,81,1
376,68,71,565,0,-164,1
376,69,52,159,0,-170,1
376,72,701,387,0,-238,1
376,74,504,262,0,-134,0
376,75,647,616,0,72,0
376,78,98,706,0,-211,1
376,84,37,394,0,63,1
376,85,15,675,0,52,0
376,86,355,545,0,-205,1
376,87,36,371,0,-7,1
376,88,29,201,0,-95,1
376,89,504,355,0,-84,1
376,91,198,138,0,-215,1
376,92,148,80,0,-116,1
376,93,164,140,0,-269,1
376,94,748,219,0,-227,1
376,95,480,120,0,64,1
376,96,305,235,0,-166,1
376,97,81,562,0,-151,1
376,98,394,511,0,-111,1
377,0,0,27,0,39,0
377,1,729,149,0,-185,0
377,2,411,745,0,32,0
377,3,151,365,0,-219,0
377,4,736,42,0,-124,0
377,5,70,134,0,43,0
377,6,259,284,0,-95,0
377,7,422,428,0,-138,0
377,8,633,345,0,-221,0
377,9,525,31,0,-123,0
377,10,306,215,0,-80,0
377,11,267,244,0,-99,0
377,12,383,651,0,27,0
377,13,205,114,0,-94,0
377,14,74,270,0,43,0
377,15,748,169,0,-143,0
377,16,237,405,0,-242,0
377,17,449,663,0,49,0
377,18,234,218,0,-27,0
377,19,88,294,0,-188,0
377,23,571,678,0,31,1
377,26,51,268,0,-39,1
377,32,176,174,0,-227,1
377,36,491,432,0,-196,1
377,39,185,303,0,56,1
377,43,576,132,0,-81,1
377,46,499,239,0,-74,1
377,47,181,661,0,15,1
377,52,296,313,0,-234,1
377,53,704,648,0,-166,1
377,54,30,169,0,-85,1
377,55,677,2,0,-86,1
377,64,46,492,0,-257,1
377,68,71,568,0,-164,1
377,69,53,162,0,-170,1
377,72,699,389,0,-238,1
377,74,506,264,0,-134,0
377,75,644,615,0,72,0
377,78,97,709,0,-211,1
377,84,35,393,0,63,1
377,85,15,675,0,52,0
377,86,355,548,0,-176,1
377,87,36,369,0,-7,1
377,88,32,200,0,-71,1
377,89,507,356,0,-106,1
377,91,196,141,0,-202,1
377,92,150,81,0,-117,1
377,93,161,140,0,-269,1
377,94,745,221,0,-231,1
377,95,477,119,0,64,1
377,96,305,238,0,-166,1
377,97,83,564,0,-130,1
377,98,397,512,0,-111,1
378,0,-1,24,0,39,0
378,1,728,151,0,-207,0
378,2,410,742,0,32,0
378,3,149,367,0,-232,0
378,4,739,44,0,-124,0
378,5,68,132,0,43,0
378,6,262,284,0,-95,0
378,7,424,430,0,-138,0
378,8,633,345,0,-221,0
378,9,528,31,0,-104,0
378,10,309,216,0,-107,0
378,11,270,244,0,-93,0
378,12,381,648,0,27,0
378,13,208,116,0,-112,0
378,14,72,267,0,24,0
378,15,750,171,0,-143,0
378,16,234,407,0,-242,0
378,17,447,661,0,49,0
378,18,236,216,0,-27,0
378,19,88,297,0,-188,0
378,23,569,675,0,31,1
378,26,53,266,0,-39,1
378,32,174,176,0,-227,1
378,36,490,435,0,-196,1
378,39,182,301,0,56,1
378,43,579,132,0,-81,1
378,46,501,238,0,-74,1
378,47,181,658,0,15,1
378,52,293,315,0,-234,1
378,53,705,651,0,-166,1
378,54,33,169,0,-85,1
378,55,680,2,0,-86,1
378,64,43,491,0,79,1
378,68,72,571,0,-164,1
378,69,53,165,0,-170,1
378,72,697,391,0,-212,1
378,74,508,267,0,-134,0
378,75,641,614,0,72,0
378,78,95,712,0,-211,1
378,84,32,392,0,63,1
378,85,15,675,0,52,0
378,86,355,551,0,-176,1
378,87,37,366,0,-7,1
378,88,35,199,0,-71,1
378,89,509,356,0,-106,1
378,91,195,143,0,-202,1
378,92,153,83,0,-118,1
378,93,159,142,0,-244,1
378,94,744,223,0,-209,1
378,95,475,117,0,47,1
378,96,306,241,0,-166,1
378,97,86,566,0,-130,1
378,98,400,513,0,-105,1
379,0,748,22,0,39,0
379,1,727,154,0,-207,0
379,2,408,740,0,32,0
379,3,146,369,0,-232,0
379,4,741,45,0,-124,0
379,5,66,129,0,43,0
379,6,265,283,0,-73,0
379,7,427,432,0,-120,0
379,8,633,345,0,-221,0
379,9,531,32,0,-104,0
379,10,312,217,0,-107,0
379,11,273,244,0,-93,0
379,12,380,645,0,27,0
379,13,211,117,0,-112,0
379,14,73,264,0,-6,0
379,15,751,174,0,-143,0
379,16,231,408,0,-242,0
379,17,446,658,0,21,0
379,18,237,213,0,-27,0
379,19,87,300,0,-188,0
379,23,568,673,0,31,1
379,26,54,264,0,-37,1
379,32,172,178,0,-227,1
379,36,489,438,0,-196,1
379,39,180,299,0,56,1
379,43,581,131,0,-81,1
379,46,504,238,0,-79,1
379,47,180,655,0,15,1
379,52,291,317,0,-234,1
379,53,704,654,0,-193,1
379,54,36,169,0,-85,1
379,55,683,1,0,-86,1
379,64,40,491,0,79,1
379,68,73,573,0,-164,1
379,69,55,168,0,-152,1
379,72,696,394,0,-212,1
379,74,510,269,0,-134,0
379,75,638,613,0,61,0
379,78,94,714,0,-211,1
379,84,29,390,0,63,1
379,85,15,675,0,52,0
379,86,355,554,0,-176,1
379,87,37,363,0,-7,1
379,88,37,197,0,-42,1
379,89,512,357,0,-109,1
379,91,195,146,0,-189,1
379,92,156,84,0,-118,1
379,93,156,143,0,-244,1
379,94,742,225,0,-223,1
379,95,472,115,0,47,1
379,96,307,244,0,-166,1
379,97,88,567,0,-130,1
379,98,403,514,0,-105,1
380,0,746,20,0,39,0
380,1,725,157,0,-207,0
380,2,407,737,0,32,0
380,3,144,371,0,-232,0
380,4,743,47,0,-124,0
380,5,64,127,0,36,0
380,6,268,283,0,-73,0
380,7,429,433,0,-120,0
380,8,633,345,0,-221,0
380,9,534,33,0,-104,0
380,10,315,217,0,-95,0
380,11,276,244,0,-93,0
380,12,379,643,0,27,0
380,13,214,118,0,-112,0
380,14,73,261,0,-6,0
380,15,2,176,0,-143,0
380,16,229,410,0,-242,0
380,17,444,656,0,40,0
380,18,239,210,0,-27,0
380,19,87,303,0,-188,0
380,23,566,670,0,31,1
380,26,56,261,0,-37,1
380,32,169,180,0,-227,1
380,36,488,441,0,-196,1
380,39,177,298,0,56,1
380,43,584,131,0,-89,1
380,46,507,237,0,-79,1
380,47,179,652,0,13,1
380,52,288,318,0,-234,1
380,53,702,656,0,-216,1
380,54,39,168,0,-85,1
380,55,686,1,0,-86,1
380,64,37,490,0,79,1
380,68,74,576,0,-164,1
380,69,56,171,0,-152,1
380,72,694,396,0,-212,1
380,74,513,271,0,-134,0
380,75,636,611,0,61,0
380,78,92,717,0,-211,1
380,84,27,389,0,63,1
380,85,15,675,0,52,0
380,86,355,557,0,-176,1
380,87,38,360,0,-7,1
380,88,39,194,0,-42,1
380,89,515,358,0,-109,1
380,91,193,149,0,-217,1
380,92,158,86,0,-118,1
380,93,153,144,0,-244,1
380,94,741,228,0,-202,1
380,95,470,113,0,47,1
380,96,308,247,0,-166,1
380,97,90,569,0,-130,1
380,98,406,514,0,-105,1
381,0,744,17,0,39,0
381,1,724,159,0,-207,0
381,2,405,735,0,32,0
381,3,142,373,0,-232,0
381,4,746,49,0,-124,0
381,5,63,124,0,19,0
381,6,271,282,0,-73,0
381,7,432,435,0,-120,0
381,8,633,345,0,-221,0
381,9,536,34,0,-104,0
381,10,318,218,0,-95,0
381,11,278,245,0,-107,0
381,12,377,640,0,27,0
381,13,216,119,0,-112,0
381,14,73,258,0,-9,0
381,15,4,179,0,-143,0
381,16,226,411,0,-242,0
381,17,442,654,0,40,0
381,18,240,208,0,-27,0
381,19,86,306,0,-188,0
381,23,565,667,0,31,1
381,26,58,259,0,-37,1
381,32,167,182,0,-227,1
381,36,488,444,0,-196,1
381,39,175,296,0,56,1
381,43,587,131,0,-89,1
381,46,510,236,0,-79,1
381,47,179,650,0,13,1
381,52,286,319,0,-257,1
381,53,701,659,0,-199,1
381,54,42,168,0,-85,1
381,55,689,1,0,-86,1
381,64,34,490,0,79,1
381,68,76,579,0,-143,1
381,69,59,172,0,-125,1
381,72,693,399,0,-212,1
381,74,515,273,0,-134,0
381,75,633,610,0,61,0
381,78,91,719,0,-211,1
381,84,25,387,0,42,1
381,85,15,675,0,52,0
381,86,356,560,0,-176,1
381,87,38,357,0,-7,1
381,88,41,192,0,-42,1
381,89,518,358,0,-86,1
381,91,191,151,0,-217,1
381,92,161,87,0,-118,1
381,93,151,146,0,-244,1
381,94,740,231,0,-202,1
381,95,468,111,0,47,1
381,96,308,250,0,-179,1
381,97,92,572,0,-141,1
381,98,409,515,0,-105,1
382,0,743,15,0,39,0
382,1,723,162,0,-207,0
382,2,403,732,0,32,0
382,3,139,375,0,-232,0
382,4,748,50,0,-124,0
382,5,62,121,0,19,0
382,6,274,281,0,-73,0
382,7,434,436,0,-120,0
382,8,633,345,0,-221,0
382,9,539,34,0,-104,0
382,10,321,218,0,-89,0
382,11,281,246,0,-113,0
382,12,375,638,0,51,0
382,13,219,120,0,-112,0
382,14,74,255,0,-9,0
382,15,5,181,0,-142,0
382,16,223,412,0,-242,0
382,17,440,651,0,40,0
382,18,241,205,0,-27,0
382,19,86,309,0,-188,0
382,23,563,665,0,31,1
382,26,60,256,0,-37,1
382,32,165,184,0,-227,1
382,36,487,447,0,-196,1
382,39,173,293,0,27,1
382,43,590,131,0,-89,1
382,46,513,236,0,-79,1
382,47,178,647,0,13,1
382,52,283,320,0,-257,1
382,53,700,662,0,-201,1
382,54,45,168,0,-85,1
382,55,692,0,0,-76,1
382,64,31,489,0,79,1
382,68,77,581,0,-143,1
382,69,61,173,0,-100,1
382,72,691,402,0,-212,1
382,74,517,275,0,-134,0
382,75,630,608,0,61,0
382,78,89,722,0,-211,1
382,84,23,384,0,42,1
382,85,15,675,0,52,0
382,86,356,563,0,-176,1
382,87,38,354,0,-4,1
382,88,43,190,0,-42,1
382,89,521,358,0,-86,1
382,91,189,153,0,-217,1
382,92,164,89,0,-118,1
382,93,148,147,0,-242,1
382,94,739,234,0,-202,1
382,95,466,109,0,47,1
382,96,308,253,0,-179,1
382,97,94,574,0,-141,1
382,98,411,516,0,-105,1
383,0,741,12,0,30,0
383,1,721,165,0,-207,0
383,2,402,730,0,32,0
383,3,137,377,0,-232,0
383,4,751,52,0,-124,0
383,5,61,118,0,19,0
383,6,277,280,0,-73,0
383,7,437,438,0,-120,0
383,8,633,345,0,-221,0
383,9,542,35,0,-104,0
383,10,324,216,0,-66,0
383,11,284,247,0,-113,0
383,12,372,637,0,64,0
383,13,222,121,0,-112,0
383,14,74,252,0,-9,0
383,15,7,183,0,-142,0
383,16,221,414,0,-236,0
383,17,437,650,0,68,0
383,18,243,202,0,-27,0
383,19,86,312,0,-188,0
383,23,562,662,0,31,1
383,32,163,186,0,-227,1
383,36,486,450,0,-196,1
383,39,172,291,0,27,1
383,43,593,131,0,-89,1
383,46,516,236,0,-101,1
383,47,177,644,0,13,1
383,52,280,321,0,-247,1
383,53,699,665,0,-201,1
383,54,48,168,0,-85,1
383,55,695,-1,0,-76,1
383,64,28,488,0,69,1
383,68,79,584,0,-151,1
383,69,64,173,0,-100,1
383,72,689,404,0,-212,1
383,74,519,277,0,-134,0
383,75,628,607,0,52,0
383,78,87,724,0,-211,1
383,84,21,382,0,42,1
383,85,15,675,0,52,0
383,86,356,566,0,-176,1
383,87,38,351,0,-4,1
383,88,45,188,0,-42,1
383,89,524,358,0,-86,1
383,91,188,156,0,-217,1
383,92,166,90,0,-118,1
383,93,145,148,0,-261,1
383,94,737,236,0,-202,1
383,95,463,108,0,62,1
383,96,308,256,0,-171,1
383,97,96,576,0,-141,1
383,98,414,517,0,-105,1
383,99,74,252,0,-9,0
384,0,740,10,0,30,0
384,1,720,167,0,-207,0
384,2,400,727,0,32,0
384,3,135,378,0,-232,0
384,4,2,54,0,-124,0
384,5,60,116,0,19,0
384,6,280,279,0,-73,0
384,7,440,439,0,-120,0
384,8,633,345,0,-221,0
384,9,545,36,0,-104,0
384,10,327,217,0,-93,0
384,11,287,249,0,-113,0
384,12,369,635,0,64,0
384,13,225,122,0,-112,0
384,14,75,250,0,-9,0
384,15,9,186,0,-142,0
384,16,218,416,0,-236,0
384,17,434,649,0,68,0
384,18,244,200,0,-27,0
384,19,85,315,0,-188,0
384,23,560,660,0,31,1
384,32,161,188,0,-227,1
384,36,486,453,0,-186,1
384,39,171,288,0,27,1
384,43,596,131,0,-89,1
384,46,519,237,0,-101,1
384,47,176,641,0,13,1
384,52,277,322,0,-247,1
384,53,698,668,0,-201,1
384,54,51,167,0,-85,1
384,55,698,749,0,-76,1
384,64,25,487,0,69,1
384,68,80,586,0,-151,1
384,69,67,174,0,-100,1
384,72,688,407,0,-212,1
384,74,521,279,0,-134,0
384,75,626,605,0,52,0
384,78,86,727,0,-212,1
384,84,19,380,0,42,1
384,85,15,675,0,52,0
384,86,356,569,0,-176,1
384,87,39,348,0,-4,1
384,88,46,185,0,-22,1
384,89,527,358,0,-86,1
384,91,186,158,0,-217,1
384,92,169,91,0,-118,1
384,93,142,148,0,-261,1
384,94,736,239,0,-202,1
384,95,461,106,0,62,1
384,96,309,259,0,-171,1
384,97,98,579,0,-141,1
384,98,417,517,0,-105,1
384,99,75,250,0,-9,0
385,0,739,7,0,18,0
385,1,718,170,0,-207,0
385,2,399,725,0,32,0
385,3,133,381,0,-216,0
385,4,5,56,0,-124,0
385,5,59,113,0,19,0
385,6,283,279,0,-81,0
385,7,442,441,0,-130,0
385,8,633,345,0,-221,0
385,9,548,36,0,-104,0
385,10,330,217,0,-93,0
385,11,289,250,0,-113,0
385,12,367,634,0,64,0
385,13,227,123,0,-112,0
385,14,75,247,0,-9,0
385,15,11,188,0,-142,0
385,16,216,418,0,-236,0
385,17,432,648,0,63,0
385,18,245,197,0,-27,0
385,19,85,318,0,-188,0
385,23,558,658,0,51,1
385,32,159,191,0,-207,1
385,36,486,456,0,-176,1
385,39,169,285,0,27,1
385,43,599,131,0,-89,1
385,46,522,238,0,-101,1
385,47,176,638,0,13,1
385,52,274,323,0,-247,1
385,53,697,670,0,-208,1
385,54,54,167,0,-85,1
385,55,701,748,0,-63,1
385,64,23,486,0,69,1
385,68,82,589,0,-151,1
385,69,70,174,0,-100,1
385,72,687,409,0,-196,1
385,74,523,282,0,-144,0
385,75,623,603,0,52,0
385,78,84,730,0,-212,1
385,84,17,378,0,42,1
385,85,15,675,0,52,0
385,86,357,572,0,-176,1
385,87,39,345,0,-4,1
385,88,48,183,0,-46,1
385,89,530,357,0,-71,1
385,91,183,160,0,-241,1
385,92,171,93,0,-118,1
385,93,139,148,0,84,1
385,94,735,242,0,-202,1
385,95,458,105,0,77,1
385,96,309,262,0,-171,1
385,97,100,581,0,-141,1
385,98,420,518,0,-105,1
385,99,75,247,0,-9,0
385,100,599,131,0,-83,1
386,0,738,4,0,18,0
386,1,717,173,0,-207,0
386,2,399,722,0,2,0
386,3,131,383,0,-216,0
386,4,7,57,0,-124,0
386,5,58,110,0,19,0
386,6,286,278,0,-81,0
386,7,444,443,0,-130,0
386,8,633,345,0,-221,0
386,9,551,37,0,-104,0
386,10,333,217,0,-93,0
386,11,292,251,0,-113,0
386,12,364,634,0,81,0
386,13,230,124,0,-112,0
386,14,76,244,0,-9,0
386,15,13,190,0,-142,0
386,16,213,418,0,-259,0
386,17,429,646,0,51,0
386,18,247,194,0,-27,0
386,19,84,321,0,-188,0
386,23,556,655,0,35,1
386,32,158,194,0,-207,1
386,36,486,459,0,-176,1
386,39,168,283,0,27,1
386,43,602,131,0,-89,1
386,46,525,238,0,-96,1
386,47,176,635,0,-2,1
386,52,272,324,0,-247,1
386,53,695,673,0,-208,1
386,54,57,167,0,-85,1
386,55,703,746,0,-63,1
386,64,20,485,0,69,1
386,68,83,592,0,-151,1
386,69,73,175,0,-100,1
386,72,686,412,0,-196,1
386,74,524,284,0,-148,0
386,75,621,601,0,52,0
386,78,83,732,0,-212,1
386,84,15,375,0,38,1
386,85,15,675,0,52,0
386,86,357,575,0,-176,1
386,87,39,342,0,-4,1
386,88,50,181,0,-46,1
386,89,533,356,0,-71,1
386,91,180,161,0,-241,1
386,92,174,94,0,-118,1
386,93,136,148,0,-255,1
386,94,733,244,0,-228,1
386,95,455,105,0,77,1
386,96,310,265,0,-171,1
386,97,101,583,0,-141,1
386,98,423,518,0,-92,1
386,99,76,244,0,-9,0
386,100,602,130,0,-83,1
387,0,737,1,0,18,0
387,1,716,175,0,-207,0
387,2,398,719,0,2,0
387,3,129,386,0,-216,0
387,4,10,59,0,-124,0
387,5,57,107,0,19,0
387,6,288,278,0,-81,0
387,7,446,445,0,-130,0
387,8,633,345,0,-221,0
387,9,554,38,0,-104,0
387,10,336,217,0,-93,0
387,11,295,252,0,-113,0
387,12,361,633,0,72,0
387,13,233,126,0,-112,0
387,14,77,241,0,-14,0
387,15,15,193,0,-142,0
387,16,210,419,0,-259,0
387,17,427,644,0,57,0
387,18,248,191,0,-27,0
387,19,84,324,0,-188,0
387,23,554,653,0,35,1
387,32,157,196,0,-207,1
387,36,485,461,0,-206,1
387,39,166,280,0,27,1
387,43,605,131,0,-89,1
387,46,528,238,0,-96,1
387,47,176,632,0,-2,1
387,52,269,326,0,-247,1
387,53,693,675,0,-223,1
387,54,60,167,0,-90,1
387,55,706,746,0,-73,1
387,64,17,484,0,69,1
387,68,85,594,0,-151,1
387,69,76,176,0,-100,1
387,72,685,415,0,-196,1
387,74,526,287,0,-148,0
387,75,619,599,0,52,0
387,78,81,735,0,-212,1
387,84,13,373,0,38,1
387,85,15,675,0,52,0
387,86,357,578,0,-176,1
387,87,39,339,0,-4,1
387,88,52,179,0,-46,1
387,89,536,355,0,-71,1
387,91,178,163,0,-241,1
387,92,177,96,0,-118,1
387,93,134,151,0,-225,1
387,94,731,246,0,-228,1
387,95,452,103,0,54,1
387,96,310,268,0,-171,1
387,97,103,586,0,-141,1
387,98,426,518,0,-92,1
387,99,76,241,0,-9,0
387,100,605,130,0,-83,1
387,101,85,594,0,-151,1
388,0,736,-2,0,20,0
388,1,714,178,0,-207,0
388,2,398,716,0,2,0
388,3,127,388,0,-216,0
388,4,12,61,0,-124,0
388,5,56,104,0,19,0
388,6,291,277,0,-81,0
388,7,449,447,0,-130,0
388,8,633,345,0,-221,0
388,9,557,38,0,-97,0
388,10,339,217,0,-93,0
388,11,298,253,0,-113,0
388,12,358,632,0,72,0
388,13,236,127,0,-112,0
388,14,77,238,0,-14,0
388,15,17,195,0,-142,0
388,16,207,419,0,-259,0
388,17,424,643,0,57,0
388,18,249,189,0,-27,0
388,19,83,327,0,-188,0
388,23,552,650,0,35,1
388,32,157,199,0,-181,1
388,36,483,463,0,-228,1
388,39,166,277,0,11,1
388,43,608,131,0,-98,1
388,46,531,239,0,-96,1
388,47,176,629,0,-2,1
388,52,266,327,0,-247,1
388,53,691,677,0,-223,1
388,54,63,167,0,-90,1
388,55,709,745,0,-73,1
388,64,14,483,0,69,1
388,68,86,597,0,-151,1
388,69,79,176,0,-100,1
388,72,685,418,0,-196,1
388,74,527,290,0,-165,0
388,75,616,597,0,52,0
388,78,80,737,0,-212,1
388,84,11,371,0,38,1
388,85,15,675,0,52,0
388,86,357,581,0,-176,1
388,87,40,336,0,-22,1
388,88,54,177,0,-46,1
388,89,538,354,0,-71,1
388,91,175,164,0,-240,1
388,92,179,97,0,-118,1
388,93,132,153,0,-225,1
388,94,728,248,0,-228,1
388,95,450,101,0,57,1
388,96,311,270,0,-152,1
388,97,105,588,0,-141,1
388,98,429,519,0,-97,1
388,99,77,238,0,-9,0
388,100,608,130,0,-83,1
388,101,86,597,0,-151,1
389,0,735,747,0,20,0
389,1,713,181,0,-207,0
389,2,398,713,0,2,0
389,3,127,391,0,-189,0
389,4,15,62,0,-108,0
389,5,55,101,0,19,0
389,6,294,277,0,-81,0
389,7,450,450,0,-155,0
389,8,633,345,0,-221,0
389,9,560,38,0,-93,0
389,10,342,216,0,-74,0
389,11,300,255,0,-116,0
389,12,356,630,0,53,0
389,13,239,128,0,-112,0
389,14,78,235,0,-14,0
389,15,18,197,0,-142,0
389,16,205,421,0,-238,0
389,17,422,641,0,57,0
389,18,251,186,0,-27,0
389,19,83,330,0,-188,0
389,23,551,648,0,35,1
389,32,157,202,0,-181,1
389,36,480,465,0,-228,1
389,39,165,274,0,11,1
389,43,611,132,0,-98,1
389,46,533,240,0,-123,1
389,47,176,626,0,-2,1
389,52,263,328,0,-247,1
389,53,689,679,0,-223,1
389,54,66,167,0,-90,1
389,55,712,744,0,-73,1
389,64,11,482,0,69,1
389,68,88,599,0,-151,1
389,69,82,177,0,-100,1
389,72,684,421,0,-196,1
389,74,528,292,0,-165,0
389,75,614,595,0,52,0
389,78,78,740,0,-212,1
389,84,9,368,0,38,1
389,85,15,675,0,52,0
389,86,357,584,0,-176,1
389,87,42,333,0,-22,1
389,88,57,175,0,-46,1
389,89,541,353,0,-80,1
389,91,173,166,0,-240,1
389,92,182,98,0,-118,1
389,93,130,155,0,-225,1
389,94,726,250,0,-228,1
389,95,447,100,0,57,1
389,96,312,273,0,-179,1
389,97,107,590,0,-141,1
389,98,432,519,0,-97,1
389,99,77,235,0,-9,0
389,100,611,129,0,-83,1
389,101,88,599,0,-151,1
390,0,734,744,0,20,0
390,1,711,183,0,-233,0
390,2,398,710,0,2,0
390,3,127,394,0,-189,0
390,4,18,63,0,-108,0
390,5,54,99,0,19,0
390,6,297,276,0,-81,0
390,7,451,452,0,-155,0
390,8,633,345,0,-221,0
390,9,563,37,0,-69,0
390,10,344,215,0,-63,0
390,11,303,256,0,-116,0
390,12,353,629,0,68,0
390,13,241,129,0,-112,0
390,14,79,232,0,-14,0
390,15,20,200,0,-142,0
390,16,202,423,0,-225,0
390,17,419,639,0,57,0
390,18,251,183,0,-7,0
390,19,83,333,0,-188,0
390,23,549,646,0,35,1
390,32,157,205,0,-181,1
390,36,479,468,0,-207,1
390,39,165,271,0,11,1
390,43,614,132,0,-98,1
390,46,536,242,0,-120,1
390,47,176,623,0,-2,1
390,52,261,330,0,-224,1
390,53,687,682,0,-223,1
390,54,69,167,0,-90,1
390,55,715,743,0,-73,1
390,64,9,480,0,69,1
390,68,89,602,0,-151,1
390,69,85,177,0,-100,1
390,72,683,424,0,-196,1
390,74,529,295,0,-143,0
390,75,612,594,0,52,0
390,78,76,742,0,-212,1
390,84,7,366,0,38,1
390,85,15,675,0,52,0
390,86,358,587,0,-176,1
390,87,43,330,0,-22,1
390,88,59,172,0,-46,1
390,89,544,353,0,-80,1
390,91,170,167,0,-240,1
390,92,185,100,0,-118,1
390,93,128,157,0,-225,1
390,94,724,252,0,-228,1
390,95,445,98,0,57,1
390,96,312,276,0,-179,1
390,97,109,593,0,-141,1
390,98,435,520,0,-97,1
390,99,78,232,0,-9,0
390,100,614,129,0,-83,1
390,101,90,601,0,-123,1
391,0,733,742,0,20,0
391,1,708,184,0,-233,0
391,2,398,707,0,2,0
391,3,126,397,0,-189,0
391,4,21,63,0,-108,0
391,5,53,96,0,26,0
391,6,300,276,0,-81,0
391,7,453,455,0,-155,0
391,8,633,345,0,-221,0
391,9,566,36,0,-69,0
391,10,347,214,0,-63,0
391,11,305,258,0,-135,0
391,12,351,627,0,50,0
391,13,244,130,0,-112,0
391,14,80,229,0,-14,0
391,15,22,202,0,-142,0
391,16,200,424,0,-243,0
391,17,416,638,0,74,0
391,18,253,181,0,-32,0
391,19,82,336,0,-188,0
391,23,547,644,0,48,1
391,32,157,208,0,-181,1
391,36,478,471,0,-207,1
391,39,164,268,0,11,1
391,43,617,132,0,-90,1
391,46,539,243,0,-120,1
391,47,176,620,0,-2,1
391,52,259,332,0,-224,1
391,53,685,684,0,-223,1
391,54,72,167,0,-90,1
391,55,718,742,0,-68,1
391,64,6,479,0,69,1
391,68,91,605,0,-151,1
391,69,88,178,0,-100,1
391,72,682,427,0,-196,1
391,74,531,297,0,-143,0
391,75,609,592,0,52,0
391,78,75,745,0,-212,1
391,84,7,363,0,10,1
391,85,15,675,0,52,0
391,86,358,590,0,-176,1
391,87,44,328,0,-22,1
391,88,62,171,0,-69,1
391,89,547,352,0,-80,1
391,91,167,168,0,-244,1
391,92,187,101,0,-118,1
391,93,125,159,0,-225,1
391,94,722,254,0,-228,1
391,95,442,97,0,57,1
391,96,312,279,0,-179,1
391,97,111,595,0,-141,1
391,98,438,520,0,-97,1
391,99,78,229,0,-9,0
391,100,617,128,0,-83,1
391,101,93,603,0,-123,1
392,0,732,739,0,20,0
392,1,705,185,0,-257,0
392,2,398,704,0,2,0
392,3,126,400,0,-189,0
392,4,24,64,0,-108,0
392,5,50,94,0,55,0
392,6,303,275,0,-81,0
392,7,454,458,0,-155,0
392,8,633,345,0,-221,0
392,9,568,35,0,-69,0
392,10,350,212,0,-63,0
392,11,307,260,0,-135,0
392,12,348,625,0,50,0
392,13,247,131,0,-112,0
392,14,80,226,0,-14,0
392,15,24,204,0,-142,0
392,16,197,426,0,-243,0
392,17,413,638,0,77,0
392,18,254,178,0,-32,0
392,19,82,339,0,-188,0
392,23,545,642,0,48,1
392,32,156,211,0,-181,1
392,36,476,473,0,-207,1
392,39,163,265,0,18,1
392,43,620,132,0,-90,1
392,46,541,245,0,-120,1
392,47,176,617,0,-2,1
392,52,257,335,0,-224,1
392,53,683,686,0,-223,1
392,54,75,167,0,-90,1
392,55,720,741,0,-68,1
392,64,3,478,0,69,1
392,68,91,608,0,-176,1
392,69,91,178,0,-94,1
392,72,681,430,0,-204,1
392,74,533,300,0,-143,0
392,75,607,590,0,52,0
392,78,73,747,0,-212,1
392,84,6,360,0,10,1
392,85,15,675,0,52,0
392,86,358,593,0,-176,1
392,87,44,325,0,-8,1
392,88,64,170,0,-69,1
392,89,550,352,0,-80,1
392,91,165,170,0,-246,1
392,92,190,103,0,-118,1
392,93,123,161,0,-225,1
392,94,720,256,0,-228,1
392,95,440,95,0,57,1
392,96,312,282,0,-179,1
392,97,113,597,0,-141,1
392,98,441,520,0,-97,1
392,99,79,226,0,-9,0
392,100,620,128,0,-83,1
392,101,95,604,0,-123,1
393,0,731,736,0,20,0
393,1,702,186,0,-257,0
393,2,398,701,0,2,0
393,3,125,403,0,-189,0
393,4,27,64,0,-82,0
393,5,48,92,0,55,0
393,6,306,275,0,-81,0
393,7,455,460,0,-155,0
393,8,633,345,0,-221,0
393,9,571,34,0,-69,0
393,10,352,211,0,-63,0
393,11,309,262,0,-135,0
393,12,346,623,0,50,0
393,13,250,131,0,-88,0
393,14,81,223,0,-14,0
393,15,26,207,0,-142,0
393,16,194,427,0,-243,0
393,17,410,638,0,-264,0
393,18,256,176,0,-32,0
393,19,83,342,0,-164,0
393,23,542,640,0,48,1
393,32,156,214,0,-181,1
393,36,475,476,0,-207,1
393,39,162,263,0,18,1
393,43,623,132,0,-90,1
393,46,544,246,0,-120,1
393,47,176,614,0,-2,1
393,52,254,336,0,-247,1
393,53,681,688,0,-223,1
393,54,78,167,0,-90,1
393,55,722,739,0,-40,1
393,64,0,477,0,69,1
393,68,90,611,0,-187,1
393,69,94,177,0,-66,1
393,72,680,432,0,-204,1
393,74,535,302,0,-143,0
393,75,604,588,0,52,0
393,78,72,750,0,-212,1
393,84,6,357,0,10,1
393,85,15,675,0,52,0
393,86,359,596,0,-158,1
393,87,45,322,0,-8,1
393,88,67,169,0,-69,1
393,89,553,351,0,-80,1
393,91,162,170,0,-268,1
393,92,193,104,0,-118,1
393,93,121,163,0,-225,1
393,94,717,257,0,-253,1
393,95,437,93,0,57,1
393,96,312,285,0,-179,1
393,97,115,600,0,-141,1
393,98,444,521,0,-108,1
393,99,79,223,0,-9,0
393,100,623,128,0,-83,1
393,101,98,605,0,-103,1
394,0,729,733,0,37,0
394,1,699,186,0,-257,0
394,2,398,698,0,2,0
394,3,125,406,0,-189,0
394,4,30,64,0,-82,0
394,5,45,91,0,55,0
394,6,309,274,0,-81,0
394,7,456,463,0,-155,0
394,8,633,345,0,-221,0
394,9,574,33,0,-69,0
394,10,355,210,0,-63,0
394,11,312,264,0,-135,0
394,12,344,621,0,50,0
394,13,253,131,0,-88,0
394,14,82,220,0,-24,0
394,15,28,209,0,-142,0
394,16,192,428,0,-256,0
394,17,407,638,0,-264,0
394,18,257,173,0,-32,0
394,19,83,344,0,-164,0
394,23,540,638,0,48,1
394,32,155,217,0,-201,1
394,36,474,479,0,-207,1
394,39,161,260,0,18,1
394,43,626,132,0,-90,1
394,46,546,248,0,-120,1
394,47,177,611,0,-2,1
394,52,252,337,0,-247,1
394,53,679,690,0,-223,1
394,54,81,168,0,-111,1
394,55,724,736,0,-40,1
394,64,-3,476,0,69,1
394,68,90,614,0,-187,1
394,69,97,175,0,-66,1
394,72,678,435,0,-204,1
394,74,537,304,0,-143,0
394,75,602,586,0,52,0
394,78,70,3,0,-212,1
394,84,6,354,0,-10,1
394,85,15,675,0,52,0
394,86,360,599,0,-158,1
394,87,45,319,0,-8,1
394,88,70,168,0,-69,1
394,89,556,352,0,-110,1
394,91,159,169,0,72,1
394,92,195,105,0,-118,1
394,93,119,165,0,-225,1
394,94,714,258,0,-253,1
394,95,435,92,0,57,1
394,96,312,288,0,-179,1
394,97,116,602,0,-141,1
394,98,447,522,0,-108,1
394,99,80,220,0,-9,0
394,100,626,129,0,-112,1
394,101,101,605,0,-86,1
395,0,727,731,0,37,0
395,1,697,187,0,-257,0
395,2,398,695,0,-4,0
395,3,125,409,0,-175,0
395,4,33,63,0,-82,0
395,5,42,90,0,73,0
395,6,312,274,0,-81,0
395,7,458,466,0,-155,0
395,8,633,345,0,-221,0
395,9,577,32,0,-69,0
395,10,358,208,0,-63,0
395,11,314,267,0,-135,0
395,12,341,619,0,50,0
395,13,256,131,0,-88,0
395,14,83,218,0,-24,0
395,15,30,212,0,-142,0
395,16,189,430,0,-236,0
395,17,404,639,0,-264,0
395,18,260,171,0,-56,0
395,19,84,347,0,-164,0
395,23,537,637,0,76,1
395,32,154,220,0,-201,1
395,36,472,481,0,-226,1
395,39,161,257,0,1,1
395,43,629,132,0,-90,1
395,46,549,249,0,-120,1
395,47,177,608,0,-2,1
395,52,249,338,0,-247,1
395,53,677,693,0,-223,1
395,54,83,169,0,-111,1
395,64,747,475,0,69,1
395,68,90,617,0,-187,1
395,69,99,174,0,-66,1
395,72,677,438,0,-204,1
395,74,539,307,0,-143,0
395,75,599,585,0,64,0
395,78,69,5,0,-212,1
395,84,7,351,0,-10,1
395,85,15,675,0,52,0
395,86,361,601,0,-158,1
395,87,45,316,0,-8,1
395,88,73,167,0,-69,1
395,89,559,353,0,-110,1
395,91,156,168,0,72,1
395,92,198,107,0,-118,1
395,93,117,167,0,-225,1
395,94,711,259,0,-253,1
395,95,432,90,0,57,1
395,96,312,291,0,-179,1
395,97,118,604,0,-141,1
395,98,450,523,0,-108,1
395,99,80,217,0,-9,0
395,100,629,130,0,-112,1
395,101,104,605,0,-86,1
396,0,725,729,0,37,0
396,1,694,188,0,-257,0
396,2,397,692,0,18,0
396,3,125,412,0,-175,0
396,4,36,63,0,-83,0
396,5,39,89,0,77,0
396,6,315,273,0,-81,0
396,7,459,469,0,-155,0
396,8,633,345,0,-221,0
396,9,579,31,0,-66,0
396,10,360,207,0,-63,0
396,11,316,269,0,-135,0
396,12,339,617,0,50,0
396,13,259,131,0,-88,0
396,14,85,215,0,-24,0
396,15,31,214,0,-142,0
396,16,187,431,0,-236,0
396,17,402,639,0,-264,0
396,18,262,170,0,-56,0
396,19,85,350,0,-166,0
396,23,534,636,0,76,1
396,32,153,223,0,-201,1
396,36,469,482,0,-247,1
396,39,161,254,0,1,1
396,43,632,132,0,-90,1
396,46,552,251,0,-120,1
396,47,177,605,0,-2,1
396,52,246,339,0,-247,1
396,53,674,694,0,-248,1
396,54,86,170,0,-111,1
396,64,744,474,0,69,1
396,68,89,620,0,-187,1
396,69,102,173,0,-66,1
396,72,676,441,0,-204,1
396,74,540,309,0,-143,0
396,75,597,584,0,64,0
396,78,67,8,0,-212,1
396,84,8,348,0,-10,1
396,85,15,675,0,52,0
396,86,363,604,0,-158,1
396,87,46,313,0,-8,1
396,88,76,166,0,-69,1
396,89,562,354,0,-110,1
396,91,153,168,0,88,1
396,92,201,108,0,-118,1
396,93,115,170,0,-225,1
396,94,708,260,0,-253,1
396,95,430,88,0,57,1
396,96,311,294,0,-189,1
396,97,120,607,0,-141,1
396,98,452,524,0,-108,1
396,99,81,214,0,-9,0
396,100,632,131,0,-112,1
396,101,107,604,0,-86,1
396,102,562,354,0,-110,1
397,0,723,726,0,37,0
397,1,691,188,0,-257,0
397,2,396,689,0,18,0
397,3,125,415,0,-175,0
397,4,39,62,0,-83,0
397,5,37,88,0,77,0
397,6,318,273,0,-81,0
397,7,460,471,0,-155,0
397,8,633,345,0,-221,0
397,9,582,29,0,-66,0
397,10,363,206,0,-63,0
397,11,318,271,0,-135,0
397,12,337,616,0,50,0
397,13,262,130,0,-88,0
397,14,86,212,0,-24,0
397,15,33,216,0,-142,0
397,16,184,433,0,-232,0
397,17,399,639,0,-264,0
397,18,265,168,0,-56,0
397,19,86,353,0,-166,0
397,23,531,635,0,76,1
397,32,152,226,0,-201,1
397,36,466,483,0,-247,1
397,39,161,251,0,1,1
397,43,635,133,0,-114,1
397,46,554,252,0,-120,1
397,47,177,602,0,-2,1
397,52,243,340,0,-247,1
397,53,671,695,0,-248,1
397,54,89,171,0,-111,1
397,64,742,473,0,69,1
397,68,89,623,0,-187,1
397,69,105,172,0,-66,1
397,72,675,443,0,-204,1
397,74,542,312,0,-143,0
397,75,594,582,0,64,0
397,78,67,11,0,-187,1
397,84,8,345,0,-10,1
397,85,15,675,0,52,0
397,86,364,607,0,-158,1
397,87,46,310,0,-8,1
397,88,78,165,0,-69,1
397,89,565,355,0,-110,1
397,91,150,168,0,88,1
397,92,203,110,0,-118,1
397,93,113,172,0,-225,1
397,94,705,260,0,-253,1
397,95,427,87,0,57,1
397,96,311,297,0,-189,1
397,97,122,609,0,-141,1
397,98,455,525,0,-108,1
397,99,81,211,0,-9,0
397,100,634,132,0,-112,1
397,101,110,604,0,-86,1
397,102,565,354,0,-87,1
398,0,722,724,0,37,0
398,1,688,189,0,-257,0
398,2,395,686,0,18,0
398,3,126,418,0,-175,0
398,4,42,62,0,-83,0
398,5,34,88,0,77,0
398,6,321,272,0,-81,0
398,7,461,474,0,-155,0
398,8,633,345,0,-221,0
398,9,585,28,0,-66,0
398,10,366,204,0,-63,0
398,11,321,272,0,-105,0
398,12,334,614,0,50,0
398,13,265,130,0,-88,0
398,14,87,209,0,-24,0
398,15,35,219,0,-142,0
398,16,182,435,0,-232,0
398,17,396,640,0,-264,0
398,18,267,166,0,-56,0
398,19,86,356,0,-166,0
398,23,529,634,0,59,1
398,32,151,228,0,-202,1
398,36,463,484,0,-247,1
398,39,161,248,0,1,1
398,43,638,135,0,-114,1
398,46,557,254,0,-120,1
398,47,177,599,0,-2,1
398,52,241,342,0,-247,1
398,53,669,696,0,-248,1
398,54,92,171,0,-98,1
398,64,739,471,0,59,1
398,68,88,626,0,-187,1
398,69,108,171,0,-79,1
398,72,674,446,0,-204,1
398,74,544,314,0,-143,0
398,75,591,581,0,64,0
398,78,66,14,0,-187,1
398,84,9,342,0,-22,1
398,85,15,675,0,52,0
398,86,365,610,0,-158,1
398,87,47,307,0,-8,1
398,88,81,164,0,-69,1
398,89,567,356,0,-110,1
398,91,147,168,0,88,1
398,92,206,111,0,-118,1
398,93,110,174,0,-225,1
398,94,702,261,0,-253,1
398,95,425,85,0,57,1
398,96,311,300,0,-189,1
398,97,124,612,0,-141,1
398,98,458,526,0,-108,1
398,99,83,209,0,-36,0
398,100,637,133,0,-110,1
398,101,113,604,0,-86,1
398,102,568,354,0,-87,1
399,0,720,722,0,37,0
399,1,685,191,0,-236,0
399,2,394,683,0,18,0
399,3,126,421,0,-175,0
399,4,45,62,0,-94,0
399,5,31,87,0,77,0
399,6,324,272,0,-81,0
399,7,463,477,0,-155,0
399,8,633,345,0,-221,0
399,9,588,27,0,-70,0
399,10,368,203,0,-63,0
399,11,324,272,0,-105,0
399,12,332,612,0,50,0
399,13,268,130,0,-88,0
399,14,88,207,0,-24,0
399,15,37,221,0,-142,0
399,16,179,437,0,-232,0
399,17,393,640,0,-264,0
399,18,270,165,0,-56,0
399,19,87,359,0,-166,0
399,23,526,632,0,50,1
399,32,150,231,0,-202,1
399,36,460,486,0,-247,1
399,39,162,245,0,-21,1
399,43,641,136,0,-114,1
399,46,559,256,0,-142,1
399,47,177,596,0,-1,1
399,52,238,343,0,-247,1
399,53,666,697,0,-248,1
399,54,95,172,0,-98,1
399,64,736,470,0,59,1
399,68,88,629,0,-187,1
399,69,111,171,0,-79,1
399,72,672,449,0,-204,1
399,74,545,317,0,-166,0
399,75,589,580,0,64,0
399,78,66,17,0,-187,1
399,84,10,340,0,-22,1
399,85,15,675,0,52,0
399,86,366,612,0,-158,1
399,87,47,304,0,-8,1
399,88,84,163,0,-69,1
399,89,570,356,0,-86,1
399,91,144,167,0,88,1
399,92,209,112,0,-118,1
399,93,108,176,0,-225,1
399,94,699,262,0,-253,1
399,95,422,84,0,57,1
399,96,310,303,0,-189,1
399,97,126,614,0,-141,1
399,98,461,527,0,-108,1
399,99,85,206,0,-36,0
399,100,640,134,0,-110,1
399,101,116,605,0,-101,1
399,102,571,354,0,-87,1
400,0,718,719,0,37,0
400,1,682,191,0,-255,0
400,2,393,680,0,18,0
400,3,127,424,0,-156,0
400,4,48,62,0,-94,0
400,5,28,86,0,65,0
400,6,327,271,0,-81,0
400,7,463,480,0,-180,0
400,8,633,345,0,-221,0
400,9,591,26,0,-70,0
400,10,371,202,0,-63,0
400,11,327,273,0,-105,0
400,12,330,610,0,50,0
400,13,271,130,0,-88,0
400,14,89,204,0,-23,0
400,15,39,223,0,-142,0
400,16,177,439,0,-232,0
400,17,390,640,0,-261,0
400,18,273,164,0,-69,0
400,19,88,362,0,-166,0
400,23,524,630,0,50,1
400,32,150,234,0,-181,1
400,36,458,487,0,-247,1
400,39,163,242,0,-21,1
400,43,643,137,0,-114,1
400,46,560,259,0,-142,1
400,47,177,593,0,-1,1
400,52,235,344,0,-247,1
400,53,663,698,0,-248,1
400,54,98,172,0,-98,1
400,64,734,468,0,59,1
400,68,88,632,0,-187,1
400,69,114,170,0,-79,1
400,72,671,452,0,-204,1
400,74,545,320,0,-181,0
400,75,586,578,0,64,0
400,78,66,20,0,-187,1
400,84,11,337,0,-22,1
400,85,15,675,0,52,0
400,86,367,615,0,-155,1
400,87,47,301,0,-8,1
400,88,87,162,0,-69,1
400,89,573,356,0,-100,1
400,91,141,167,0,88,1
400,92,211,114,0,-118,1
400,93,106,178,0,-225,1
400,94,697,263,0,-253,1
400,95,420,82,0,48,1
400,96,309,306,0,-208,1
400,97,127,616,0,-150,1
400,98,464,527,0,-84,1
400,99,86,204,0,-31,0
400,100,643,135,0,-110,1
400,101,119,605,0,-101,1
400,102,574,353,0,-87,1
401,0,716,717,0,37,0
401,1,679,192,0,-255,0
401,2,391,678,0,40,0
401,3,128,426,0,-156,0
401,4,51,63,0,-94,0
401,5,25,84,0,65,0
401,6,330,271,0,-81,0
401,7,463,483,0,-180,0
401,8,633,345,0,-221,0
401,9,593,25,0,-70,0
401,10,374,202,0,-90,0
401,11,330,274,0,-105,0
401,12,327,609,0,74,0
401,13,274,130,0,-88,0
401,14,91,201,0,-23,0
401,15,41,226,0,-142,0
401,16,175,441,0,-219,0
401,17,387,641,0,-261,0
401,18,276,162,0,-69,0
401,19,89,365,0,-166,0
401,23,522,628,0,50,1
401,32,150,237,0,-181,1
401,36,455,488,0,-247,1
401,39,165,239,0,-21,1
401,43,646,138,0,-114,1
401,46,562,261,0,-142,1
401,47,177,590,0,-1,1
401,52,232,345,0,-247,1
401,53,660,699,0,-248,1
401,54,101,173,0,-98,1
401,64,731,467,0,59,1
401,68,87,634,0,-187,1
401,69,116,169,0,-76,1
401,72,670,454,0,-204,1
401,74,545,323,0,-181,0
401,75,583,577,0,64,0
401,78,65,23,0,-187,1
401,84,13,334,0,-22,1
401,85,15,675,0,52,0
401,86,368,618,0,-155,1
401,87,47,298,0,1,1
401,88,90,161,0,-69,1
401,89,576,357,0,-100,1
401,91,138,167,0,88,1
401,92,214,115,0,-118,1
401,93,104,180,0,-225,1
401,94,694,264,0,-253,1
401,95,418,80,0,48,1
401,96,307,308,0,-208,1
401,97,129,619,0,-150,1
401,98,467,526,0,-84,1
401,99,88,201,0,-31,0
401,100,646,135,0,-94,1
401,101,122,606,0,-101,1
401,102,577,353,0,-87,1
402,0,714,714,0,37,0
402,1,677,193,0,-255,0
402,2,389,676,0,40,0
402,3,130,429,0,-156,0
402,4,54,63,0,-94,0
402,5,23,83,0,65,0
402,6,333,270,0,-81,0
402,7,463,486,0,-166,0
402,8,633,345,0,-221,0
402,9,596,24,0,-70,0
402,10,377,202,0,-90,0
402,11,333,275,0,-105,0
402,12,324,608,0,74,0
402,13,277,130,0,-88,0
402,14,92,198,0,-23,0
402,15,43,228,0,-142,0
402,16,173,443,0,-219,0
402,17,384,641,0,-261,0
402,18,278,161,0,-69,0
402,19,89,368,0,-166,0
402,23,520,626,0,50,1
402,32,150,240,0,-181,1
402,36,452,489,0,-247,1
402,39,166,237,0,-21,1
402,43,649,140,0,-114,1
402,46,564,263,0,-142,1
402,47,177,587,0,-1,1
402,52,230,346,0,-247,1
402,53,658,702,0,-221,1
402,54,104,173,0,-98,1
402,64,729,465,0,59,1
402,68,87,637,0,-187,1
402,69,119,169,0,-76,1
402,72,669,457,0,-204,1
402,74,545,326,0,-181,0
402,75,580,576,0,64,0
402,78,65,26,0,-187,1
402,84,14,331,0,-22,1
402,85,15,675,0,52,0
402,86,370,621,0,-155,1
402,87,47,295,0,1,1
402,88,92,160,0,-71,1
402,89,579,358,0,-100,1
402,91,135,167,0,88,1
402,92,216,118,0,-146,1
402,93,102,182,0,-225,1
402,94,691,265,0,-253,1
402,95,416,77,0,36,1
402,96,307,311,0,-195,1
402,97,129,622,0,-174,1
402,98,470,526,0,-84,1
402,99,89,198,0,-31,0
402,100,649,136,0,-94,1
402,101,125,606,0,-101,1
402,102,580,353,0,-87,1
403,0,712,712,0,37,0
403,1,674,194,0,-255,0
403,2,387,673,0,40,0
403,3,131,432,0,-156,0
403,4,57,63,0,-94,0
403,5,20,82,0,65,0
403,6,336,270,0,-81,0
403,7,464,489,0,-166,0
403,8,633,345,0,-221,0
403,9,599,23,0,-70,0
403,10,380,202,0,-90,0
403,11,335,275,0,-105,0
403,12,321,607,0,74,0
403,13,280,129,0,-74,0
403,14,93,196,0,-23,0
403,15,44,231,0,-162,0
403,16,171,446,0,-219,0
403,17,381,642,0,-261,0
403,18,281,161,0,-76,0
403,19,90,371,0,-166,0
403,23,517,626,0,79,1
403,32,150,243,0,-181,1
403,36,449,490,0,-247,1
403,39,167,234,0,-21,1
403,43,651,141,0,-129,1
403,46,566,266,0,-142,1
403,47,177,584,0,-1,1
403,52,227,348,0,-238,1
403,53,656,704,0,-221,1
403,54,107,174,0,-98,1
403,64,726,465,0,77,1
403,68,87,640,0,-187,1
403,69,122,168,0,-76,1
403,72,667,459,0,-223,1
403,74,544,329,0,-181,0
403,75,578,574,0,64,0
403,78,64,28,0,-187,1
403,84,15,328,0,-22,1
403,85,15,675,0,52,0
403,86,371,623,0,-155,1
403,87,48,292,0,-14,1
403,88,95,159,0,-71,1
403,89,582,358,0,-100,1
403,91,132,167,0,88,1
403,92,217,120,0,-146,1
403,93,100,184,0,-225,1
403,94,688,266,0,-253,1
403,95,414,75,0,36,1
403,96,307,314,0,-179,1
403,97,130,625,0,-174,1
403,98,472,524,0,-58,1
403,99,91,196,0,-31,0
403,100,652,136,0,-94,1
403,101,128,607,0,-101,1
403,102,582,354,0,-113,1
404,0,711,710,0,37,0
404,1,671,194,0,-255,0
404,2,385,671,0,40,0
404,3,132,435,0,-156,0
404,4,60,63,0,-94,0
404,5,17,82,0,82,0
404,6,339,269,0,-81,0
404,7,465,492,0,-166,0
404,8,633,345,0,-221,0
404,9,602,22,0,-70,0
404,10,383,203,0,-119,0
404,11,338,276,0,-105,0
404,12,318,606,0,74,0
404,13,283,128,0,-74,0
404,14,94,193,0,-12,0
404,15,44,234,0,-162,0
404,16,170,448,0,-219,0
404,17,378,642,0,-261,0
404,18,284,160,0,-76,0
404,19,91,374,0,-166,0
404,23,514,625,0,79,1
404,32,149,246,0,-181,1
404,39,168,231,0,-21,1
404,43,653,143,0,-129,1
404,46,568,268,0,-142,1
404,47,177,581,0,-1,1
404,52,224,349,0,-238,1
404,53,654,706,0,-221,1
404,54,110,174,0,-98,1
404,64,723,464,0,77,1
404,68,86,643,0,-187,1
404,69,125,167,0,-76,1
404,72,665,461,0,-223,1
404,74,544,332,0,-181,0
404,75,575,573,0,64,0
404,78,64,31,0,-187,1
404,84,16,326,0,-22,1
404,85,15,675,0,52,0
404,86,372,626,0,-155,1
404,87,49,289,0,-14,1
404,88,98,158,0,-71,1
404,89,585,359,0,-100,1
404,91,129,167,0,88,1
404,92,219,123,0,-146,1
404,93,98,186,0,-225,1
404,94,685,266,0,-253,1
404,95,412,72,0,36,1
404,96,307,317,0,-179,1
404,97,131,628,0,-159,1
404,98,475,523,0,-58,1
404,99,92,193,0,-28,0
404,100,655,136,0,-94,1
404,101,131,607,0,-101,1
404,102,585,355,0,-113,1
405,0,709,707,0,37,0
405,1,668,195,0,-255,0
405,2,384,669,0,40,0
405,3,133,437,0,-156,0
405,4,62,64,0,-111,0
405,5,14,81,0,82,0
405,6,342,269,0,-81,0
405,7,466,494,0,-166,0
405,8,633,345,0,-221,0
405,9,605,21,0,-70,0
405,10,385,204,0,-119,0
405,11,341,277,0,-105,0
405,12,315,607,0,-262,0
405,13,286,127,0,-74,0
405,14,94,190,0,-12,0
405,15,45,237,0,-162,0
405,16,168,450,0,-219,0
405,17,375,643,0,-261,0
405,18,287,159,0,-76,0
405,19,92,376,0,-166,0
405,23,511,624,0,79,1
405,32,149,249,0,-181,1
405,39,170,229,0,-38,1
405,43,656,145,0,-129,1
405,46,570,270,0,-142,1
405,47,177,578,0,-1,1
405,52,222,351,0,-238,1
405,53,653,709,0,-201,1
405,54,113,175,0,-98,1
405,64,720,463,0,77,1
405,68,86,646,0,-187,1
405,69,128,166,0,-76,1
405,72,663,464,0,-223,1
405,74,544,335,0,-181,0
405,75,572,572,0,64,0
405,78,62,34,0,-213,1
405,84,17,323,0,-22,1
405,85,15,675,0,52,0
405,86,373,629,0,-155,1
405,87,50,286,0,-14,1
405,88,101,157,0,-71,1
405,89,588,359,0,-100,1
405,91,126,167,0,88,1
405,92,221,125,0,-126,1
405,93,96,189,0,-225,1
405,94,682,267,0,-253,1
405,95,412,69,0,9,1
405,96,307,320,0,-179,1
405,97,132,631,0,-159,1
405,98,478,522,0,-65,1
405,99,94,191,0,-28,0
405,100,658,137,0,-101,1
405,101,134,608,0,-101,1
405,102,587,358,0,-136,1
406,0,707,705,0,37,0
406,1,665,196,0,-255,0
406,2,382,666,0,40,0
406,3,135,440,0,-156,0
406,4,65,65,0,-111,0
406,5,11,81,0,82,0
406,6,345,268,0,-81,0
406,7,466,497,0,-166,0
406,8,633,345,0,-221,0
406,9,607,20,0,-70,0
406,10,388,206,0,-119,0
406,11,344,278,0,-105,0
406,12,312,607,0,89,0
406,13,288,126,0,-74,0
406,14,95,187,0,-9,0
406,15,46,239,0,-162,0
406,16,166,452,0,-219,0
406,17,372,643,0,-261,0
406,18,290,158,0,-76,0
406,19,92,379,0,-166,0
406,23,508,624,0,79,1
406,32,149,252,0,-189,1
406,39,172,227,0,-55,1
406,43,658,147,0,-129,1
406,46,571,273,0,-162,1
406,47,177,575,0,-1,1
406,52,219,353,0,-238,1
406,53,652,712,0,-201,1
406,54,116,175,0,-94,1
406,64,717,462,0,77,1
406,68,85,649,0,-187,1
406,69,131,165,0,-56,1
406,72,660,465,0,-236,1
406,74,544,338,0,-181,0
406,75,570,570,0,64,0
406,78,61,36,0,-213,1
406,84,19,321,0,-39,1
406,85,15,675,0,52,0
406,86,375,632,0,-155,1
406,87,50,283,0,-5,1
406,88,104,156,0,-71,1
406,89,591,360,0,-100,1
406,91,123,167,0,88,1
406,92,224,126,0,-126,1
406,94,679,268,0,-250,1
406,95,411,66,0,9,1
406,96,307,323,0,-177,1
406,97,133,633,0,-159,1
406,98,480,520,0,-65,1
406,99,95,188,0,-35,0
406,100,661,137,0,-95,1
406,101,137,608,0,-101,1
406,102,589,360,0,-136,1
407,0,705,703,0,37,0
407,1,662,197,0,-255,0
407,2,380,664,0,40,0
407,3,136,443,0,-156,0
407,4,68,67,0,-111,0
407,5,8,80,0,82,0
407,6,348,268,0,-81,0
407,7,466,500,0,-191,0
407,8,633,345,0,-221,0
407,9,610,19,0,-70,0
407,10,391,206,0,-92,0
407,11,347,279,0,-107,0
407,12,309,607,0,89,0
407,13,291,126,0,-79,0
407,14,96,184,0,-25,0
407,15,47,242,0,-162,0
407,16,164,455,0,-212,0
407,17,369,644,0,-261,0
407,18,293,158,0,-76,0
407,19,93,382,0,-166,0
407,23,505,623,0,81,1
407,32,148,255,0,-189,1
407,39,174,225,0,-55,1
407,43,660,149,0,-129,1
407,46,572,276,0,-162,1
407,47,177,572,0,-1,1
407,52,216,353,0,-260,1
407,53,651,714,0,-209,1
407,54,119,175,0,-94,1
407,64,714,462,0,77,1
407,68,86,652,0,-168,1
407,69,133,164,0,-68,1
407,72,658,467,0,-236,1
407,74,544,341,0,-187,0
407,75,567,569,0,64,0
407,78,59,39,0,-213,1
407,84,21,318,0,-39,1
407,85,15,675,0,52,0
407,86,376,634,0,-155,1
407,87,50,280,0,-5,1
407,88,107,155,0,-71,1
407,89,594,360,0,-100,1
407,91,120,167,0,88,1
407,92,226,128,0,-126,1
407,94,677,269,0,-250,1
407,95,411,63,0,9,1
407,96,307,326,0,-177,1
407,97,134,636,0,-159,1
407,98,483,519,0,-65,1
407,99,97,186,0,-35,0
407,100,664,137,0,-95,1
407,101,140,609,0,-94,1
407,102,591,362,0,-135,1
408,0,703,700,0,37,0
408,1,659,198,0,-255,0
408,2,378,662,0,40,0
408,3,137,446,0,-156,0
408,4,71,68,0,-111,0
408,5,5,79,0,71,0
408,6,351,267,0,-81,0
408,7,465,503,0,-191,0
408,8,633,345,0,-221,0
408,9,613,18,0,-70,0
408,10,394,206,0,-92,0
408,11,350,279,0,-107,0
408,12,306,607,0,89,0
408,13,294,125,0,-79,0
408,14,97,181,0,-25,0
408,15,48,245,0,-162,0
408,16,163,458,0,-212,0
408,17,366,644,0,-261,0
408,18,296,157,0,-76,0
408,19,94,385,0,-166,0
408,23,502,623,0,81,1
408,32,148,258,0,-189,1
408,39,177,223,0,-55,1
408,43,663,151,0,-129,1
408,46,572,279,0,-162,1
408,47,178,569,0,-1,1
408,52,213,354,0,-260,1
408,53,649,717,0,-209,1
408,54,121,176,0,-118,1
408,64,711,461,0,77,1
408,68,87,655,0,-168,1
408,69,136,162,0,-68,1
408,72,655,469,0,-236,1
408,74,544,344,0,-187,0
408,75,564,568,0,64,0
408,78,57,42,0,-213,1
408,84,23,316,0,-39,1
408,85,15,675,0,52,0
408,86,377,637,0,-155,1
408,87,50,277,0,-5,1
408,88,109,153,0,-54,1
408,89,597,361,0,-100,1
408,91,117,167,0,88,1
408,92,229,130,0,-126,1
408,94,674,270,0,-266,1
408,95,410,60,0,9,1
408,96,307,329,0,-177,1
408,97,135,639,0,-159,1
408,98,486,518,0,-66,1
408,99,99,183,0,-35,0
408,100,667,137,0,-95,1
408,101,143,609,0,-94,1
408,102,594,364,0,-135,1
409,0,702,698,0,37,0
409,1,656,199,0,-247,0
409,2,376,660,0,40,0
409,3,138,448,0,-156,0
409,4,74,69,0,-111,0
409,5,2,78,0,71,0
409,6,354,267,0,-81,0
409,7,465,506,0,-191,0
409,8,633,345,0,-221,0
409,9,616,17,0,-70,0
409,10,397,206,0,-92,0
409,11,353,280,0,-107,0
409,12,303,607,0,89,0
409,13,297,125,0,-79,0
409,14,98,179,0,-25,0
409,15,49,248,0,-162,0
409,16,161,460,0,-212,0
409,17,363,645,0,-261,0
409,18,299,157,0,-87,0
409,19,96,388,0,-143,0
409,23,499,622,0,81,1
409,32,148,261,0,-179,1
409,39,179,222,0,-55,1
409,43,665,153,0,-129,1
409,46,573,282,0,-163,1
409,47,178,566,0,-1,1
409,52,210,354,0,-260,1
409,53,649,720,0,-190,1
409,54,124,178,0,-118,1
409,64,709,459,0,48,1
409,68,87,658,0,-168,1
409,69,139,161,0,-68,1
409,72,653,470,0,-236,1
409,74,543,347,0,-187,0
409,75,562,566,0,64,0
409,78,56,44,0,-213,1
409,84,25,314,0,-45,1
409,85,15,675,0,52,0
409,86,378,640,0,-168,1
409,87,51,274,0,-5,1
409,88,112,151,0,-54,1
409,89,600,361,0,-100,1
409,91,114,167,0,88,1
409,92,231,132,0,-126,1
409,94,671,270,0,-266,1
409,95,410,57,0,9,1
409,96,307,332,0,-177,1
409,97,136,642,0,-159,1
409,98,489,517,0,-66,1
409,99,101,181,0,-35,0
409,100,670,138,0,-95,1
409,101,146,610,0,-109,1
409,102,596,366,0,-135,1
410,0,700,695,0,37,0
410,1,654,200,0,-247,0
410,2,373,658,0,69,0
410,3,139,451,0,-156,0
410,4,76,70,0,-111,0
410,5,-1,78,0,85,0
410,6,357,266,0,-81,0
410,7,464,509,0,-191,0
410,8,633,345,0,-221,0
410,9,619,17,0,-95,0
410,10,400,206,0,-92,0
410,11,356,281,0,-107,0
410,12,300,607,0,89,0
410,13,300,123,0,-58,0
410,14,100,176,0,-36,0
410,15,50,251,0,-162,0
410,16,159,463,0,-212,0
410,17,360,645,0,-261,0
410,18,302,157,0,-87,0
410,19,97,390,0,-143,0
410,23,496,622,0,81,1
410,32,148,264,0,-179,1
410,39,182,220,0,-55,1
410,43,667,155,0,-129,1
410,46,574,285,0,-163,1
410,47,178,563,0,-1,1
410,52,207,355,0,-260,1
410,53,648,723,0,-190,1
410,54,127,179,0,-118,1
410,64,707,457,0,39,1
410,68,88,661,0,-168,1
410,69,142,161,0,-83,1
410,72,650,472,0,-236,1
410,74,543,350,0,-187,0
410,75,559,565,0,64,0
410,78,54,47,0,-213,1
410,84,27,312,0,-45,1
410,85,15,675,0,52,0
410,86,379,643,0,-154,1
410,87,50,271,0,14,1
410,88,114,150,0,-54,1
410,89,603,362,0,-100,1
410,91,111,167,0,88,1
410,92,233,133,0,-126,1
410,94,668,270,0,-266,1
410,95,410,54,0,9,1
410,96,309,335,0,-151,1
410,97,137,645,0,-159,1
410,98,491,515,0,-52,1
410,99,102,178,0,-35,0
410,100,673,138,0,-95,1
410,101,148,611,0,-109,1
410,102,598,368,0,-135,1
411,0,698,693,0,37,0
411,1,651,201,0,-247,0
411,2,370,657,0,69,0
411,3,141,454,0,-156,0
411,4,79,71,0,-111,0
411,5,747,78,0,85,0
411,6,360,267,0,-99,0
411,7,463,512,0,-191,0
411,8,633,345,0,-221,0
411,9,622,17,0,-95,0
411,10,403,206,0,-92,0
411,11,359,281,0,-91,0
411,12,297,607,0,89,0
411,13,302,122,0,-58,0
411,14,102,174,0,-36,0
411,15,51,254,0,-162,0
411,16,158,465,0,-212,0
411,17,357,646,0,-261,0
411,18,304,155,0,-60,0
411,19,99,392,0,-143,0
411,23,493,622,0,81,1
411,32,148,267,0,-179,1
411,39,184,218,0,-63,1
411,43,669,157,0,-144,1
411,46,575,288,0,-163,1
411,47,178,560,0,-1,1
411,52,205,355,0,-260,1
411,53,648,726,0,-190,1
411,54,129,181,0,-118,1
411,64,705,454,0,39,1
411,68,87,664,0,-192,1
411,69,145,161,0,-83,1
411,72,647,472,0,-260,1
411,74,543,353,0,-187,0
411,75,556,564,0,77,0
411,78,52,49,0,-213,1
411,84,29,310,0,-57,1
411,85,15,675,0,52,0
411,86,381,645,0,-132,1
411,87,49,268,0,14,1
411,88,116,148,0,-54,1
411,89,606,362,0,-100,1
411,92,236,135,0,-126,1
411,94,665,270,0,-266,1
411,95,409,51,0,9,1
411,96,310,337,0,-146,1
411,97,138,647,0,-159,1
411,98,493,513,0,-52,1
411,99,104,176,0,-35,0
411,100,676,138,0,-95,1
411,101,151,612,0,-109,1
411,102,600,370,0,-135,1
412,0,696,691,0,37,0
412,1,648,201,0,86,0
412,2,367,656,0,69,0
412,3,142,456,0,-156,0
412,4,82,72,0,-111,0
412,5,744,78,0,85,0
412,6,362,266,0,-74,0
412,7,463,515,0,-191,0
412,8,633,345,0,-221,0
412,9,624,18,0,-119,0
412,10,406,206,0,-92,0
412,11,361,283,0,-115,0
412,12,294,606,0,89,0
412,13,305,120,0,-58,0
412,14,104,171,0,-36,0
412,15,52,257,0,-162,0
412,16,156,468,0,-212,0
412,17,354,646,0,-261,0
412,18,307,153,0,-54,0
412,19,101,395,0,-143,0
412,23,490,621,0,81,1
412,32,148,270,0,-179,1
412,39,187,217,0,-63,1
412,43,671,160,0,-144,1
412,46,576,290,0,-163,1
412,47,178,557,0,-1,1
412,52,202,356,0,-260,1
412,53,647,729,0,-190,1
412,54,132,182,0,-118,1
412,64,703,452,0,39,1
412,68,87,667,0,-192,1
412,69,148,161,0,-94,1
412,72,645,474,0,-236,1
412,74,541,355,0,-203,0
412,75,553,564,0,77,0
412,78,51,52,0,-213,1
412,84,31,308,0,-36,1
412,85,15,675,0,52,0
412,86,384,646,0,-115,1
412,88,119,147,0,-82,1
412,89,609,363,0,-100,1
412,92,238,137,0,-126,1
412,94,662,270,0,-266,1
412,95,407,49,0,38,1
412,96,312,340,0,-146,1
412,97,139,650,0,-159,1
412,98,496,511,0,-52,1
412,99,106,173,0,-35,0
412,100,679,138,0,-79,1
412,101,153,614,0,-133,1
412,102,602,373,0,-135,1
413,0,694,688,0,37,0
413,1,645,201,0,86,0
413,2,365,655,0,63,0
413,3,143,459,0,-156,0
413,4,85,73,0,-111,0
413,5,741,77,0,85,0
413,6,365,265,0,-64,0
413,7,462,518,0,-191,0
413,8,633,345,0,-221,0
413,9,627,20,0,-119,0
413,10,409,207,0,-92,0
413,11,364,284,0,-115,0
413,12,291,606,0,89,0
413,13,307,118,0,-58,0
413,14,105,169,0,-36,0
413,15,53,259,0,-162,0
413,16,155,471,0,-202,0
413,17,351,647,0,-261,0
413,18,309,152,0,-54,0
413,19,103,397,0,-135,0
413,23,487,619,0,55,1
413,32,148,273,0,-179,1
413,39,189,215,0,-33,1
413,43,673,162,0,-144,1
413,46,577,293,0,-163,1
413,47,178,554,0,-1,1
413,52,199,356,0,-260,1
413,53,647,732,0,-191,1
413,54,134,184,0,-137,1
413,64,702,450,0,39,1
413,68,86,670,0,-191,1
413,69,151,161,0,-94,1
413,72,642,476,0,-236,1
413,74,540,358,0,-203,0
413,75,550,563,0,73,0
413,78,49,54,0,-215,1
413,84,33,305,0,-36,1
413,85,15,675,0,52,0
413,86,387,647,0,-115,1
413,88,122,147,0,-82,1
413,89,612,363,0,-100,1
413,92,241,139,0,-126,1
413,94,659,271,0,-266,1
413,95,405,47,0,38,1
413,96,314,342,0,-146,1
413,97,140,653,0,-159,1
413,98,498,509,0,-52,1
413,99,107,171,0,-35,0
413,100,682,137,0,-79,1
413,101,156,616,0,-133,1
413,102,604,375,0,-135,1
414,0,692,686,0,37,0
414,1,642,201,0,86,0
414,2,362,654,0,63,0
414,3,144,462,0,-156,0
414,4,88,74,0,-111,0
414,5,738,77,0,85,0
414,6,368,264,0,-64,0
414,7,462,521,0,-191,0
414,8,633,345,0,-221,0
414,9,630,21,0,-119,0
414,10,412,207,0,-92,0
414,11,367,285,0,-119,0
414,12,288,607,0,-251,0
414,13,310,117,0,-66,0
414,14,107,166,0,-36,0
414,15,54,262,0,-162,0
414,16,154,473,0,-202,0
414,17,348,647,0,-261,0
414,18,312,150,0,-54,0
414,19,105,399,0,-135,0
414,23,485,618,0,55,1
414,32,149,276,0,-157,1
414,39,191,213,0,-60,1
414,43,674,164,0,-144,1
414,46,578,296,0,-163,1
414,47,178,551,0,-1,1
414,52,196,357,0,-260,1
414,53,646,735,0,-191,1
414,54,136,186,0,-137,1
414,64,700,447,0,39,1
414,68,86,673,0,-191,1
414,69,154,161,0,-94,1
414,72,640,477,0,-236,1
414,74,539,361,0,-203,0
414,75,547,562,0,73,0
414,78,47,56,0,-215,1
414,84,35,303,0,-36,1
414,85,15,675,0,52,0
414,86,389,649,0,-125,1
414,88,125,146,0,-82,1
414,89,615,364,0,-100,1
414,92,243,140,0,-126,1
414,94,656,272,0,-250,1
414,95,404,44,0,38,1
414,96,315,345,0,-147,1
414,97,141,656,0,-159,1
414,98,500,507,0,-44,1
414,99,109,168,0,-35,0
414,100,685,136,0,-79,1
414,101,158,618,0,-133,1
414,102,606,377,0,-135,1
415,0,691,683,0,37,0
415,1,639,200,0,86,0
415,2,359,652,0,63,0
415,3,146,465,0,-156,0
415,4,90,75,0,-111,0
415,5,735,77,0,85,0
415,6,371,262,0,-64,0
415,7,461,524,0,-191,0
415,8,633,345,0,-221,0
415,9,633,22,0,-95,0
415,10,415,207,0,-92,0
415,11,369,287,0,-119,0
415,12,286,608,0,-251,0
415,13,313,116,0,-66,0
415,14,109,164,0,-36,0
415,15,55,265,0,-162,0
415,16,153,476,0,-202,0
415,17,345,648,0,-261,0
415,18,314,148,0,-48,0
415,19,107,401,0,-135,0
415,23,483,616,0,55,1
415,32,151,279,0,-157,1
415,39,194,212,0,-60,1
415,43,675,167,0,-172,1
415,46,579,299,0,-163,1
415,47,177,548,0,11,1
415,52,193,357,0,-260,1
415,53,645,738,0,-191,1
415,54,138,189,0,-137,1
415,64,698,445,0,39,1
415,68,85,676,0,-191,1
415,69,157,161,0,-94,1
415,72,637,479,0,-236,1
415,74,538,364,0,-203,0
415,75,545,561,0,73,0
415,78,46,59,0,-215,1
415,84,36,300,0,-36,1
415,85,15,675,0,52,0
415,86,392,651,0,-125,1
415,88,128,146,0,-82,1
415,89,618,363,0,-77,1
415,92,246,142,0,-126,1
415,94,653,273,0,-250,1
415,95,402,42,0,38,1
415,96,317,347,0,-147,1
415,97,142,659,0,-159,1
415,98,502,505,0,-44,1
415,99,111,166,0,-35,0
415,100,687,135,0,-65,1
415,101,160,620,0,-133,1
415,102,609,378,0,-118,1
416,0,689,681,0,37,0
416,1,636,200,0,75,0
416,2,357,651,0,74,0
416,3,147,467,0,-156,0
416,4,93,76,0,-111,0
416,5,732,77,0,-261,0
416,6,373,261,0,-64,0
416,7,461,527,0,-191,0
416,8,633,345,0,-221,0
416,9,636,22,0,-95,0
416,10,418,207,0,-92,0
416,11,372,288,0,-119,0
416,12,283,609,0,-251,0
416,13,316,115,0,-66,0
416,14,111,162,0,-36,0
416,15,55,268,0,-162,0
416,16,152,479,0,-202,0
416,17,342,648,0,-261,0
416,18,316,146,0,-51,0
416,19,110,403,0,-135,0
416,23,480,614,0,55,1
416,32,152,281,0,-157,1
416,39,197,211,0,-71,1
416,43,676,170,0,-161,1
416,46,579,302,0,-163,1
416,47,177,545,0,11,1
416,52,190,358,0,-260,1
416,53,645,741,0,-191,1
416,54,140,191,0,-137,1
416,64,696,443,0,39,1
416,68,85,679,0,-170,1
416,69,160,162,0,-94,1
416,72,635,481,0,-236,1
416,74,537,366,0,-203,0
416,75,542,560,0,73,0
416,78,45,62,0,-200,1
416,84,38,298,0,-36,1
416,85,15,675,0,52,0
416,86,394,652,0,-125,1
416,88,131,147,0,-110,1
416,89,620,363,0,-77,1
416,92,248,144,0,-126,1
416,94,650,274,0,-250,1
416,95,400,40,0,38,1
416,96,319,350,0,-147,1
416,97,143,662,0,-159,1
416,98,504,502,0,-25,1
416,99,112,163,0,-35,0
416,100,690,134,0,-65,1
416,101,162,622,0,-133,1
416,102,612,378,0,-94,1
417,0,687,679,0,37,0
417,1,634,198,0,48,0
417,2,354,651,0,74,0
417,3,149,470,0,-135,0
417,4,96,77,0,-111,0
417,5,729,78,0,-261,0
417,6,376,260,0,-64,0
417,7,460,530,0,-191,0
417,8,633,345,0,-221,0
417,9,638,24,0,-124,0
417,10,421,208,0,-103,0
417,11,375,290,0,-119,0
417,12,280,610,0,-251,0
417,13,318,113,0,-66,0
417,14,111,159,0,-17,0
417,15,56,271,0,-162,0
417,16,151,482,0,-202,0
417,17,339,649,0,-261,0
417,18,319,144,0,-51,0
417,19,112,405,0,-135,0
417,23,477,613,0,62,1
417,32,154,284,0,-144,1
417,39,200,210,0,-71,1
417,43,677,173,0,-161,1
417,46,580,305,0,-163,1
417,47,176,542,0,11,1
417,52,187,358,0,-260,1
417,53,644,744,0,-191,1
417,54,142,193,0,-137,1
417,64,693,441,0,61,1
417,68,86,682,0,-170,1
417,69,163,162,0,-94,1
417,72,632,482,0,-236,1
417,74,535,369,0,-203,0
417,75,539,559,0,73,0
417,78,45,65,0,-178,1
417,84,40,295,0,-36,1
417,85,15,675,0,52,0
417,86,397,654,0,-125,1
417,88,134,148,0,-110,1
417,89,623,362,0,-77,1
417,92,250,146,0,-126,1
417,94,647,275,0,-250,1
417,95,398,37,0,38,1
417,96,320,352,0,-147,1
417,97,144,664,0,-160,1
417,98,505,500,0,-25,1
417,99,114,161,0,-23,0
417,100,693,133,0,-65,1
417,101,164,624,0,-133,1
417,102,615,379,0,-94,1
418,0,685,676,0,37,0
418,1,631,196,0,55,0
418,2,351,651,0,-259,0
418,3,151,472,0,-135,0
418,4,99,78,0,-111,0
418,5,726,78,0,-261,0
418,6,379,258,0,-64,0
418,7,460,533,0,-191,0
418,8,633,345,0,-221,0
418,9,641,24,0,-102,0
418,10,423,209,0,-122,0
418,11,377,291,0,-119,0
418,12,277,611,0,-251,0
418,13,321,112,0,-66,0
418,14,112,156,0,-17,0
418,15,57,274,0,-162,0
418,16,150,485,0,-202,0
418,17,337,650,0,-242,0
418,18,321,143,0,-67,0
418,19,114,407,0,-135,0
418,23,475,611,0,62,1
418,32,155,286,0,-144,1
418,39,203,209,0,-71,1
418,43,678,176,0,-161,1
418,46,581,308,0,-163,1
418,47,176,539,0,11,1
418,52,184,359,0,-260,1
418,53,644,746,0,-191,1
418,54,144,195,0,-130,1
418,64,691,440,0,61,1
418,68,86,685,0,-170,1
418,69,166,162,0,-94,1
418,72,630,484,0,-236,1
418,74,534,372,0,-203,0
418,75,536,558,0,73,0
418,78,45,68,0,-178,1
418,84,42,293,0,-36,1
418,85,15,675,0,52,0
418,86,399,656,0,-133,1
418,88,137,149,0,-110,1
418,89,626,361,0,-77,1
418,92,253,146,0,-98,1
418,94,645,276,0,-250,1
418,95,396,35,0,38,1
418,96,322,355,0,-147,1
418,97,144,667,0,-177,1
418,98,506,497,0,-25,1
418,99,115,158,0,-23,0
418,100,695,131,0,-65,1
418,101,166,626,0,-133,1
418,102,618,379,0,-94,1
418,103,630,484,0,-236,1
419,0,683,674,0,37,0
419,1,629,194,0,55,0
419,2,348,652,0,-259,0
419,3,153,474,0,-135,0
419,4,102,79,0,-105,0
419,5,723,79,0,-261,0
419,6,381,257,0,-64,0
419,7,459,536,0,-191,0
419,8,633,345,0,-221,0
419,9,644,25,0,-102,0
419,10,426,211,0,-122,0
419,11,379,293,0,-139,0
419,12,274,612,0,-251,0
419,13,324,111,0,-66,0
419,14,113,153,0,-17,0
419,15,58,277,0,-162,0
419,16,148,487,0,-202,0
419,17,334,652,0,-242,0
419,18,324,143,0,-91,0
419,19,116,410,0,-135,0
419,23,472,610,0,62,1
419,32,157,289,0,-144,1
419,39,205,208,0,-71,1
419,43,677,179,0,-187,1
419,46,582,311,0,-163,1
419,47,175,536,0,11,1
419,52,181,359,0,-260,1
419,53,643,749,0,-191,1
419,54,147,197,0,-130,1
419,64,688,438,0,61,1
419,68,86,687,0,-198,1
419,69,169,162,0,-94,1
419,72,627,486,0,-234,1
419,74,533,375,0,-203,0
419,75,533,558,0,73,0
419,78,45,71,0,-178,1
419,84,43,290,0,-36,1
419,85,15,675,0,52,0
419,86,401,658,0,-133,1
419,88,140,150,0,-110,1
419,89,629,361,0,-77,1
419,92,256,146,0,-98,1
419,94,642,277,0,-250,1
419,95,394,33,0,38,1
419,96,324,357,0,-123,1
419,97,144,670,0,-194,1
419,98,507,494,0,-25,1
419,99,117,156,0,-39,0
419,100,698,130,0,-65,1
419,101,169,628,0,-133,1
419,102,621,379,0,-94,1
419,103,627,486,0,-236,1
420,0,681,672,0,37,0
420,1,626,192,0,56,0
420,2,345,652,0,-262,0
420,3,155,476,0,-135,0
420,4,105,80,0,-105,0
420,5,720,79,0,-261,0
420,6,384,256,0,-64,0
420,7,458,539,0,-191,0
420,8,633,345,0,-221,0
420,9,647,25,0,-102,0
420,10,429,212,0,-122,0
420,11,381,296,0,-149,0
420,12,271,613,0,-251,0
420,13,327,111,0,-90,0
420,14,114,150,0,-17,0
420,15,59,279,0,-162,0
420,16,147,490,0,-215,0
420,17,332,653,0,-231,0
420,18,327,143,0,-91,0
420,19,118,412,0,-135,0
420,23,469,610,0,84,1
420,32,159,291,0,-144,1
420,39,208,207,0,-71,1
420,43,677,182,0,-187,1
420,46,582,314,0,-172,1
420,47,174,533,0,16,1
420,52,178,360,0,-260,1
420,53,643,752,0,-191,1
420,54,149,199,0,-130,1
420,64,685,437,0,61,1
420,68,85,690,0,-198,1
420,69,172,163,0,-94,1
420,72,626,488,0,-215,1
420,74,532,377,0,-203,0
420,75,530,557,0,73,0
420,78,45,74,0,-178,1
420,84,45,288,0,-36,1
420,85,15,675,0,52,0
420,86,403,660,0,-133,1
420,88,142,151,0,-110,1
420,89,632,360,0,-77,1
420,92,259,147,0,-98,1
420,94,639,278,0,-250,1
420,95,392,30,0,38,1
420,96,327,358,0,-123,1
420,97,143,673,0,-194,1
420,98,509,491,0,-25,1
420,99,118,153,0,-31,0
420,100,701,129,0,-62,1
420,101,171,630,0,-133,1
420,102,624,380,0,-109,1
420,103,625,487,0,-236,1
421,0,680,669,0,37,0
421,1,624,191,0,56,0
421,2,342,652,0,-262,0
421,3,157,478,0,-135,0
421,4,107,82,0,-129,0
421,5,717,79,0,-261,0
421,6,387,254,0,-64,0
421,7,458,542,0,-193,0
421,8,633,345,0,-221,0
421,9,650,26,0,-102,0
421,10,431,214,0,-122,0
421,11,382,299,0,-149,0
421,12,269,614,0,-251,0
421,13,330,111,0,-90,0
421,14,115,147,0,-17,0
421,15,61,281,0,-133,0
421,16,145,492,0,-215,0
421,17,329,655,0,-231,0
421,18,330,143,0,-91,0
421,19,120,414,0,-135,0
421,23,466,609,0,84,1
421,32,160,294,0,-160,1
421,39,211,206,0,-71,1
421,43,677,185,0,-188,1
421,46,583,317,0,-172,1
421,47,173,530,0,16,1
421,52,175,360,0,-260,1
421,53,642,3,0,-191,1
421,54,151,201,0,-130,1
421,64,683,435,0,61,1
421,68,84,693,0,-198,1
421,69,175,163,0,-94,1
421,72,624,491,0,-215,1
421,74,531,380,0,-203,0
421,75,527,556,0,73,0
421,78,45,77,0,-178,1
421,84,47,286,0,-36,1
421,85,15,675,0,52,0
421,86,405,662,0,-133,1
421,88,145,152,0,-110,1
421,89,635,359,0,-77,1
421,92,262,147,0,-98,1
421,94,636,279,0,-250,1
421,95,391,28,0,38,1
421,96,329,360,0,-123,1
421,97,142,676,0,-194,1
421,98,510,489,0,-25,1
421,99,120,150,0,-31,0
421,100,703,127,0,-62,1
421,101,173,632,0,-133,1
421,102,627,381,0,-109,1
421,103,622,489,0,-236,1
422,0,677,667,0,49,0
422,1,621,189,0,56,0
422,2,339,653,0,-262,0
422,3,160,480,0,-131,0
422,4,109,83,0,-129,0
422,5,714,80,0,-261,0
422,6,389,253,0,-66,0
422,7,457,544,0,-192,0
422,8,633,345,0,-221,0
422,9,653,27,0,-102,0
422,10,434,214,0,-92,0
422,11,384,301,0,-149,0
422,12,266,615,0,-251,0
422,13,333,111,0,-90,0
422,14,116,144,0,-17,0
422,15,63,284,0,-133,0
422,16,143,495,0,-215,0
422,17,326,656,0,-256,0
422,18,333,143,0,-92,0
422,19,122,416,0,-135,0
422,23,463,609,0,84,1
422,32,161,297,0,-160,1
422,39,214,205,0,-71,1
422,43,676,188,0,-188,1
422,46,583,320,0,-172,1
422,47,173,527,0,16,1
422,52,172,361,0,-260,1
422,53,643,6,0,-169,1
422,54,154,203,0,-130,1
422,64,680,434,0,57,1
422,68,82,695,0,-226,1
422,69,178,163,0,-94,1
422,72,622,493,0,-215,1
422,74,529,383,0,-203,0
422,75,524,555,0,73,0
422,78,45,80,0,-178,1
422,84,49,283,0,-36,1
422,85,15,675,0,52,0
422,86,408,664,0,-133,1
422,88,148,153,0,-110,1
422,89,638,358,0,-65,1
422,92,265,148,0,-98,1
422,94,633,278,0,83,1
422,95,389,26,0,38,1
422,96,332,361,0,-123,1
422,97,141,679,0,-194,1
422,98,511,486,0,-25,1
422,99,121,148,0,-31,0
422,100,706,126,0,-62,1
422,101,176,634,0,-121,1
422,102,629,382,0,-109,1
422,103,620,491,0,-236,1
423,0,675,665,0,49,0
423,1,619,187,0,56,0
423,2,336,654,0,-257,0
423,3,162,482,0,-131,0
423,4,112,85,0,-129,0
423,5,711,80,0,-261,0
423,6,392,252,0,-66,0
423,7,456,547,0,-192,0
423,8,633,345,0,-221,0
423,9,656,27,0,-102,0
423,10,437,214,0,-92,0
423,11,385,304,0,-149,0
423,12,263,616,0,-251,0
423,13,336,111,0,-90,0
423,14,116,141,0,-4,0
423,15,66,286,0,-133,0
423,16,141,497,0,-215,0
423,17,324,658,0,-231,0
423,18,336,143,0,-92,0
423,19,124,418,0,-135,0
423,23,460,609,0,84,1
423,32,162,300,0,-160,1
423,39,217,204,0,-71,1
423,43,675,191,0,-195,1
423,46,584,322,0,-172,1
423,47,172,525,0,16,1
423,52,169,361,0,-260,1
423,53,643,9,0,-169,1
423,54,157,204,0,-108,1
423,64,678,432,0,52,1
423,68,79,697,0,-226,1
423,69,181,163,0,-94,1
423,72,621,496,0,-215,1
423,74,528,386,0,-203,0
423,75,522,554,0,73,0
423,78,45,83,0,-178,1
423,84,51,282,0,-62,1
423,85,15,675,0,52,0
423,86,410,666,0,-133,1
423,88,151,154,0,-110,1
423,89,641,357,0,-72,1
423,92,268,149,0,-114,1
423,94,630,278,0,83,1
423,95,387,23,0,24,1
423,96,335,363,0,-123,1
423,97,141,682,0,-194,1
423,98,512,483,0,-25,1
423,99,123,145,0,-31,0
423,100,708,124,0,-38,1
423,101,178,636,0,-121,1
423,102,632,383,0,-109,1
423,103,617,492,0,-236,1
424,0,673,663,0,49,0
424,1,616,186,0,56,0
424,2,333,654,0,-257,0
424,3,164,484,0,-131,0
424,4,114,87,0,-129,0
424,5,708,81,0,-261,0
424,6,395,251,0,-66,0
424,7,457,550,0,-177,0
424,8,633,345,0,-221,0
424,9,659,28,0,-102,0
424,10,440,214,0,-92,0
424,11,387,306,0,-149,0
424,12,260,617,0,-251,0
424,13,339,111,0,-90,0
424,14,116,138,0,-4,0
424,15,68,288,0,-133,0
424,16,140,500,0,-215,0
424,17,322,660,0,-231,0
424,18,339,142,0,-67,0
424,19,126,420,0,-145,0
424,23,457,609,0,84,1
424,32,163,302,0,-160,1
424,39,220,203,0,-71,1
424,43,675,194,0,-195,1
424,46,584,325,0,-172,1
424,47,171,522,0,16,1
424,52,166,362,0,-260,1
424,53,644,12,0,-169,1
424,54,159,205,0,-108,1
424,64,676,430,0,52,1
424,68,77,699,0,-226,1
424,69,184,163,0,-94,1
424,72,620,499,0,-185,1
424,74,527,389,0,-203,0
424,75,519,553,0,73,0
424,78,45,86,0,-178,1
424,84,54,280,0,-62,1
424,85,15,675,0,52,0
424,86,412,668,0,-133,1
424,88,153,156,0,-132,1
424,89,643,356,0,-72,1
424,92,271,150,0,-114,1
424,94,627,277,0,78,1
424,95,386,20,0,31,1
424,96,337,365,0,-123,1
424,97,140,685,0,-194,1
424,98,514,480,0,-25,1
424,99,124,143,0,-31,0
424,100,710,121,0,-38,1
424,101,181,637,0,-121,1
424,102,635,384,0,-109,1
424,103,615,494,0,-236,1
425,0,671,661,0,49,0
425,1,614,184,0,56,0
425,2,330,655,0,-257,0
425,3,166,487,0,-152,0
425,4,116,90,0,-150,0
425,5,705,81,0,-261,0
425,6,398,250,0,-66,0
425,7,457,553,0,-177,0
425,8,633,345,0,-221,0
425,9,662,28,0,-102,0
425,10,443,214,0,-92,0
425,11,388,309,0,-149,0
425,12,257,618,0,-251,0
425,13,342,111,0,-80,0
425,14,116,135,0,-4,0
425,15,70,290,0,-133,0
425,16,138,502,0,-215,0
425,17,319,662,0,-231,0
425,18,342,141,0,-67,0
425,19,128,423,0,-136,0
425,23,454,608,0,84,1
425,32,164,305,0,-160,1
425,39,222,202,0,-71,1
425,43,674,197,0,-195,1
425,46,584,328,0,-172,1
425,47,170,519,0,16,1
425,52,163,362,0,-260,1
425,53,645,14,0,-149,1
425,54,162,205,0,-108,1
425,64,673,428,0,52,1
425,68,76,702,0,-206,1
425,69,187,164,0,-94,1
425,72,620,502,0,-185,1
425,74,526,391,0,-203,0
425,75,516,552,0,73,0
425,78,45,89,0,-178,1
425,84,57,279,0,-62,1
425,85,15,675,0,52,0
425,86,414,670,0,-133,1
425,88,155,158,0,-132,1
425,89,646,356,0,-80,1
425,92,274,151,0,-114,1
425,94,624,277,0,78,1
425,95,384,18,0,31,1
425,96,340,366,0,-123,1
425,97,139,688,0,-194,1
425,98,515,478,0,-25,1
425,99,126,140,0,-31,0
425,100,712,119,0,-38,1
425,101,183,639,0,-121,1
425,102,638,385,0,-109,1
425,103,612,496,0,-236,1
426,0,668,659,0,49,0
426,1,611,183,0,71,0
426,2,327,656,0,-257,0
426,3,167,489,0,-152,0
426,4,117,93,0,-157,0
426,5,702,82,0,-261,0
426,6,401,249,0,-76,0
426,7,457,556,0,-177,0
426,8,633,345,0,-221,0
426,9,665,29,0,-102,0
426,10,446,215,0,-92,0
426,11,390,311,0,-149,0
426,12,254,619,0,-251,0
426,13,345,110,0,-70,0
426,14,117,132,0,-4,0
426,15,71,292,0,-154,0
426,16,136,504,0,-215,0
426,17,317,664,0,-231,0
426,18,345,140,0,-67,0
426,19,130,425,0,-136,0
426,23,452,607,0,61,1
426,32,164,308,0,-182,1
426,39,225,201,0,-71,1
426,43,673,199,0,-195,1
426,46,586,331,0,-155,1
426,47,169,516,0,16,1
426,52,160,363,0,-260,1
426,53,647,17,0,-149,1
426,54,165,206,0,-108,1
426,64,671,426,0,52,1
426,68,75,705,0,-206,1
426,69,190,164,0,-94,1
426,72,620,505,0,-185,1
426,74,525,394,0,-203,0
426,75,513,551,0,73,0
426,78,47,91,0,-156,1
426,84,59,278,0,-62,1
426,85,15,675,0,52,0
426,86,416,672,0,-133,1
426,88,157,160,0,-132,1
426,89,649,355,0,-79,1
426,92,276,153,0,-114,1
426,94,621,276,0,78,1
426,95,383,15,0,31,1
426,96,342,368,0,-123,1
426,97,139,691,0,-194,1
426,98,516,475,0,-25,1
426,99,127,138,0,-31,0
426,100,713,116,0,-31,1
426,101,186,640,0,-121,1
426,102,640,387,0,-122,1
426,103,610,497,0,-236,1
427,0,666,657,0,49,0
427,1,608,182,0,71,0
427,2,324,656,0,-257,0
427,3,169,492,0,-152,0
427,4,118,95,0,-157,0
427,5,700,81,0,78,0
427,6,404,248,0,-76,0
427,7,457,559,0,-177,0
427,8,633,345,0,-221,0
427,9,667,30,0,-102,0
427,10,449,214,0,-89,0
427,11,391,314,0,-149,0
427,12,252,620,0,-251,0
427,13,347,108,0,-70,0
427,14,118,130,0,-27,0
427,15,73,295,0,-154,0
427,16,135,507,0,-215,0
427,17,315,666,0,-220,0
427,18,347,138,0,-67,0
427,19,132,427,0,-136,0
427,23,449,605,0,61,1
427,32,165,311,0,-166,1
427,39,228,200,0,-71,1
427,43,672,202,0,-195,1
427,46,587,334,0,-155,1
427,47,168,513,0,16,1
427,52,157,363,0,-260,1
427,53,649,19,0,-149,1
427,54,168,206,0,-90,1
427,64,670,424,0,26,1
427,68,73,708,0,-206,1
427,69,193,164,0,-94,1
427,72,619,508,0,-185,1
427,74,523,397,0,-203,0
427,75,510,550,0,71,0
427,78,47,94,0,-165,1
427,84,62,276,0,-62,1
427,85,15,675,0,52,0
427,86,419,674,0,-133,1
427,88,160,162,0,-132,1
427,89,652,356,0,-101,1
427,92,279,152,0,-85,1
427,94,618,275,0,78,1
427,95,381,13,0,31,1
427,96,345,369,0,-115,1
427,97,138,694,0,-194,1
427,98,518,472,0,-25,1
427,99,129,135,0,-31,0
427,100,716,115,0,-59,1
427,101,188,642,0,-121,1
427,102,643,388,0,-122,1
427,103,607,499,0,-236,1
428,0,664,655,0,49,0
428,1,606,181,0,71,0
428,2,322,658,0,-234,0
428,3,170,494,0,-152,0
428,4,119,98,0,-151,0
428,5,697,80,0,78,0
428,6,406,247,0,-76,0
428,7,457,562,0,-177,0
428,8,633,345,0,-221,0
428,9,670,30,0,-102,0
428,10,452,214,0,-89,0
428,11,393,317,0,-149,0
428,12,249,621,0,-251,0
428,13,350,107,0,-70,0
428,14,119,127,0,-27,0
428,15,74,298,0,-154,0
428,16,133,509,0,-215,0
428,17,313,668,0,-220,0
428,18,350,137,0,-67,0
428,19,134,429,0,-136,0
428,23,446,604,0,61,1
428,32,165,314,0,-169,1
428,39,231,199,0,-71,1
428,43,672,205,0,-195,1
428,46,587,337,0,-174,1
428,47,168,510,0,16,1
428,52,154,362,0,72,1
428,53,650,22,0,-149,1
428,54,171,207,0,-103,1
428,64,668,421,0,33,1
428,68,72,710,0,-206,1
428,69,196,164,0,-94,1
428,72,619,511,0,-185,1
428,74,522,400,0,-203,0
428,75,507,550,0,78,0
428,78,48,97,0,-165,1
428,84,65,275,0,-62,1
428,85,15,675,0,52,0
428,86,421,677,0,-133,1
428,88,161,165,0,-148,1
428,89,655,357,0,-113,1
428,92,282,152,0,-85,1
428,94,615,275,0,78,1
428,95,380,10,0,31,1
428,96,348,370,0,-115,1
428,97,137,696,0,-194,1
428,98,519,470,0,-25,1
428,99,131,132,0,-31,0
428,100,718,113,0,-59,1
428,101,191,643,0,-107,1
428,102,646,390,0,-122,1
428,103,605,501,0,-236,1
429,0,662,653,0,49,0
429,1,603,180,0,71,0
429,2,319,660,0,-234,0
429,3,171,497,0,-152,0
429,4,121,101,0,-151,0
429,5,694,80,0,78,0
429,6,409,246,0,-72,0
429,7,457,565,0,-177,0
429,8,633,345,0,-221,0
429,9,673,31,0,-102,0
429,10,455,214,0,-89,0
429,11,395,318,0,-125,0
429,12,246,622,0,-251,0
429,13,353,106,0,-70,0
429,14,121,124,0,-27,0
429,15,75,301,0,-154,0
429,16,131,512,0,-223,0
429,17,312,671,0,-211,0
429,18,352,135,0,-43,0
429,19,137,431,0,-136,0
429,23,444,602,0,55,1
429,32,166,317,0,-169,1
429,39,234,198,0,-71,1
429,43,671,208,0,-195,1
429,46,588,340,0,-174,1
429,47,168,507,0,-1,1
429,52,152,361,0,72,1
429,53,652,25,0,-149,1
429,54,174,208,0,-103,1
429,64,666,419,0,33,1
429,68,71,713,0,-206,1
429,69,199,164,0,-94,1
429,72,619,514,0,-185,1
429,74,521,402,0,-203,0
429,75,504,550,0,-267,0
429,78,49,100,0,-165,1
429,84,67,273,0,-62,1
429,85,15,675,0,52,0
429,86,423,679,0,-133,1
429,88,163,167,0,-148,1
429,89,658,358,0,-113,1
429,92,285,152,0,-85,1
429,94,612,274,0,78,1
429,95,378,7,0,31,1
429,96,350,372,0,-115,1
429,97,136,699,0,-194,1
429,98,520,467,0,-25,1
429,99,132,130,0,-31,0
429,100,721,112,0,-59,1
429,101,194,644,0,-107,1
429,102,648,391,0,-122,1
429,103,602,502,0,-236,1
430,0,659,651,0,49,0
430,1,600,179,0,71,0
430,2,317,662,0,-234,0
430,3,173,500,0,-152,0
430,4,122,103,0,-151,0
430,5,691,79,0,78,0
430,6,412,246,0,-72,0
430,7,458,568,0,-177,0
430,8,633,345,0,-221,0
430,9,676,32,0,-102,0
430,10,458,214,0,-89,0
430,11,398,320,0,-125,0
430,12,243,623,0,-251,0
430,13,356,105,0,-70,0
430,14,122,122,0,-27,0
430,15,77,303,0,-154,0
430,16,129,514,0,-221,0
430,17,310,673,0,-211,0
430,18,355,133,0,-54,0
430,19,139,433,0,-136,0
430,23,441,600,0,55,1
430,32,166,320,0,-169,1
430,39,237,197,0,-71,1
430,43,670,211,0,-195,1
430,46,588,343,0,-174,1
430,47,168,504,0,-1,1
430,52,149,360,0,72,1
430,53,654,26,0,-120,1
430,54,177,208,0,-103,1
430,64,664,416,0,44,1
430,68,70,716,0,-188,1
430,69,202,165,0,-94,1
430,72,617,516,0,-213,1
430,74,520,405,0,-203,0
430,75,502,551,0,-240,0
430,78,50,103,0,-165,1
430,84,70,273,0,-80,1
430,85,15,675,0,52,0
430,86,425,681,0,-133,1
430,88,164,170,0,-155,1
430,89,660,359,0,-120,1
430,92,288,151,0,-85,1
430,94,610,274,0,78,1
430,95,377,5,0,31,1
430,96,353,373,0,-115,1
430,97,136,702,0,-194,1
430,98,521,464,0,-25,1
430,99,134,127,0,-31,0
430,100,723,110,0,-59,1
430,101,197,644,0,-107,1
430,102,651,393,0,-122,1
430,103,600,504,0,-236,1
431,0,657,649,0,49,0
431,1,597,178,0,71,0
431,2,315,663,0,-234,0
431,3,174,502,0,-147,0
431,4,124,106,0,-151,0
431,5,688,79,0,78,0
431,6,415,245,0,-82,0
431,7,458,571,0,-177,0
431,8,633,345,0,-221,0
431,9,679,32,0,-102,0
431,10,461,214,0,-89,0
431,11,400,322,0,-125,0
431,12,240,624,0,-252,0
431,13,359,104,0,-70,0
431,14,123,119,0,-27,0
431,15,78,306,0,-154,0
431,16,127,516,0,-221,0
431,17,309,676,0,-211,0
431,18,357,132,0,-54,0
431,19,141,436,0,-136,0
431,23,439,599,0,55,1
431,32,166,323,0,-195,1
431,39,239,196,0,-67,1
431,43,670,214,0,-173,1
431,46,588,346,0,-188,1
431,47,168,501,0,-1,1
431,52,146,360,0,72,1
431,53,657,28,0,-120,1
431,54,180,209,0,-103,1
431,64,662,414,0,44,1
431,68,71,719,0,-172,1
431,69,204,166,0,-115,1
431,72,616,519,0,-213,1
431,74,520,408,0,-176,0
431,75,499,553,0,-240,0
431,78,51,106,0,-165,1
431,84,73,272,0,-80,1
431,85,15,675,0,52,0
431,86,427,683,0,-141,1
431,88,165,173,0,-166,1
431,89,663,361,0,-120,1
431,92,291,151,0,-85,1
431,94,607,273,0,78,1
431,95,375,2,0,36,1
431,96,356,374,0,-115,1
431,97,135,705,0,-194,1
431,98,523,461,0,-25,1
431,99,135,125,0,-31,0
431,100,726,109,0,-59,1
431,101,200,645,0,-107,1
431,102,653,395,0,-122,1
431,103,597,506,0,-236,1
431,104,356,374,0,-115,1
432,0,655,648,0,49,0
432,1,594,177,0,71,0
432,2,312,665,0,-234,0
432,3,175,505,0,-175,0
432,4,125,108,0,-150,0
432,5,685,78,0,78,0
432,6,418,245,0,-94,0
432,7,458,574,0,-177,0
432,8,633,345,0,-221,0
432,9,682,33,0,-102,0
432,10,464,214,0,-89,0
432,11,402,324,0,-152,0
432,12,237,625,0,-252,0
432,13,362,103,0,-70,0
432,14,125,116,0,-27,0
432,15,79,309,0,-154,0
432,16,125,518,0,-221,0
432,17,307,679,0,-211,0
432,18,359,130,0,-54,0
432,19,143,438,0,-136,0
432,23,437,597,0,55,1
432,32,165,326,0,-195,1
432,39,242,195,0,-67,1
432,43,671,217,0,-173,1
432,46,587,349,0,-188,1
432,47,168,498,0,-1,1
432,52,143,359,0,72,1
432,53,659,29,0,-123,1
432,54,183,210,0,-105,1
432,64,660,412,0,44,1
432,68,71,722,0,-172,1
432,69,207,167,0,-115,1
432,72,614,521,0,-213,1
432,74,520,411,0,-176,0
432,75,496,554,0,-240,0
432,78,51,109,0,-165,1
432,84,76,272,0,-80,1
432,85,15,675,0,52,0
432,86,429,685,0,-141,1
432,88,166,176,0,-166,1
432,89,666,362,0,-120,1
432,92,294,151,0,-85,1
432,94,604,272,0,78,1
432,95,373,0,0,36,1
432,96,358,376,0,-115,1
432,97,134,708,0,-194,1
432,98,524,459,0,-25,1
432,99,137,122,0,-31,0
432,100,729,107,0,-59,1
432,101,203,646,0,-98,1
432,102,656,396,0,-114,1
432,103,595,507,0,-236,1
432,104,358,376,0,-115,1
433,0,653,645,0,33,0
433,1,591,176,0,71,0
433,2,310,667,0,-234,0
433,3,175,508,0,-175,0
433,4,127,111,0,-150,0
433,5,682,77,0,78,0
433,6,421,245,0,-94,0
433,7,458,577,0,-177,0
433,8,633,345,0,-221,0
433,9,685,33,0,-102,0
433,10,467,214,0,-89,0
433,11,404,326,0,-123,0
433,12,234,626,0,-252,0
433,13,364,102,0,-70,0
433,14,126,114,0,-27,0
433,15,80,311,0,-156,0
433,16,123,521,0,-221,0
433,17,306,681,0,-211,0
433,18,362,128,0,-54,0
433,19,145,439,0,-124,0
433,23,434,595,0,55,1
433,32,164,329,0,-195,1
433,39,245,193,0,-67,1
433,43,671,220,0,-173,1
433,46,587,352,0,-188,1
433,47,169,495,0,-20,1
433,52,140,358,0,72,1
433,53,662,31,0,-123,1
433,54,185,212,0,-131,1
433,64,658,410,0,44,1
433,68,70,725,0,-190,1
433,69,210,168,0,-115,1
433,72,614,524,0,-189,1
433,74,521,414,0,-176,0
433,75,495,557,0,-216,0
433,78,52,112,0,-165,1
433,84,79,271,0,-80,1
433,85,15,675,0,52,0
433,86,431,688,0,-141,1
433,88,166,179,0,-166,1
433,89,668,364,0,-120,1
433,92,297,151,0,-85,1
433,94,601,271,0,64,1
433,95,371,748,0,36,1
433,96,361,377,0,-115,1
433,97,133,711,0,-194,1
433,98,525,456,0,-25,1
433,99,138,119,0,-31,0
433,100,732,107,0,-83,1
433,101,206,646,0,-98,1
433,102,659,397,0,-114,1
433,103,592,509,0,-236,1
433,104,361,377,0,-115,1
434,0,651,642,0,33,0
434,1,589,175,0,71,0
434,2,307,668,0,-251,0
434,3,175,511,0,-175,0
434,4,128,114,0,-150,0
434,5,679,77,0,78,0
434,6,424,246,0,-94,0
434,7,458,580,0,-177,0
434,8,633,345,0,-221,0
434,9,688,34,0,-102,0
434,10,470,215,0,-100,0
434,11,407,328,0,-123,0
434,12,232,627,0,-252,0
434,13,367,101,0,-70,0
434,14,127,111,0,-27,0
434,15,82,314,0,-156,0
434,16,121,523,0,-221,0
434,17,304,684,0,-206,0
434,18,364,126,0,-54,0
434,19,148,441,0,-124,0
434,23,432,593,0,49,1
434,32,162,331,0,-223,1
434,39,248,192,0,-67,1
434,43,671,223,0,-173,1
434,46,586,355,0,-188,1
434,52,137,357,0,72,1
434,53,664,33,0,-123,1
434,54,187,214,0,-131,1
434,64,656,408,0,44,1
434,68,70,728,0,-190,1
434,69,212,170,0,-121,1
434,72,613,527,0,-189,1
434,74,521,417,0,-176,0
434,75,493,559,0,-216,0
434,78,53,115,0,-165,1
434,84,82,271,0,-80,1
434,85,15,675,0,52,0
434,86,433,690,0,-141,1
434,88,168,181,0,-139,1
434,89,671,365,0,-120,1
434,92,300,150,0,-85,1
434,94,598,270,0,64,1
434,95,370,745,0,36,1
434,96,364,378,0,-115,1
434,97,133,714,0,-184,1
434,98,526,453,0,-8,1
434,99,140,117,0,-31,0
434,100,735,106,0,-83,1
434,101,209,646,0,-89,1
434,102,661,399,0,-124,1
434,103,590,511,0,-221,1
434,104,364,378,0,-115,1
434,105,137,357,0,72,1
435,0,650,640,0,33,0
435,1,586,174,0,73,0
435,2,304,669,0,-251,0
435,3,175,514,0,-175,0
435,4,130,116,0,-150,0
435,5,676,76,0,78,0
435,6,427,246,0,-94,0
435,7,458,583,0,-177,0
435,8,633,345,0,-221,0
435,9,691,35,0,-102,0
435,10,473,215,0,-100,0
435,11,409,329,0,-123,0
435,12,229,627,0,-252,0
435,13,370,100,0,-70,0
435,14,129,108,0,-27,0
435,15,83,317,0,-156,0
435,16,119,525,0,-221,0
435,17,303,686,0,-206,0
435,18,367,125,0,-54,0
435,19,150,443,0,-124,0
435,23,429,592,0,56,1
435,32,160,333,0,-223,1
435,39,250,191,0,-67,1
435,43,672,226,0,-173,1
435,46,587,358,0,-175,1
435,52,134,356,0,72,1
435,53,667,34,0,-123,1
435,54,189,216,0,-131,1
435,64,654,406,0,47,1
435,68,69,731,0,-190,1
435,69,215,172,0,-121,1
435,72,613,530,0,-189,1
435,74,521,420,0,-176,0
435,75,491,562,0,-216,0
435,78,54,118,0,-165,1
435,84,85,270,0,-82,1
435,85,15,675,0,52,0
435,86,435,692,0,-141,1
435,88,169,184,0,-165,1
435,89,673,367,0,-123,1
435,92,303,150,0,-85,1
435,94,596,268,0,64,1
435,95,368,743,0,36,1
435,96,367,379,0,-115,1
435,97,133,717,0,-180,1
435,98,525,450,0,17,1
435,99,141,114,0,-31,0
435,100,737,106,0,-83,1
435,101,212,646,0,-89,1
435,102,664,400,0,-124,1
435,103,588,513,0,-221,1
435,104,367,379,0,-115,1
435,105,134,356,0,72,1
435,106,737,106,0,-83,1
436,0,648,637,0,33,0
436,1,583,173,0,73,0
436,2,301,670,0,-251,0
436,3,176,517,0,-175,0
436,4,131,119,0,-150,0
436,5,673,75,0,78,0
436,6,430,246,0,-94,0
436,7,459,586,0,-177,0
436,8,633,345,0,-221,0
436,9,694,36,0,-113,0
436,10,476,216,0,-100,0
436,11,412,331,0,-123,0
436,12,226,627,0,79,0
436,13,373,99,0,-70,0
436,14,130,106,0,-27,0
436,15,84,320,0,-157,0
436,16,117,527,0,-221,0
436,17,302,689,0,-206,0
436,18,369,123,0,-54,0
436,19,152,445,0,-149,0
436,23,427,590,0,56,1
436,32,158,335,0,-223,1
436,39,253,190,0,-67,1
436,43,672,229,0,-173,1
436,46,587,361,0,-175,1
436,52,132,355,0,72,1
436,53,669,36,0,-123,1
436,54,192,218,0,-131,1
436,64,651,404,0,47,1
436,68,70,734,0,-168,1
436,69,218,173,0,-121,1
436,72,612,533,0,-189,1
436,74,521,423,0,-176,0
436,75,491,565,0,-192,0
436,78,55,120,0,-165,1
436,84,88,270,0,-82,1
436,85,15,675,0,52,0
436,86,437,694,0,-125,1
436,88,170,187,0,-165,1
436,89,676,369,0,-123,1
436,92,306,150,0,-85,1
436,94,593,267,0,64,1
436,95,368,740,0,7,1
436,96,369,381,0,-115,1
436,97,135,720,0,-151,1
436,98,524,447,0,17,1
436,99,143,112,0,-31,0
436,100,740,106,0,-83,1
436,101,215,646,0,-89,1
436,102,666,402,0,-124,1
436,103,586,516,0,-221,1
436,104,369,381,0,-115,1
436,105,131,356,0,83,1
436,106,740,107,0,-112,1
437,0,647,635,0,23,0
437,1,580,172,0,73,0
437,2,299,671,0,-231,0
437,3,176,520,0,-175,0
437,4,133,121,0,-150,0
437,5,670,76,0,-255,0
437,6,433,246,0,-94,0
437,7,459,589,0,-177,0
437,8,633,345,0,-221,0
437,9,697,37,0,-113,0
437,10,479,216,0,-100,0
437,11,414,332,0,-113,0
437,12,223,626,0,79,0
437,13,376,98,0,-70,0
437,14,132,103,0,-27,0
437,15,85,322,0,-157,0
437,16,115,530,0,-221,0
437,17,300,692,0,-206,0
437,18,372,121,0,-54,0
437,19,153,448,0,-147,0
437,23,424,589,0,81,1
437,32,156,337,0,-223,1
437,39,256,189,0,-67,1
437,43,672,232,0,-173,1
437,46,587,364,0,-175,1
437,52,129,354,0,72,1
437,53,672,37,0,-123,1
437,54,194,220,0,-131,1
437,64,649,402,0,50,1
437,68,71,737,0,-168,1
437,69,221,174,0,-100,1
437,72,612,536,0,-189,1
437,74,521,426,0,-185,0
437,75,490,567,0,-192,0
437,78,55,123,0,-165,1
437,84,90,268,0,-60,1
437,85,15,675,0,52,0
437,86,440,696,0,-125,1
437,88,171,190,0,-165,1
437,89,678,371,0,-132,1
437,92,309,149,0,-85,1
437,94,590,266,0,64,1
437,95,367,737,0,7,1
437,96,372,382,0,-115,1
437,97,136,722,0,-151,1
437,98,523,444,0,17,1
437,99,144,109,0,-31,0
437,100,743,105,0,-83,1
437,101,218,646,0,-89,1
437,102,669,404,0,-124,1
437,103,584,518,0,-221,1
437,104,372,381,0,-94,1
437,105,128,355,0,83,1
437,106,743,108,0,-112,1
438,0,646,632,0,23,0
438,1,577,171,0,73,0
438,2,296,673,0,-231,0
438,3,176,523,0,-175,0
438,4,133,124,0,-179,0
438,5,667,77,0,-255,0
438,6,436,246,0,-76,0
438,7,459,592,0,-177,0
438,8,633,345,0,-221,0
438,9,698,39,0,-143,0
438,10,482,216,0,-92,0
438,11,417,333,0,-113,0
438,12,220,625,0,57,0
438,13,379,97,0,-78,0
438,14,133,100,0,-27,0
438,15,86,325,0,-157,0
438,16,113,532,0,-215,0
438,17,299,695,0,-206,0
438,18,374,119,0,-54,0
438,19,155,450,0,-147,0
438,23,421,589,0,81,1
438,32,154,340,0,-223,1
438,39,259,188,0,-78,1
438,43,671,235,0,-200,1
438,46,589,366,0,-148,1
438,52,126,353,0,72,1
438,53,674,39,0,-133,1
438,54,196,222,0,-131,1
438,64,647,400,0,50,1
438,68,71,739,0,-168,1
438,69,224,174,0,-100,1
438,72,611,539,0,-189,1
438,74,520,429,0,-202,0
438,75,489,570,0,-192,0
438,78,56,126,0,-165,1
438,84,93,267,0,-52,1
438,85,15,675,0,52,0
438,86,442,697,0,-125,1
438,88,171,193,0,-165,1
438,89,680,373,0,-132,1
438,92,312,148,0,-67,1
438,94,588,264,0,64,1
438,95,367,734,0,7,1
438,96,374,384,0,-140,1
438,97,138,725,0,-151,1
438,98,522,442,0,17,1
438,99,146,107,0,-31,0
438,100,746,105,0,-83,1
438,101,221,646,0,-89,1
438,102,671,406,0,-124,1
438,103,582,520,0,-232,1
438,104,375,381,0,-94,1
438,105,125,355,0,83,1
438,106,746,109,0,-112,1
438,107,587,266,0,-270,1
439,0,645,629,0,23,0
439,1,575,170,0,52,0
439,2,294,675,0,-243,0
439,3,176,526,0,-175,0
439,4,133,127,0,-179,0
439,5,664,77,0,88,0
439,6,439,245,0,-87,0
439,7,459,595,0,-177,0
439,8,633,345,0,-221,0
439,9,699,42,0,-167,0
439,10,485,217,0,-92,0
439,11,420,334,0,-113,0
439,12,217,624,0,78,0
439,13,381,97,0,-78,0
439,14,134,98,0,-27,0
439,15,88,328,0,-157,0
439,16,111,534,0,-230,0
439,17,297,697,0,-209,0
439,18,376,117,0,-54,0
439,19,157,453,0,-140,0
439,23,418,588,0,81,1
439,32,152,342,0,-223,1
439,39,261,186,0,-51,1
439,43,670,238,0,-200,1
439,46,590,369,0,-148,1
439,52,123,353,0,85,1
439,53,676,42,0,-133,1
439,54,199,223,0,-131,1
439,64,645,398,0,50,1
439,68,72,742,0,-168,1
439,69,226,175,0,-100,1
439,72,611,542,0,-189,1
439,74,519,432,0,-202,0
439,75,489,573,0,-192,0
439,78,57,129,0,-165,1
439,84,95,265,0,-52,1
439,85,15,675,0,52,0
439,86,445,698,0,-108,1
439,88,172,196,0,-165,1
439,89,683,375,0,-132,1
439,92,314,146,0,-46,1
439,94,585,263,0,64,1
439,95,366,731,0,7,1
439,96,376,386,0,-140,1
439,97,139,728,0,-151,1
439,99,147,104,0,-31,0
439,100,749,104,0,-80,1
439,101,224,646,0,-89,1
439,102,673,407,0,-124,1
439,103,580,522,0,-232,1
439,104,378,381,0,-94,1
439,105,123,356,0,-254,1
439,106,749,110,0,-112,1
439,107,584,266,0,-263,1
440,0,644,626,0,16,0
440,1,572,168,0,52,0
440,2,291,676,0,-243,0
440,3,177,529,0,-175,0
440,4,133,130,0,-179,0
440,5,661,77,0,88,0
440,6,442,245,0,-87,0
440,7,459,598,0,-177,0
440,8,633,345,0,-221,0
440,9,700,45,0,-167,0
440,10,488,217,0,-92,0
440,11,423,335,0,-96,0
440,12,215,622,0,57,0
440,13,384,96,0,-78,0
440,14,136,95,0,-27,0
440,15,89,331,0,-157,0
440,16,109,536,0,-230,0
440,17,296,700,0,-209,0
440,18,379,116,0,-54,0
440,19,159,455,0,-140,0
440,23,415,588,0,81,1
440,32,150,344,0,-223,1
440,39,263,184,0,-51,1
440,43,669,240,0,-211,1
440,46,592,371,0,-148,1
440,52,120,353,0,85,1
440,53,678,44,0,-133,1
440,54,201,225,0,-131,1
440,64,643,395,0,25,1
440,68,72,745,0,-168,1
440,69,229,175,0,-100,1
440,72,610,545,0,-189,1
440,74,517,434,0,-202,0
440,75,488,576,0,-192,0
440,78,58,132,0,-165,1
440,84,98,263,0,-52,1
440,85,15,675,0,52,0
440,86,448,699,0,-108,1
440,88,173,198,0,-165,1
440,89,685,377,0,-132,1
440,92,315,143,0,-19,1
440,94,582,263,0,89,1
440,95,367,728,0,-7,1
440,96,378,389,0,-140,1
440,97,140,730,0,-151,1
440,99,149,101,0,-31,0
440,100,752,104,0,-80,1
440,101,227,645,0,-81,1
440,102,676,409,0,-124,1
440,103,577,524,0,-232,1
440,104,381,381,0,-94,1
440,105,120,356,0,-254,1
440,106,751,112,0,-112,1
440,107,581,266,0,-263,1
441,0,643,623,0,16,0
441,1,570,166,0,52,0
441,2,288,677,0,-243,0
441,3,177,532,0,-175,0
441,4,133,133,0,-179,0
441,5,658,76,0,74,0
441,6,445,245,0,-87,0
441,7,460,601,0,-156,0
441,8,633,345,0,-221,0
441,9,700,48,0,-167,0
441,10,491,217,0,-92,0
441,11,426,335,0,-96,0
441,12,212,621,0,57,0
441,13,387,96,0,-93,0
441,14,137,92,0,-27,0
441,15,91,333,0,-139,0
441,16,106,538,0,-230,0
441,17,294,702,0,-209,0
441,18,382,115,0,-69,0
441,19,161,457,0,-140,0
441,23,412,588,0,81,1
441,32,148,346,0,-223,1
441,39,266,182,0,-51,1
441,43,667,243,0,-211,1
441,46,593,374,0,-148,1
441,52,117,352,0,85,1
441,53,681,46,0,-133,1
441,54,203,227,0,-131,1
441,64,642,393,0,25,1
441,68,73,748,0,-168,1
441,69,232,176,0,-100,1
441,72,610,548,0,-189,1
441,74,516,437,0,-202,0
441,75,489,579,0,-164,0
441,78,59,135,0,-165,1
441,84,100,261,0,-52,1
441,85,15,675,0,52,0
441,86,451,700,0,-108,1
441,88,174,201,0,-159,1
441,89,687,379,0,-132,1
441,92,317,141,0,-47,1
441,94,579,263,0,89,1
441,95,367,725,0,-7,1
441,96,381,390,0,-114,1
441,97,142,733,0,-157,1
441,99,151,99,0,-31,0
441,100,3,103,0,-80,1
441,101,230,645,0,-81,1
441,102,678,411,0,-124,1
441,103,575,525,0,-232,1
441,104,384,381,0,-94,1
441,105,117,357,0,-254,1
441,106,3,113,0,-112,1
441,107,578,267,0,-263,1
442,0,642,621,0,29,0
442,1,568,164,0,52,0
442,2,286,679,0,-243,0
442,3,177,535,0,-175,0
442,4,133,136,0,-179,0
442,5,656,74,0,56,0
442,6,448,245,0,-87,0
442,7,462,604,0,-156,0
442,8,633,345,0,-221,0
442,9,701,51,0,-167,0
442,10,494,217,0,-92,0
442,11,429,336,0,-109,0
442,12,210,619,0,57,0
442,13,390,96,0,-93,0
442,14,138,90,0,-27,0
442,15,93,334,0,-120,0
442,16,104,540,0,-230,0
442,17,293,705,0,-209,0
442,18,384,114,0,-69,0
442,19,162,460,0,-163,0
442,23,409,587,0,81,1
442,32,146,348,0,-223,1
442,39,268,181,0,-51,1
442,43,665,245,0,-228,1
442,46,594,377,0,-164,1
442,52,114,352,0,85,1
442,53,683,48,0,-133,1
442,54,205,229,0,-131,1
442,64,641,390,0,25,1
442,68,74,751,0,-168,1
442,69,235,176,0,-100,1
442,72,610,551,0,-189,1
442,74,515,440,0,-202,0
442,75,490,582,0,-164,0
442,78,59,138,0,-165,1
442,84,102,259,0,-52,1
442,85,15,675,0,52,0
442,86,453,701,0,-108,1
442,88,175,204,0,-159,1
442,89,690,380,0,-120,1
442,92,320,139,0,-47,1
442,94,576,263,0,89,1
442,95,368,722,0,-7,1
442,96,383,391,0,-114,1
442,97,143,736,0,-157,1
442,99,152,96,0,-31,0
442,100,6,103,0,-80,1
442,101,232,643,0,-55,1
442,102,681,412,0,-124,1
442,103,573,527,0,-232,1
442,104,387,383,0,-123,1
442,105,114,358,0,-254,1
442,106,6,113,0,-95,1
442,107,575,267,0,-265,1
443,0,640,618,0,29,0
443,1,565,162,0,52,0
443,2,283,680,0,-243,0
443,3,177,538,0,-175,0
443,4,133,139,0,-179,0
443,5,654,72,0,40,0
443,6,451,245,0,-87,0
443,7,463,607,0,-156,0
443,8,633,345,0,-221,0
443,9,703,54,0,-147,0
443,10,497,217,0,-92,0
443,11,432,337,0,-109,0
443,12,207,617,0,57,0
443,13,393,97,0,-93,0
443,14,140,87,0,-27,0
443,15,96,336,0,-120,0
443,16,102,542,0,-230,0
443,17,291,708,0,-209,0
443,18,387,112,0,-69,0
443,19,163,463,0,-163,0
443,23,406,587,0,81,1
443,32,144,351,0,-223,1
443,39,270,178,0,-47,1
443,43,662,246,0,-243,1
443,46,595,380,0,-164,1
443,52,111,352,0,85,1
443,53,685,50,0,-133,1
443,54,208,231,0,-131,1
443,64,639,387,0,25,1
443,68,74,3,0,-165,1
443,69,238,177,0,-100,1
443,72,609,554,0,-189,1
443,74,514,443,0,-202,0
443,75,490,585,0,-164,0
443,78,60,141,0,-165,1
443,84,105,257,0,-52,1
443,85,15,675,0,52,0
443,86,456,703,0,-123,1
443,88,176,207,0,-159,1
443,89,692,382,0,-120,1
443,92,322,137,0,-47,1
443,94,573,263,0,89,1
443,95,368,719,0,-7,1
443,96,386,392,0,-114,1
443,97,144,738,0,-157,1
443,99,154,94,0,-31,0
443,100,9,102,0,-80,1
443,101,235,641,0,-55,1
443,102,683,414,0,-124,1
443,103,570,529,0,-241,1
443,104,389,385,0,-135,1
443,105,111,359,0,-244,1
443,106,9,113,0,-95,1
443,107,572,267,0,-265,1
444,0,638,616,0,51,0
444,1,563,160,0,52,0
444,2,280,681,0,-243,0
444,3,178,541,0,-175,0
444,4,133,142,0,-179,0
444,5,652,70,0,40,0
444,6,454,245,0,-87,0
444,7,464,609,0,-156,0
444,8,633,345,0,-221,0
444,9,704,56,0,-147,0
444,10,500,217,0,-92,0
444,11,434,338,0,-109,0
444,12,205,616,0,57,0
444,13,396,98,0,-114,0
444,14,141,84,0,-27,0
444,15,98,337,0,-120,0
444,16,99,544,0,-230,0
444,17,290,710,0,-205,0
444,18,390,111,0,-69,0
444,19,164,466,0,-163,0
444,23,403,586,0,81,1
444,32,142,353,0,-223,1
444,39,272,176,0,-47,1
444,43,660,247,0,-243,1
444,46,597,382,0,-148,1
444,52,108,352,0,-260,1
444,53,687,52,0,-133,1
444,54,210,233,0,-135,1
444,64,638,384,0,29,1
444,68,75,6,0,-165,1
444,69,241,177,0,-100,1
444,72,609,557,0,-189,1
444,74,513,445,0,-202,0
444,75,491,588,0,-164,0
444,78,61,144,0,-165,1
444,84,107,255,0,-52,1
444,85,15,675,0,52,0
444,86,458,705,0,-123,1
444,88,177,210,0,-159,1
444,89,695,383,0,-120,1
444,92,324,135,0,-47,1
444,94,570,263,0,89,1
444,95,368,716,0,-7,1
444,96,389,394,0,-114,1
444,97,145,741,0,-157,1
444,99,155,91,0,-31,0
444,100,12,102,0,-80,1
444,101,237,640,0,-55,1
444,102,686,416,0,-124,1
444,103,567,530,0,-241,1
444,104,391,387,0,-135,1
444,105,109,361,0,-244,1
444,106,12,114,0,-95,1
444,107,570,269,0,-235,1
445,0,635,614,0,51,0
445,1,561,158,0,52,0
445,2,278,683,0,-243,0
445,3,178,544,0,-178,0
445,4,133,145,0,-179,0
445,5,650,67,0,40,0
445,6,457,244,0,-87,0
445,7,465,612,0,-156,0
445,8,633,345,0,-221,0
445,9,705,59,0,-158,0
445,10,503,217,0,-92,0
445,11,437,339,0,-109,0
445,12,202,614,0,57,0
445,13,399,98,0,-88,0
445,14,143,82,0,-27,0
445,15,101,339,0,-120,0
445,16,97,545,0,-230,0
445,17,289,713,0,-205,0
445,18,392,109,0,-41,0
445,19,165,469,0,-163,0
445,23,400,586,0,81,1
445,32,140,355,0,-223,1
445,39,275,174,0,-47,1
445,43,657,249,0,-243,1
445,46,598,385,0,-145,1
445,52,105,353,0,-260,1
445,53,689,54,0,-133,1
445,54,212,236,0,-135,1
445,64,637,382,0,29,1
445,68,76,9,0,-165,1
445,69,244,178,0,-100,1
445,72,608,560,0,-189,1
445,74,512,448,0,-203,0
445,75,492,591,0,-164,0
445,78,62,146,0,-167,1
445,84,109,253,0,-37,1
445,85,15,675,0,52,0
445,86,460,707,0,-146,1
445,88,178,212,0,-159,1
445,89,697,385,0,-120,1
445,92,325,133,0,-28,1
445,94,567,263,0,89,1
445,95,368,713,0,9,1
445,96,392,394,0,-93,1
445,97,146,744,0,-157,1
445,99,157,89,0,-31,0
445,100,15,101,0,-80,1
445,101,239,638,0,-55,1
445,102,688,418,0,-140,1
445,103,565,531,0,-252,1
445,104,394,388,0,-110,1
445,105,106,362,0,-244,1
445,106,15,114,0,-95,1
445,107,567,271,0,-235,1
446,0,633,613,0,51,0
446,1,558,157,0,52,0
446,2,275,684,0,-243,0
446,3,178,547,0,-178,0
446,4,133,148,0,-179,0
446,5,648,65,0,40,0
446,6,460,244,0,-87,0
446,7,467,615,0,-156,0
446,8,633,345,0,-221,0
446,9,707,61,0,-138,0
446,10,506,217,0,-92,0
446,11,440,340,0,-109,0
446,12,200,613,0,57,0
446,13,402,98,0,-88,0
446,14,144,79,0,-27,0
446,15,104,341,0,-120,0
446,16,95,547,0,-230,0
446,17,288,716,0,-205,0
446,18,394,107,0,-41,0
446,19,165,472,0,-163,0
446,23,397,585,0,81,1
446,32,138,357,0,-223,1
446,39,277,172,0,-47,1
446,43,654,250,0,-243,1
446,46,600,387,0,-145,1
446,52,102,352,0,84,1
446,53,692,56,0,-133,1
446,54,214,237,0,-125,1
446,64,636,379,0,17,1
446,68,77,12,0,-165,1
446,69,247,178,0,-100,1
446,72,608,563,0,-189,1
446,74,511,451,0,-203,0
446,75,493,594,0,-164,0
446,78,62,149,0,-167,1
446,84,111,251,0,-37,1
446,85,15,675,0,52,0
446,86,462,709,0,-139,1
446,88,179,215,0,-159,1
446,89,700,386,0,-107,1
446,92,327,130,0,-28,1
446,94,564,263,0,89,1
446,95,367,710,0,9,1
446,96,395,394,0,-93,1
446,97,148,747,0,-157,1
446,99,158,86,0,-31,0
446,100,18,101,0,-80,1
446,101,242,636,0,-55,1
446,102,690,420,0,-140,1
446,103,562,533,0,-243,1
446,104,397,389,0,-106,1
446,105,103,363,0,-244,1
446,106,18,114,0,-95,1
446,107,566,274,0,-206,1
447,0,630,612,0,81,0
447,1,556,155,0,52,0
447,2,272,685,0,-243,0
447,3,178,550,0,-178,0
447,4,134,151,0,-179,0
447,5,646,63,0,40,0
447,6,463,244,0,-87,0
447,7,468,617,0,-140,0
447,8,633,345,0,-221,0
447,9,709,63,0,-138,0
447,10,509,217,0,-92,0
447,11,443,341,0,-103,0
447,12,197,611,0,57,0
447,13,405,98,0,-88,0
447,14,145,76,0,-27,0
447,15,106,342,0,-120,0
447,16,93,549,0,-230,0
447,17,286,718,0,-205,0
447,18,396,105,0,-41,0
447,19,165,475,0,-187,0
447,23,394,585,0,81,1
447,32,136,359,0,-223,1
447,39,279,170,0,-47,1
447,43,652,251,0,-243,1
447,46,602,390,0,-145,1
447,52,99,352,0,84,1
447,53,694,58,0,-133,1
447,54,217,239,0,-125,1
447,64,635,376,0,17,1
447,68,78,14,0,-165,1
447,69,250,179,0,-100,1
447,72,607,566,0,-189,1
447,74,509,454,0,-203,0
447,75,494,597,0,-164,0
447,78,64,152,0,-140,1
447,84,112,248,0,-37,1
447,85,15,675,0,52,0
447,86,464,712,0,-139,1
447,88,181,218,0,-146,1
447,89,703,387,0,-125,1
447,92,328,127,0,-28,1
447,94,561,263,0,89,1
447,95,367,707,0,9,1
447,96,398,394,0,-93,1
447,97,149,749,0,-157,1
447,99,160,83,0,-31,0
447,100,21,100,0,-80,1
447,101,244,634,0,-55,1
447,102,692,423,0,-140,1
447,103,559,534,0,-243,1
447,104,400,389,0,-80,1
447,105,100,365,0,-244,1
447,106,20,113,0,-66,1
447,107,565,276,0,-206,1
448,0,627,612,0,81,0
448,1,553,153,0,52,0
448,2,270,687,0,-243,0
448,3,178,553,0,-184,0
448,4,134,154,0,-179,0
448,5,644,61,0,40,0
448,6,466,244,0,-87,0
448,7,470,619,0,-140,0
448,8,633,345,0,-221,0
448,9,711,66,0,-138,0
448,10,512,216,0,-62,0
448,11,446,341,0,-103,0
448,12,195,609,0,57,0
448,13,408,97,0,-88,0
448,14,147,74,0,-27,0
448,15,109,344,0,-120,0
448,16,90,551,0,-230,0
448,17,285,721,0,-205,0
448,18,398,102,0,-41,0
448,19,165,477,0,-187,0
448,23,391,584,0,81,1
448,32,134,362,0,-223,1
448,39,281,168,0,-47,1
448,43,649,253,0,-243,1
448,46,603,392,0,-145,1
448,53,696,60,0,-133,1
448,54,219,241,0,-125,1
448,64,634,373,0,17,1
448,68,78,17,0,-174,1
448,69,253,179,0,-100,1
448,72,606,568,0,-202,1
448,74,508,456,0,-203,0
448,75,494,599,0,-164,0
448,78,66,154,0,-140,1
448,84,114,246,0,-37,1
448,85,15,675,0,52,0
448,86,467,713,0,-117,1
448,88,183,220,0,-146,1
448,89,705,390,0,-139,1
448,92,330,125,0,-28,1
448,94,558,262,0,74,1
448,95,367,704,0,4,1
448,96,401,394,0,-93,1
448,97,150,752,0,-157,1
448,99,161,81,0,-31,0
448,100,24,100,0,-80,1
448,101,247,633,0,-55,1
448,102,694,425,0,-140,1
448,103,556,534,0,-266,1
448,104,403,388,0,-80,1
448,105,98,366,0,-244,1
448,106,23,112,0,-66,1
448,107,564,279,0,-186,1
449,0,624,610,0,68,0
449,1,551,151,0,52,0
449,2,267,688,0,-243,0
449,3,178,556,0,-184,0
449,4,134,157,0,-179,0
449,5,642,58,0,40,0
449,6,469,244,0,-93,0
449,7,472,622,0,-140,0
449,8,633,345,0,-221,0
449,9,713,68,0,-138,0
449,10,514,214,0,-62,0
449,11,449,343,0,-115,0
449,12,192,608,0,57,0
449,13,411,97,0,-88,0
449,14,148,71,0,-27,0
449,15,109,344,0,-120,0
449,16,88,553,0,-230,0
449,17,284,724,0,-205,0
449,18,400,100,0,-41,0
449,19,164,480,0,-187,0
449,23,388,584,0,81,1
449,32,131,364,0,-223,1
449,39,283,166,0,-47,1
449,43,646,254,0,-245,1
449,46,605,394,0,-145,1
449,53,698,62,0,-133,1
449,54,222,242,0,-125,1
449,64,633,370,0,17,1
449,68,78,20,0,-174,1
449,69,256,180,0,-100,1
449,72,605,571,0,-202,1
449,74,507,459,0,-203,0
449,75,495,602,0,-164,0
449,78,68,156,0,-140,1
449,84,116,243,0,-37,1
449,85,15,675,0,52,0
449,86,469,714,0,-117,1
449,88,185,222,0,-124,1
449,89,707,392,0,-139,1
449,92,331,122,0,-28,1
449,94,555,261,0,74,1
449,95,367,701,0,4,1
449,96,404,395,0,-93,1
449,97,151,3,0,-157,1
449,99,163,78,0,-31,0
449,100,27,99,0,-80,1
449,101,249,631,0,-55,1
449,102,696,427,0,-140,1
449,103,553,534,0,-266,1
449,104,406,388,0,-80,1
449,105,95,367,0,-244,1
449,106,26,111,0,-67,1
449,107,564,282,0,-186,1
450,0,622,609,0,68,0
450,1,549,149,0,52,0
450,2,264,690,0,-243,0
450,3,177,559,0,-184,0
450,4,134,160,0,-179,0
450,5,640,56,0,40,0
450,6,472,244,0,-93,0
450,7,474,624,0,-150,0
450,8,633,345,0,-221,0
450,9,715,70,0,-138,0
450,10,517,213,0,-61,0
450,11,451,344,0,-115,0
450,12,190,606,0,57,0
450,13,414,97,0,-88,0
450,14,149,68,0,-27,0
450,15,109,344,0,-120,0
450,16,86,555,0,-230,0
450,17,283,727,0,-205,0
450,18,402,98,0,-41,0
450,19,164,483,0,-187,0
450,23,385,583,0,81,1
450,32,129,366,0,-223,1
450,39,286,164,0,-47,1
450,43,643,255,0,-245,1
450,46,608,396,0,-120,1
450,53,700,64,0,-133,1
450,54,224,244,0,-125,1
450,64,632,367,0,12,1
450,68,79,23,0,-166,1
450,69,259,180,0,-100,1
450,72,604,574,0,-202,1
450,74,506,462,0,-203,0
450,75,496,605,0,-164,0
450,78,70,159,0,-140,1
450,84,118,241,0,-37,1
450,85,15,675,0,52,0
450,86,471,717,0,-143,1
450,88,188,223,0,-115,1
450,89,708,394,0,-150,1
450,92,332,119,0,-28,1
450,94,552,261,0,-260,1
450,95,366,698,0,4,1
450,96,407,395,0,-93,1
450,97,152,6,0,-157,1
450,99,164,76,0,-31,0
450,100,29,98,0,-63,1
450,101,252,629,0,-55,1
450,102,698,429,0,-140,1
450,103,550,534,0,-266,1
450,104,409,387,0,-80,1
450,105,93,370,0,-221,1
450,106,29,109,0,-67,1
450,107,564,285,0,-186,1
451,0,619,608,0,68,0
451,1,546,147,0,52,0
451,2,262,691,0,-243,0
451,3,177,562,0,-184,0
451,4,134,163,0,-179,0
451,5,639,54,0,40,0
451,6,475,244,0,-93,0
451,7,475,627,0,-150,0
451,8,633,345,0,-221,0
451,9,717,72,0,-138,0
451,10,520,212,0,-69,0
451,11,454,345,0,-115,0
451,12,187,604,0,57,0
451,13,417,97,0,-88,0
451,14,151,66,0,-27,0
451,15,109,344,0,-120,0
451,16,83,557,0,-230,0
451,17,281,729,0,-205,0
451,18,404,96,0,-41,0
451,19,164,486,0,-187,0
451,23,382,583,0,81,1
451,32,127,368,0,-223,1
451,39,288,162,0,-47,1
451,43,641,257,0,-245,1
451,46,610,397,0,-120,1
451,53,703,66,0,-133,1
451,54,227,246,0,-125,1
451,64,632,365,0,12,1
451,68,80,26,0,-166,1
451,69,262,181,0,-100,1
451,72,603,577,0,-202,1
451,74,505,465,0,-203,0
451,75,497,608,0,-164,0
451,78,72,161,0,-140,1
451,84,120,239,0,-37,1
451,85,15,675,0,52,0
451,86,473,719,0,-143,1
451,88,191,224,0,-115,1
451,89,710,397,0,-150,1
451,92,334,117,0,-28,1
451,94,549,262,0,-260,1
451,95,366,695,0,4,1
451,96,410,395,0,-93,1
451,97,154,8,0,-157,1
451,99,166,73,0,-31,0
451,100,32,97,0,-63,1
451,101,254,627,0,-55,1
451,102,700,432,0,-136,1
451,103,547,535,0,-266,1
451,104,411,386,0,-67,1
451,105,91,372,0,-221,1
451,106,31,108,0,-67,1
451,107,563,288,0,-203,1
452,0,616,607,0,68,0
452,1,544,145,0,52,0
452,2,259,691,0,88,0
452,3,177,565,0,-184,0
452,4,134,166,0,-179,0
452,5,637,51,0,40,0
452,6,478,245,0,-93,0
452,7,477,629,0,-150,0
452,8,633,345,0,-221,0
452,9,720,74,0,-121,0
452,10,522,211,0,-69,0
452,11,457,347,0,-127,0
452,12,185,603,0,57,0
452,13,420,97,0,-88,0
452,14,152,63,0,-27,0
452,15,109,344,0,-120,0
452,16,81,559,0,-230,0
452,17,280,732,0,-205,0
452,18,406,93,0,-33,0
452,19,163,489,0,-187,0
452,23,379,582,0,81,1
452,32,125,370,0,-223,1
452,39,290,160,0,-43,1
452,43,638,257,0,-268,1
452,46,613,399,0,-120,1
452,53,705,67,0,-111,1
452,54,230,246,0,-98,1
452,64,631,362,0,12,1
452,68,80,29,0,-166,1
452,69,265,182,0,-113,1
452,72,602,580,0,-202,1
452,74,504,468,0,-203,0
452,75,498,611,0,-164,0
452,78,74,163,0,-140,1
452,84,121,236,0,-37,1
452,85,15,675,0,52,0
452,86,475,722,0,-143,1
452,88,193,226,0,-115,1
452,89,711,400,0,-150,1
452,92,335,114,0,-28,1
452,94,546,263,0,-260,1
452,95,366,692,0,4,1
452,96,413,395,0,-93,1
452,97,155,11,0,-157,1
452,99,168,71,0,-35,0
452,100,35,96,0,-85,1
452,101,257,626,0,-55,1
452,102,702,434,0,-131,1
452,103,544,535,0,-266,1
452,104,413,384,0,-43,1
452,105,89,374,0,-221,1
452,106,34,107,0,-67,1
452,107,561,291,0,-203,1
453,0,613,606,0,68,0
453,1,543,143,0,28,0
453,2,256,691,0,88,0
453,3,177,568,0,-184,0
453,4,134,169,0,-179,0
453,5,635,49,0,40,0
453,6,481,245,0,-93,0
453,7,478,632,0,-150,0
453,8,633,345,0,-221,0
453,9,723,75,0,-121,0
453,10,525,210,0,-67,0
453,11,459,349,0,-127,0
453,12,182,601,0,57,0
453,13,423,97,0,-88,0
453,14,154,60,0,-27,0
453,15,109,344,0,-120,0
453,16,79,561,0,-230,0
453,17,279,735,0,-205,0
453,18,407,91,0,-33,0
453,19,163,492,0,-187,0
453,23,376,582,0,81,1
453,32,123,373,0,-223,1
453,39,292,158,0,-43,1
453,43,635,257,0,-268,1
453,46,616,400,0,-120,1
453,53,708,68,0,-111,1
453,54,233,247,0,-98,1
453,64,630,359,0,12,1
453,68,82,32,0,-156,1
453,69,267,183,0,-113,1
453,72,601,583,0,-188,1
453,74,502,470,0,-203,0
453,75,499,614,0,-164,0
453,78,76,165,0,-140,1
453,84,123,234,0,-37,1
453,85,15,675,0,52,0
453,86,477,724,0,-143,1
453,88,196,225,0,-85,1
453,89,713,402,0,-150,1
453,92,337,111,0,-28,1
453,94,543,263,0,-260,1
453,95,366,689,0,4,1
453,96,416,395,0,-93,1
453,97,155,14,0,-175,1
453,99,169,68,0,-35,0
453,100,38,96,0,-85,1
453,101,260,625,0,-80,1
453,102,704,436,0,-131,1
453,103,541,535,0,-266,1
453,104,415,382,0,-43,1
453,105,87,377,0,-221,1
453,106,36,105,0,-46,1
453,107,560,294,0,-203,1
454,0,611,605,0,64,0
454,1,541,140,0,28,0
454,2,253,691,0,88,0
454,3,176,571,0,-194,0
454,4,134,172,0,-179,0
454,5,633,47,0,40,0
454,6,484,245,0,-93,0
454,7,480,635,0,-150,0
454,8,633,345,0,-221,0
454,9,725,77,0,-121,0
454,10,528,208,0,-67,0
454,11,461,350,0,-127,0
454,12,180,599,0,57,0
454,13,426,97,0,-88,0
454,14,155,58,0,-27,0
454,15,109,344,0,-120,0
454,16,76,562,0,-251,0
454,17,277,737,0,-205,0
454,18,409,88,0,-33,0
454,19,162,495,0,-187,0
454,23,374,581,0,81,1
454,32,121,375,0,-223,1
454,39,293,155,0,-21,1
454,43,632,257,0,-268,1
454,46,618,402,0,-120,1
454,53,711,69,0,-111,1
454,54,236,246,0,-77,1
454,64,630,356,0,12,1
454,68,83,35,0,-156,1
454,69,270,184,0,-113,1
454,72,601,586,0,-188,1
454,74,501,473,0,-203,0
454,75,499,617,0,-164,0
454,78,79,167,0,-120,1
454,84,125,231,0,-28,1
454,85,15,675,0,52,0
454,86,478,726,0,-143,1
454,88,199,225,0,-85,1
454,89,714,405,0,-150,1
454,92,338,109,0,-28,1
454,94,540,264,0,-260,1
454,95,367,686,0,-18,1
454,96,418,394,0,-64,1
454,97,155,17,0,-175,1
454,99,171,66,0,-35,0
454,100,41,96,0,-85,1
454,101,263,625,0,-80,1
454,102,706,438,0,-131,1
454,103,538,535,0,-266,1
454,104,417,379,0,-43,1
454,105,85,379,0,-221,1
454,106,39,103,0,-46,1
454,107,559,296,0,-213,1
455,0,608,603,0,64,0
455,1,540,137,0,28,0
455,2,250,691,0,88,0
455,3,175,574,0,-200,0
455,4,134,175,0,-179,0
455,5,631,44,0,40,0
455,6,487,245,0,-93,0
455,7,481,637,0,-150,0
455,8,633,345,0,-221,0
455,9,728,78,0,-121,0
455,10,531,207,0,-67,0
455,11,464,352,0,-127,0
455,12,177,598,0,57,0
455,13,429,97,0,-88,0
455,14,156,55,0,-27,0
455,15,109,344,0,-120,0
455,16,73,563,0,-251,0
455,17,276,740,0,-205,0
455,18,410,86,0,-33,0
455,19,163,498,0,-168,0
455,23,371,581,0,81,1
455,32,119,377,0,-223,1
455,39,294,152,0,-21,1
455,43,629,257,0,-268,1
455,46,621,403,0,-108,1
455,53,714,70,0,-110,1
455,54,238,245,0,-77,1
455,64,629,353,0,12,1
455,68,85,37,0,-129,1
455,69,273,185,0,-104,1
455,72,600,588,0,-188,1
455,74,500,476,0,-203,0
455,75,500,620,0,-164,0
455,78,81,168,0,-120,1
455,84,126,229,0,-28,1
455,85,15,675,0,52,0
455,86,480,729,0,-143,1
455,88,202,225,0,-85,1
455,89,716,407,0,-150,1
455,92,338,106,0,1,1
455,94,537,264,0,-260,1
455,95,368,683,0,-18,1
455,96,421,393,0,-64,1
455,97,156,20,0,-175,1
455,99,173,64,0,-43,0
455,100,44,95,0,-81,1
455,101,265,623,0,-61,1
455,102,709,440,0,-131,1
455,103,535,536,0,-266,1
455,104,419,377,0,-43,1
455,105,83,381,0,-221,1
455,106,40,100,0,-25,1
455,107,556,298,0,-237,1
456,0,605,602,0,64,0
456,1,538,135,0,28,0
456,2,247,690,0,88,0
456,3,174,577,0,-200,0
456,4,134,178,0,-179,0
456,5,629,42,0,40,0
456,6,490,245,0,-93,0
456,7,483,640,0,-150,0
456,8,633,345,0,-221,0
456,9,730,80,0,-121,0
456,10,533,205,0,-45,0
456,11,465,355,0,-155,0
456,12,175,596,0,57,0
456,13,432,97,0,-88,0
456,14,158,52,0,-27,0
456,15,109,344,0,-120,0
456,16,70,564,0,-251,0
456,17,275,743,0,-205,0
456,18,412,83,0,-33,0
456,19,164,501,0,-168,0
456,23,368,581,0,81,1
456,32,117,379,0,-223,1
456,39,296,150,0,-35,1
456,43,626,257,0,-268,1
456,46,624,404,0,-108,1
456,53,717,71,0,-110,1
456,54,241,246,0,-104,1
456,64,629,350,0,12,1
456,68,88,38,0,-115,1
456,69,276,186,0,-104,1
456,72,600,591,0,-188,1
456,74,498,478,0,-213,0
456,75,501,623,0,-164,0
456,78,84,170,0,-120,1
456,84,128,226,0,-36,1
456,85,15,675,0,52,0
456,86,482,731,0,-148,1
456,88,205,225,0,-85,1
456,89,717,410,0,-150,1
456,92,337,103,0,27,1
456,94,534,265,0,-260,1
456,95,369,680,0,-18,1
456,96,423,391,0,-51,1
456,97,156,23,0,-175,1
456,99,175,61,0,-43,0
456,100,47,95,0,-81,1
456,101,268,622,0,-61,1
456,102,711,441,0,-131,1
456,103,532,536,0,-252,1
456,104,420,374,0,-18,1
456,105,81,383,0,-238,1
456,106,41,97,0,-25,1
456,107,554,299,0,-237,1
457,0,603,601,0,64,0
457,1,537,132,0,28,0
457,2,244,690,0,88,0
457,3,173,579,0,-200,0
457,4,134,181,0,-179,0
457,5,627,40,0,40,0
457,6,493,245,0,-93,0
457,7,484,642,0,-150,0
457,8,633,345,0,-221,0
457,9,733,82,0,-121,0
457,10,535,203,0,-45,0
457,11,466,358,0,-155,0
457,12,172,594,0,57,0
457,13,435,97,0,-88,0
457,14,159,50,0,-20,0
457,15,109,344,0,-120,0
457,16,67,564,0,90,0
457,17,274,746,0,-192,0
457,18,414,80,0,-33,0
457,19,164,504,0,-168,0
457,23,365,580,0,81,1
457,32,115,381,0,-223,1
457,39,298,148,0,-59,1
457,43,623,257,0,-268,1
457,46,627,405,0,-108,1
457,53,719,74,0,-138,1
457,54,244,247,0,-104,1
457,64,628,347,0,12,1
457,68,91,39,0,-115,1
457,69,279,187,0,-104,1
457,72,600,594,0,-188,1
457,74,498,481,0,-197,0
457,75,502,625,0,-167,0
457,78,86,171,0,-120,1
457,84,129,224,0,-36,1
457,85,15,675,0,52,0
457,86,483,734,0,-148,1
457,88,208,224,0,-85,1
457,89,719,413,0,-150,1
457,92,335,100,0,27,1
457,94,531,265,0,-260,1
457,95,369,678,0,-18,1
457,96,426,389,0,-45,1
457,97,156,26,0,-175,1
457,99,176,59,0,-25,0
457,100,50,94,0,-81,1
457,101,270,620,0,-61,1
457,102,713,443,0,-131,1
457,103,530,537,0,-252,1
457,104,422,372,0,-40,1
457,105,78,384,0,-238,1
457,106,42,95,0,-25,1
457,107,551,301,0,-237,1
458,0,600,599,0,64,0
458,1,536,130,0,28,0
458,2,241,690,0,88,0
458,3,172,582,0,-200,0
458,4,134,184,0,-179,0
458,5,625,38,0,40,0
458,6,496,246,0,-93,0
458,7,486,645,0,-150,0
458,8,633,345,0,-221,0
458,9,735,83,0,-121,0
458,10,537,201,0,-45,0
458,11,468,360,0,-155,0
458,12,170,593,0,57,0
458,13,438,96,0,-88,0
458,14,159,47,0,-14,0
458,15,109,344,0,-120,0
458,16,64,564,0,90,0
458,17,274,749,0,-192,0
458,18,415,78,0,-36,0
458,19,165,507,0,-171,0
458,23,362,579,0,66,1
458,32,113,384,0,-223,1
458,39,301,146,0,-59,1
458,43,620,256,0,67,1
458,46,630,406,0,-108,1
458,53,721,76,0,-138,1
458,54,247,248,0,-104,1
458,64,627,344,0,12,1
458,68,93,40,0,-115,1
458,69,282,187,0,-104,1
458,72,599,597,0,-188,1
458,74,497,484,0,-197,0
458,75,502,628,0,-167,0
458,78,89,173,0,-120,1
458,84,131,221,0,-36,1
458,85,15,675,0,52,0
458,86,485,736,0,-148,1
458,88,211,224,0,-85,1
458,89,720,415,0,-150,1
458,92,334,98,0,27,1
458,94,529,267,0,-238,1
458,95,372,676,0,-47,1
458,96,428,386,0,-45,1
458,97,156,29,0,-175,1
458,99,178,56,0,-25,0
458,100,53,94,0,-81,1
458,101,273,619,0,-61,1
458,102,715,445,0,-131,1
458,103,527,538,0,-252,1
458,104,424,370,0,-40,1
458,105,76,386,0,-238,1
458,106,44,92,0,-25,1
458,107,549,303,0,-237,1
459,0,597,598,0,67,0
459,1,534,127,0,28,0
459,2,238,690,0,88,0
459,3,171,585,0,-200,0
459,4,134,187,0,-179,0
459,5,623,35,0,40,0
459,6,499,246,0,-93,0
459,7,487,648,0,-150,0
459,8,633,345,0,-221,0
459,9,738,84,0,-113,0
459,10,540,200,0,-64,0
459,11,469,363,0,-155,0
459,12,167,591,0,57,0
459,13,441,96,0,-88,0
459,14,160,44,0,-14,0
459,15,109,344,0,-120,0
459,16,61,564,0,90,0
459,17,273,752,0,-192,0
459,18,418,76,0,-49,0
459,19,165,510,0,-171,0
459,23,360,577,0,41,1
459,32,111,386,0,-223,1
459,39,304,146,0,-72,1
459,43,617,255,0,67,1
459,46,633,406,0,-108,1
459,53,723,78,0,-138,1
459,54,250,248,0,-104,1
459,64,627,341,0,12,1
459,68,96,42,0,-115,1
459,69,285,188,0,-104,1
459,72,599,600,0,-188,1
459,74,496,487,0,-197,0
459,75,503,631,0,-167,0
459,78,92,174,0,-120,1
459,84,133,219,0,-36,1
459,85,15,675,0,52,0
459,86,487,739,0,-148,1
459,88,214,225,0,-107,1
459,89,722,418,0,-150,1
459,92,333,95,0,27,1
459,94,526,268,0,-238,1
459,95,374,674,0,-47,1
459,96,430,385,0,-54,1
459,97,157,32,0,-175,1
459,99,179,53,0,-25,0
459,100,56,93,0,-81,1
459,101,276,617,0,-61,1
459,102,718,447,0,-131,1
459,103,524,539,0,-252,1
459,104,426,367,0,-40,1
459,105,74,388,0,-221,1
459,106,45,89,0,-25,1
459,107,546,304,0,-237,1
460,0,595,596,0,47,0
460,1,533,124,0,28,0
460,2,235,690,0,88,0
460,3,170,588,0,-188,0
460,4,134,190,0,-179,0
460,5,621,33,0,34,0
460,6,502,246,0,-93,0
460,7,489,650,0,-150,0
460,8,633,345,0,-221,0
460,9,741,85,0,-113,0
460,10,543,198,0,-65,0
460,11,470,366,0,-160,0
460,12,165,589,0,57,0
460,13,444,96,0,-88,0
460,14,161,41,0,-14,0
460,15,109,344,0,-120,0
460,16,58,564,0,90,0
460,17,272,3,0,-192,0
460,18,420,74,0,-49,0
460,19,166,513,0,-171,0
460,23,358,575,0,49,1
460,32,109,388,0,-223,1
460,39,307,145,0,-72,1
460,43,614,254,0,67,1
460,46,635,407,0,-108,1
460,53,724,81,0,-161,1
460,54,253,249,0,-104,1
460,64,626,338,0,12,1
460,68,99,43,0,-115,1
460,69,288,189,0,-104,1
460,72,598,603,0,-188,1
460,74,495,490,0,-197,0
460,75,504,634,0,-167,0
460,78,95,175,0,-102,1
460,84,135,216,0,-36,1
460,85,15,675,0,52,0
460,86,488,741,0,-148,1
460,88,217,226,0,-107,1
460,89,724,420,0,-135,1
460,92,331,92,0,27,1
460,94,524,270,0,-235,1
460,95,376,672,0,-47,1
460,96,433,383,0,-54,1
460,97,157,35,0,-175,1
460,99,180,51,0,-25,0
460,100,59,93,0,-88,1
460,101,278,616,0,-61,1
460,102,720,449,0,-131,1
460,103,521,540,0,-252,1
460,104,428,365,0,-40,1
460,105,72,390,0,-221,1
460,106,46,87,0,-25,1
460,107,543,305,0,-260,1
461,0,593,594,0,47,0
461,1,531,122,0,28,0
461,2,232,690,0,88,0
461,3,170,591,0,-188,0
461,4,135,193,0,-179,0
461,5,620,30,0,34,0
461,6,505,246,0,-93,0
461,7,490,653,0,-150,0
461,8,633,345,0,-221,0
461,9,744,87,0,-113,0
461,10,545,197,0,-65,0
461,11,471,369,0,-160,0
461,12,163,587,0,31,0
461,13,447,96,0,-88,0
461,14,160,38,0,13,0
461,15,109,344,0,-120,0
461,16,55,564,0,90,0
461,17,272,6,0,-192,0
461,18,422,72,0,-49,0
461,19,166,516,0,-171,0
461,23,355,573,0,49,1
461,32,107,390,0,-223,1
461,39,309,144,0,-75,1
461,43,612,253,0,67,1
461,46,638,408,0,-108,1
461,53,725,84,0,-161,1
461,54,256,250,0,-104,1
461,64,625,335,0,12,1
461,68,101,44,0,-115,1
461,69,291,190,0,-104,1
461,72,598,606,0,-179,1
461,74,494,493,0,-197,0
461,75,504,637,0,-167,0
461,78,97,176,0,-102,1
461,84,136,214,0,-24,1
461,85,15,675,0,52,0
461,86,490,744,0,-148,1
461,88,220,227,0,-107,1
461,89,725,422,0,-144,1
461,92,330,90,0,27,1
461,94,521,272,0,-235,1
461,95,378,670,0,-47,1
461,96,436,383,0,-83,1
461,97,157,38,0,-175,1
461,99,182,48,0,-25,0
461,100,62,93,0,-88,1
461,101,281,614,0,-61,1
461,102,722,451,0,-131,1
461,103,518,541,0,-252,1
461,104,430,363,0,-40,1
461,105,69,392,0,-242,1
461,106,47,84,0,-25,1
461,107,540,304,0,75,1
461,108,62,93,0,-88,1
462,0,591,592,0,47,0
462,1,530,119,0,28,0
462,2,229,690,0,88,0
462,3,170,594,0,-188,0
462,4,135,196,0,-179,0
462,5,618,28,0,34,0
462,6,508,246,0,-93,0
462,7,492,655,0,-150,0
462,8,633,345,0,-221,0
462,9,747,88,0,-113,0
462,10,548,196,0,-65,0
462,11,472,371,0,-160,0
462,12,162,584,0,31,0
462,13,450,96,0,-88,0
462,14,160,35,0,13,0
462,15,109,344,0,-120,0
462,16,52,564,0,90,0
462,17,271,9,0,-192,0
462,18,425,70,0,-49,0
462,19,167,519,0,-171,0
462,23,353,571,0,49,1
462,32,105,392,0,-223,1
462,39,312,142,0,-46,1
462,43,609,251,0,67,1
462,46,641,409,0,-108,1
462,53,726,87,0,-161,1
462,54,259,250,0,-104,1
462,64,625,332,0,12,1
462,68,104,45,0,-115,1
462,69,294,190,0,-92,1
462,72,598,609,0,-179,1
462,74,493,496,0,-197,0
462,75,505,640,0,-167,0
462,78,100,176,0,-102,1
462,84,137,211,0,-24,1
462,85,15,675,0,52,0
462,86,490,747,0,-168,1
462,88,223,228,0,-107,1
462,89,727,425,0,-144,1
462,92,329,87,0,27,1
462,94,519,273,0,-235,1
462,95,380,667,0,-34,1
462,96,438,382,0,-83,1
462,97,158,41,0,-165,1
462,99,183,45,0,-25,0
462,100,65,93,0,-88,1
462,101,283,613,0,-61,1
462,102,724,453,0,-131,1
462,103,515,542,0,-252,1
462,104,431,360,0,-29,1
462,105,67,393,0,-242,1
462,106,49,81,0,-25,1
462,107,537,303,0,75,1
462,108,65,93,0,-88,1
462,109,641,409,0,-108,1
463,0,588,590,0,47,0
463,1,528,116,0,28,0
463,2,226,690,0,87,0
463,3,169,597,0,-188,0
463,4,134,199,0,-198,0
463,5,616,25,0,34,0
463,6,511,246,0,-93,0
463,7,493,658,0,-154,0
463,8,633,345,0,-221,0
463,9,749,89,0,-113,0
463,10,551,195,0,-65,0
463,11,473,374,0,-160,0
463,12,160,582,0,31,0
463,13,453,96,0,-88,0
463,14,159,32,0,1,0
463,15,109,344,0,-120,0
463,16,49,564,0,90,0
463,17,271,12,0,-181,0
463,18,427,68,0,-49,0
463,19,167,522,0,-171,0
463,23,351,569,0,49,1
463,32,103,395,0,-223,1
463,39,314,140,0,-46,1
463,43,606,250,0,67,1
463,46,644,410,0,-108,1
463,53,726,89,0,-164,1
463,54,262,250,0,-83,1
463,64,624,329,0,12,1
463,68,107,47,0,-115,1
463,69,297,190,0,-92,1
463,72,598,612,0,-179,1
463,74,492,498,0,-201,0
463,75,506,643,0,-167,0
463,78,103,177,0,-108,1
463,85,15,675,0,52,0
463,86,491,750,0,-168,1
463,88,226,228,0,-90,1
463,89,729,427,0,-144,1
463,92,327,84,0,27,1
463,94,516,275,0,-241,1
463,95,382,665,0,-34,1
463,96,441,382,0,-83,1
463,99,185,43,0,-52,0
463,100,68,93,0,-88,1
463,101,286,611,0,-61,1
463,102,727,455,0,-131,1
463,103,512,543,0,-252,1
463,104,433,357,0,-29,1
463,105,64,395,0,-242,1
463,106,50,78,0,-25,1
463,107,534,304,0,-262,1
463,108,68,93,0,-88,1
463,109,644,410,0,-108,1
464,0,586,588,0,47,0
464,1,527,114,0,28,0
464,2,223,690,0,87,0
464,3,169,600,0,-188,0
464,4,133,202,0,-198,0
464,5,615,23,0,34,0
464,6,514,246,0,-93,0
464,7,495,661,0,-154,0
464,8,633,345,0,-221,0
464,9,752,90,0,-113,0
464,10,553,193,0,-65,0
464,11,474,377,0,-172,0
464,12,159,579,0,31,0
464,13,456,96,0,-88,0
464,14,159,32,0,1,0
464,15,109,344,0,-120,0
464,16,46,564,0,90,0
464,17,271,15,0,-181,0
464,18,429,66,0,-49,0
464,19,168,525,0,-171,0
464,23,349,567,0,49,1
464,32,101,397,0,-223,1
464,39,316,138,0,-46,1
464,43,603,249,0,67,1
464,46,647,411,0,-108,1
464,53,727,92,0,-165,1
464,54,265,250,0,-83,1
464,64,623,326,0,12,1
464,68,110,48,0,-115,1
464,69,300,190,0,-94,1
464,72,598,615,0,-179,1
464,74,491,501,0,-201,0
464,75,505,646,0,-196,0
464,78,106,178,0,-108,1
464,85,15,675,0,52,0
464,86,492,753,0,-168,1
464,88,229,228,0,-90,1
464,89,731,430,0,-144,1
464,92,327,81,0,12,1
464,94,513,276,0,-258,1
464,95,383,662,0,-34,1
464,96,444,381,0,-83,1
464,99,187,41,0,-52,0
464,100,70,94,0,-113,1
464,101,289,610,0,-61,1
464,102,729,457,0,-131,1
464,103,510,544,0,-252,1
464,104,435,355,0,-44,1
464,105,61,396,0,-242,1
464,106,51,76,0,-25,1
464,107,531,304,0,-262,1
464,108,70,91,0,-63,1
464,109,647,411,0,-108,1
465,0,584,586,0,47,0
465,1,526,111,0,28,0
465,2,220,689,0,71,0
465,3,168,603,0,-188,0
465,4,131,204,0,-220,0
465,5,613,20,0,34,0
465,6,517,246,0,-73,0
465,7,496,663,0,-154,0
465,8,633,345,0,-221,0
465,9,3,90,0,-93,0
465,10,556,192,0,-65,0
465,11,474,380,0,-172,0
465,12,157,577,0,31,0
465,13,459,96,0,-88,0
465,14,159,32,0,1,0
465,15,109,344,0,-120,0
465,16,44,563,0,63,0
465,17,271,18,0,-181,0
465,18,431,64,0,-49,0
465,19,168,528,0,-171,0
465,23,346,565,0,49,1
465,32,99,399,0,-223,1
465,39,318,136,0,-46,1
465,43,601,248,0,67,1
465,46,650,412,0,-108,1
465,53,728,95,0,-165,1
465,54,268,249,0,-83,1
465,64,624,323,0,-7,1
465,68,111,50,0,-144,1
465,69,302,191,0,-105,1
465,72,599,618,0,-179,1
465,74,490,504,0,-201,0
465,75,503,649,0,-205,0
465,78,109,179,0,-108,1
465,85,15,675,0,52,0
465,86,492,3,0,-168,1
465,88,232,228,0,-90,1
465,89,732,432,0,-144,1
465,92,326,78,0,12,1
465,94,511,276,0,-258,1
465,95,385,660,0,-34,1
465,96,447,382,0,-109,1
465,99,190,39,0,-52,0
465,100,73,95,0,-111,1
465,101,291,608,0,-61,1
465,102,731,459,0,-131,1
465,103,507,544,0,84,1
465,104,437,353,0,-44,1
465,105,59,397,0,-242,1
465,106,52,73,0,-25,1
465,107,529,306,0,-233,1
465,108,73,90,0,-58,1
465,109,650,412,0,-108,1
466,0,582,584,0,40,0
466,1,524,108,0,28,0
466,2,217,688,0,71,0
466,3,168,606,0,-188,0
466,4,129,207,0,-220,0
466,5,611,18,0,34,0
466,6,520,245,0,-73,0
466,7,497,666,0,-154,0
466,8,633,345,0,-221,0
466,9,6,90,0,-93,0
466,10,559,191,0,-65,0
466,11,474,383,0,-172,0
466,12,155,574,0,31,0
466,13,462,96,0,-88,0
466,14,159,32,0,1,0
466,15,109,344,0,-120,0
466,16,41,561,0,55,0
466,17,271,21,0,-181,0
466,18,434,62,0,-49,0
466,19,168,531,0,-184,0
466,23,344,563,0,49,1
466,32,97,401,0,-223,1
466,39,320,133,0,-46,1
466,43,598,247,0,67,1
466,46,653,413,0,-108,1
466,53,729,98,0,-165,1
466,54,271,249,0,-83,1
466,64,624,320,0,-7,1
466,68,113,53,0,-144,1
466,69,305,192,0,-109,1
466,72,599,621,0,-179,1
466,74,489,507,0,-201,0
466,75,502,651,0,-205,0
466,78,112,181,0,-120,1
466,85,15,675,0,52,0
466,86,493,6,0,-168,1
466,88,235,228,0,-90,1
466,89,734,435,0,-144,1
466,92,325,75,0,12,1
466,94,508,277,0,-258,1
466,95,387,657,0,-34,1
466,96,450,383,0,-109,1
466,99,192,38,0,-52,0
466,100,76,96,0,-111,1
466,101,294,607,0,-61,1
466,102,733,461,0,-131,1
466,103,504,543,0,84,1
466,104,439,351,0,-44,1
466,105,56,399,0,-234,1
466,106,53,70,0,-18,1
466,107,527,308,0,-226,1
466,108,75,88,0,-58,1
466,109,653,413,0,-108,1
467,0,580,581,0,40,0
467,1,523,106,0,28,0
467,2,214,687,0,71,0
467,3,166,608,0,-214,0
467,4,127,209,0,-220,0
467,5,610,15,0,34,0
467,6,522,243,0,-50,0
467,7,499,669,0,-154,0
467,8,633,345,0,-221,0
467,9,9,90,0,-93,0
467,10,562,190,0,-65,0
467,11,475,386,0,-172,0
467,12,154,572,0,36,0
467,13,465,96,0,-88,0
467,14,159,32,0,1,0
467,15,109,344,0,-120,0
467,16,39,559,0,55,0
467,17,271,24,0,-181,0
467,18,436,60,0,-47,0
467,19,168,534,0,-184,0
467,23,342,561,0,49,1
467,32,95,403,0,-223,1
467,39,322,131,0,-46,1
467,43,595,245,0,67,1
467,46,655,414,0,-108,1
467,53,730,101,0,-165,1
467,54,274,249,0,-83,1
467,64,625,317,0,-7,1
467,68,115,55,0,-141,1
467,69,308,193,0,-109,1
467,72,599,624,0,-179,1
467,74,488,510,0,-201,0
467,75,502,654,0,-178,0
467,78,115,181,0,-94,1
467,85,15,675,0,52,0
467,86,494,9,0,-168,1
467,88,238,228,0,-90,1
467,89,736,437,0,-153,1
467,92,325,73,0,12,1
467,94,505,277,0,-258,1
467,95,389,655,0,-40,1
467,96,453,384,0,-106,1
467,99,195,37,0,-71,0
467,100,79,97,0,-111,1
467,101,297,606,0,-79,1
467,102,736,463,0,-131,1
467,103,501,543,0,84,1
467,104,441,349,0,-44,1
467,105,54,401,0,-234,1
467,106,54,67,0,-18,1
467,107,524,310,0,-238,1
467,108,78,87,0,-58,1
467,109,655,414,0,-108,1
468,0,578,579,0,40,0
468,1,521,103,0,28,0
468,2,211,686,0,71,0
468,3,165,611,0,-214,0
468,4,125,211,0,-220,0
468,5,608,13,0,34,0
468,6,524,241,0,-50,0
468,7,500,671,0,-154,0
468,8,633,345,0,-221,0
468,9,12,91,0,-103,0
468,10,564,188,0,-65,0
468,11,475,389,0,-172,0
468,12,152,569,0,36,0
468,13,468,96,0,-107,0
468,14,159,32,0,1,0
468,15,109,344,0,-120,0
468,16,36,557,0,47,0
468,17,271,27,0,-165,0
468,18,438,58,0,-47,0
468,19,168,537,0,-184,0
468,23,340,559,0,49,1
468,32,93,406,0,-223,1
468,39,325,129,0,-46,1
468,43,592,244,0,67,1
468,46,658,415,0,-108,1
468,53,729,104,0,-186,1
468,54,277,248,0,-83,1
468,64,625,315,0,-7,1
468,68,117,57,0,-141,1
468,69,311,194,0,-109,1
468,72,599,627,0,-179,1
468,74,488,513,0,-178,0
468,75,502,657,0,-178,0
468,78,118,181,0,-94,1
468,85,15,675,0,52,0
468,86,494,12,0,-168,1
468,88,241,227,0,-72,1
468,89,737,440,0,-153,1
468,92,324,70,0,12,1
468,94,502,278,0,-258,1
468,95,391,653,0,-40,1
468,96,456,385,0,-106,1
468,99,198,36,0,-71,0
468,100,82,98,0,-111,1
468,101,300,606,0,-79,1
468,102,738,465,0,-131,1
468,103,498,543,0,84,1
468,104,443,347,0,-39,1
468,105,51,402,0,-259,1
468,106,54,64,0,-1,1
468,107,522,311,0,-238,1
468,108,81,85,0,-58,1
468,109,658,415,0,-108,1
469,0,576,577,0,40,0
469,1,520,100,0,28,0
469,2,209,684,0,42,0
469,3,163,613,0,-214,0
469,4,123,214,0,-220,0
469,5,606,11,0,34,0
469,6,526,239,0,-50,0
469,7,501,674,0,-164,0
469,8,633,345,0,-221,0
469,9,15,92,0,-103,0
469,10,567,187,0,-65,0
469,11,476,392,0,-172,0
469,12,150,567,0,36,0
469,13,471,97,0,-107,0
469,14,159,32,0,1,0
469,15,109,344,0,-120,0
469,16,34,555,0,55,0
469,17,272,30,0,-165,0
469,18,441,57,0,-59,0
469,19,167,540,0,-184,0
469,23,337,557,0,49,1
469,32,91,408,0,-223,1
469,39,327,127,0,-46,1
469,43,589,244,0,-269,1
469,46,661,415,0,-108,1
469,53,729,107,0,-186,1
469,54,280,248,0,-83,1
469,64,625,312,0,-7,1
469,68,119,59,0,-131,1
469,69,314,195,0,-109,1
469,72,599,630,0,-179,1
469,74,488,516,0,-178,0
469,75,502,660,0,-178,0
469,78,121,181,0,-93,1
469,85,15,675,0,52,0
469,86,495,15,0,-168,1
469,88,244,226,0,-72,1
469,89,738,443,0,-153,1
469,92,324,67,0,12,1
469,94,499,279,0,-258,1
469,95,393,650,0,-40,1
469,96,458,387,0,-133,1
469,99,201,35,0,-71,0
469,100,84,99,0,-111,1
469,101,303,605,0,-79,1
469,102,740,467,0,-131,1
469,103,495,542,0,84,1
469,104,445,344,0,-39,1
469,105,48,402,0,-259,1
469,106,54,61,0,-1,1
469,107,519,313,0,-238,1
469,108,83,83,0,-58,1
469,109,661,415,0,-108,1
470,0,574,574,0,40,0
470,1,518,98,0,28,0
470,2,207,681,0,42,0
470,3,161,616,0,-214,0
470,4,121,216,0,-220,0
470,5,605,8,0,18,0
470,6,529,237,0,-50,0
470,7,502,677,0,-164,0
470,8,633,345,0,-221,0
470,9,18,93,0,-103,0
470,10,570,187,0,-80,0
470,11,476,395,0,-172,0
470,12,148,564,0,36,0
470,13,474,98,0,-107,0
470,14,159,32,0,1,0
470,15,109,344,0,-120,0
470,16,32,554,0,55,0
470,17,273,32,0,-165,0
470,18,443,55,0,-44,0
470,19,167,543,0,-184,0
470,23,335,555,0,49,1
470,32,90,411,0,-202,1
470,39,329,125,0,-46,1
470,43,586,244,0,-269,1
470,46,664,416,0,-108,1
470,53,729,110,0,-186,1
470,54,283,248,0,-83,1
470,64,626,309,0,-8,1
470,68,121,62,0,-142,1
470,69,317,196,0,-109,1
470,72,599,633,0,-179,1
470,74,488,519,0,-178,0
470,75,502,663,0,-178,0
470,78,124,181,0,-93,1
470,85,15,675,0,52,0
470,86,496,18,0,-168,1
470,88,247,226,0,-91,1
470,89,740,445,0,-153,1
470,92,323,64,0,12,1
470,94,496,279,0,-258,1
470,95,395,648,0,-40,1
470,96,460,389,0,-133,1
470,99,204,35,0,-91,0
470,100,87,101,0,-111,1
470,101,306,605,0,-79,1
470,102,742,469,0,-131,1
470,103,492,542,0,84,1
470,104,447,342,0,-39,1
470,105,45,403,0,-259,1
470,106,55,58,0,-1,1
470,107,517,314,0,-238,1
470,108,86,82,0,-58,1
470,109,664,416,0,-108,1
471,0,572,572,0,40,0
471,1,517,95,0,28,0
471,2,205,679,0,42,0
471,3,160,618,0,-214,0
471,4,119,218,0,-220,0
471,5,604,5,0,18,0
471,6,531,235,0,-46,0
471,7,502,680,0,-164,0
471,8,633,345,0,-221,0
471,9,21,93,0,-93,0
471,10,573,186,0,-79,0
471,11,476,398,0,-172,0
471,12,147,562,0,36,0
471,13,477,99,0,-107,0
471,14,159,32,0,1,0
471,15,109,344,0,-120,0
471,16,29,552,0,55,0
471,17,275,35,0,-136,0
471,18,445,52,0,-44,0
471,19,167,546,0,-184,0
471,23,333,553,0,49,1
471,32,89,413,0,-202,1
471,39,331,123,0,-46,1
471,43,583,243,0,71,1
471,46,667,417,0,-108,1
471,53,728,113,0,-186,1
471,54,286,247,0,-83,1
471,64,625,306,0,6,1
471,68,124,63,0,-119,1
471,69,319,197,0,-109,1
471,72,599,636,0,-179,1
471,74,488,522,0,-178,0
471,75,503,666,0,-178,0
471,78,126,182,0,-93,1
471,85,15,675,0,52,0
471,86,496,21,0,-168,1
471,88,250,226,0,-91,1
471,89,741,448,0,-153,1
471,92,322,61,0,12,1
471,94,493,280,0,-258,1
471,95,396,646,0,-42,1
471,96,462,391,0,-133,1
471,99,207,35,0,-91,0
471,100,90,101,0,-109,1
471,101,309,604,0,-79,1
471,102,744,472,0,-144,1
471,103,489,542,0,84,1
471,104,449,340,0,-39,1
471,105,42,403,0,-259,1
471,106,55,55,0,-1,1
471,107,514,316,0,-238,1
471,108,88,80,0,-58,1
471,109,667,417,0,-108,1
472,0,570,570,0,40,0
472,1,516,93,0,28,0
472,2,203,677,0,42,0
472,3,159,621,0,-186,0
472,4,117,219,0,-244,0
472,5,603,2,0,18,0
472,6,533,233,0,-46,0
472,7,503,683,0,-164,0
472,8,633,345,0,-221,0
472,9,24,93,0,-93,0
472,10,576,185,0,-79,0
472,11,477,401,0,-172,0
472,12,145,559,0,36,0
472,13,479,100,0,-107,0
472,14,159,32,0,1,0
472,15,109,344,0,-120,0
472,16,27,550,0,49,0
472,17,277,37,0,-136,0
472,18,447,50,0,-44,0
472,19,168,549,0,-168,0
472,23,330,551,0,49,1
472,32,87,416,0,-202,1
472,39,333,121,0,-46,1
472,43,581,242,0,69,1
472,46,670,418,0,-96,1
472,53,728,116,0,-186,1
472,54,289,246,0,-73,1
472,64,625,303,0,6,1
472,68,127,64,0,-106,1
472,69,322,198,0,-109,1
472,72,599,639,0,-179,1
472,74,488,525,0,-178,0
472,75,503,669,0,-178,0
472,78,129,182,0,-93,1
472,85,15,675,0,52,0
472,86,497,23,0,-168,1
472,88,253,226,0,-91,1
472,89,743,450,0,-136,1
472,92,322,58,0,12,1
472,94,490,280,0,-258,1
472,95,398,643,0,-42,1
472,96,465,393,0,-133,1
472,99,210,35,0,-96,0
472,100,93,101,0,-83,1
472,101,312,604,0,-79,1
472,102,746,474,0,-144,1
472,103,486,541,0,84,1
472,104,451,337,0,-39,1
472,105,39,404,0,-259,1
472,106,55,52,0,-1,1
472,107,511,316,0,-259,1
472,108,91,79,0,-58,1
472,109,670,418,0,-108,1
473,0,568,567,0,40,0
473,1,514,90,0,28,0
473,2,201,675,0,42,0
473,3,160,624,0,-171,0
473,4,114,221,0,-244,0
473,5,602,-1,0,18,0
473,6,535,231,0,-46,0
473,7,504,686,0,-164,0
473,8,633,345,0,-221,0
473,9,27,93,0,-93,0
473,10,579,185,0,-79,0
473,11,478,404,0,-153,0
473,12,143,557,0,36,0
473,13,482,101,0,-107,0
473,14,159,32,0,1,0
473,15,109,344,0,-120,0
473,16,25,548,0,49,0
473,17,279,39,0,-136,0
473,18,449,48,0,-44,0
473,19,168,552,0,-168,0
473,23,328,549,0,49,1
473,32,86,419,0,-202,1
473,39,334,118,0,-21,1
473,43,578,241,0,69,1
473,46,673,418,0,-96,1
473,53,727,119,0,-208,1
473,54,291,246,0,-73,1
473,64,625,300,0,6,1
473,68,129,65,0,-106,1
473,69,325,199,0,-109,1
473,72,599,642,0,-185,1
473,74,488,528,0,-178,0
473,75,503,672,0,-178,0
473,78,132,182,0,-93,1
473,85,15,675,0,52,0
473,86,497,26,0,-168,1
473,88,256,226,0,-91,1
473,89,746,452,0,-118,1
473,92,321,55,0,12,1
473,94,487,281,0,-257,1
473,95,400,641,0,-38,1
473,96,467,395,0,-133,1
473,99,213,35,0,-96,0
473,100,96,101,0,-96,1
473,101,315,603,0,-79,1
473,102,748,476,0,-144,1
473,103,483,541,0,84,1
473,104,453,335,0,-39,1
473,105,36,405,0,-259,1
473,106,56,50,0,-24,1
473,107,508,317,0,-259,1
473,108,94,78,0,-85,1
473,109,673,419,0,-108,1
474,0,567,565,0,40,0
474,1,513,87,0,28,0
474,2,199,672,0,42,0
474,3,160,627,0,-173,0
474,4,111,222,0,-244,0
474,5,601,747,0,18,0
474,6,538,230,0,-72,0
474,7,505,689,0,-164,0
474,8,633,345,0,-221,0
474,9,30,93,0,-93,0
474,10,582,184,0,-79,0
474,11,480,406,0,-153,0
474,12,141,555,0,36,0
474,13,485,102,0,-107,0
474,14,159,32,0,1,0
474,15,109,344,0,-120,0
474,16,22,546,0,49,0
474,17,281,41,0,-136,0
474,18,451,46,0,-50,0
474,19,169,555,0,-168,0
474,23,326,547,0,49,1
474,32,85,422,0,-202,1
474,39,335,115,0,-21,1
474,43,576,239,0,50,1
474,46,676,418,0,-96,1
474,53,725,121,0,-208,1
474,54,294,245,0,-73,1
474,64,624,297,0,17,1
474,68,132,66,0,-106,1
474,69,328,200,0,-109,1
474,72,598,645,0,-189,1
474,74,489,531,0,-178,0
474,75,503,675,0,-178,0
474,78,135,182,0,-93,1
474,85,15,675,0,52,0
474,86,498,29,0,-174,1
474,88,259,226,0,-91,1
474,89,748,453,0,-118,1
474,92,320,52,0,12,1
474,94,484,282,0,-257,1
474,95,402,639,0,-38,1
474,96,469,397,0,-133,1
474,99,216,36,0,-96,0
474,100,99,102,0,-96,1
474,101,317,603,0,-79,1
474,102,749,479,0,-144,1
474,103,480,541,0,84,1
474,104,455,333,0,-39,1
474,105,33,405,0,-259,1
474,106,57,47,0,-24,1
474,107,505,318,0,-259,1
474,108,97,78,0,-85,1
474,109,675,420,0,-108,1
475,0,565,563,0,40,0
475,1,511,85,0,28,0
475,2,198,670,0,18,0
475,3,160,630,0,-173,0
475,4,109,224,0,-227,0
475,5,600,744,0,18,0
475,6,541,229,0,-72,0
475,7,506,692,0,-164,0
475,8,633,345,0,-221,0
475,9,33,93,0,-93,0
475,10,585,184,0,-79,0
475,11,481,409,0,-153,0
475,12,140,552,0,36,0
475,13,488,102,0,-107,0
475,14,159,32,0,1,0
475,15,109,344,0,-120,0
475,16,20,544,0,49,0
475,17,283,43,0,-136,0
475,18,454,44,0,-50,0
475,19,169,558,0,-168,0
475,23,324,545,0,49,1
475,32,84,425,0,-202,1
475,39,336,112,0,-21,1
475,43,573,237,0,50,1
475,46,679,418,0,-87,1
475,53,724,124,0,-208,1
475,54,297,244,0,-73,1
475,64,623,294,0,17,1
475,68,135,67,0,-106,1
475,69,331,199,0,-82,1
475,72,598,648,0,-189,1
475,74,490,533,0,-149,0
475,75,503,678,0,-178,0
475,78,138,182,0,-93,1
475,85,15,675,0,52,0
475,86,498,32,0,-174,1
475,88,262,226,0,-91,1
475,89,751,454,0,-114,1
475,92,320,49,0,15,1
475,94,481,283,0,-257,1
475,95,404,637,0,-44,1
475,96,471,399,0,-133,1
475,99,219,36,0,-96,0
475,100,102,102,0,-96,1
475,101,320,602,0,-79,1
475,102,751,481,0,-144,1
475,103,477,540,0,84,1
475,104,456,330,0,-39,1
475,105,30,406,0,-259,1
475,106,58,44,0,-13,1
475,107,502,318,0,-259,1
475,108,100,77,0,-74,1
475,109,678,422,0,-129,1
476,0,563,561,0,40,0
476,1,510,82,0,28,0
476,2,197,667,0,18,0
476,3,161,633,0,-173,0
476,4,107,226,0,-227,0
476,5,600,741,0,18,0
476,6,544,228,0,-77,0
476,7,507,695,0,-164,0
476,8,633,345,0,-221,0
476,9,36,94,0,-93,0
476,10,587,182,0,-58,0
476,11,481,412,0,-172,0
476,12,138,550,0,36,0
476,13,491,103,0,-107,0
476,14,159,32,0,1,0
476,15,109,344,0,-120,0
476,16,18,542,0,49,0
476,17,284,46,0,-162,0
476,18,456,42,0,-50,0
476,19,170,560,0,-168,0
476,23,321,543,0,49,1
476,32,83,427,0,-202,1
476,39,337,110,0,-21,1
476,43,571,235,0,50,1
476,46,682,418,0,-87,1
476,53,722,127,0,-208,1
476,54,300,243,0,-73,1
476,64,622,291,0,17,1
476,68,138,68,0,-121,1
476,69,334,199,0,-82,1
476,72,597,651,0,-189,1
476,74,492,536,0,-149,0
476,75,503,681,0,-178,0
476,78,141,182,0,-93,1
476,85,15,675,0,52,0
476,86,498,35,0,-174,1
476,88,265,226,0,-80,1
476,89,3,455,0,-114,1
476,92,318,46,0,28,1
476,94,478,282,0,81,1
476,95,406,634,0,-44,1
476,96,473,401,0,-133,1
476,99,222,36,0,-96,0
476,100,105,102,0,-96,1
476,101,323,601,0,-79,1
476,102,2,484,0,-144,1
476,103,474,541,0,-262,1
476,104,458,328,0,-39,1
476,105,27,406,0,-259,1
476,106,58,41,0,-13,1
476,107,499,319,0,-259,1
476,108,102,76,0,-74,1
476,109,680,424,0,-129,1
477,0,561,558,0,40,0
477,1,509,79,0,28,0
477,2,196,664,0,18,0
477,3,161,636,0,-168,0
477,4,105,228,0,-227,0
477,5,599,739,0,18,0
477,6,547,227,0,-77,0
477,7,509,697,0,-137,0
477,8,633,345,0,-221,0
477,9,39,94,0,-93,0
477,10,590,181,0,-58,0
477,11,482,415,0,-172,0
477,12,136,547,0,36,0
477,13,494,104,0,-107,0
477,14,159,32,0,1,0
477,15,109,344,0,-120,0
477,16,16,540,0,49,0
477,17,285,49,0,-162,0
477,18,458,40,0,-50,0
477,19,171,563,0,-168,0
477,23,319,541,0,49,1
477,32,82,430,0,-202,1
477,39,339,107,0,-37,1
477,43,570,233,0,27,1
477,46,685,418,0,-87,1
477,53,721,129,0,-208,1
477,54,303,242,0,-73,1
477,64,621,288,0,17,1
477,68,140,70,0,-121,1
477,69,337,198,0,-82,1
477,72,597,654,0,-189,1
477,74,493,539,0,-164,0
477,75,503,684,0,-188,0
477,78,144,183,0,-93,1
477,85,15,675,0,52,0
477,86,497,38,0,-204,1
477,88,267,225,0,-80,1
477,89,5,457,0,-114,1
477,92,317,44,0,28,1
477,94,475,282,0,81,1
477,95,408,632,0,-44,1
477,99,225,37,0,-96,0
477,100,108,103,0,-96,1
477,101,326,601,0,-79,1
477,102,4,486,0,-144,1
477,103,471,541,0,-262,1
477,104,461,326,0,-49,1
477,105,24,406,0,79,1
477,106,59,38,0,-13,1
477,107,496,319,0,-259,1
477,108,105,76,0,-74,1
477,109,682,426,0,-129,1
478,0,559,556,0,40,0
478,1,507,77,0,28,0
478,2,196,661,0,18,0
478,3,162,639,0,-168,0
478,4,102,230,0,-227,0
478,5,598,736,0,18,0
478,6,550,227,0,-77,0
478,7,511,699,0,-137,0
478,8,633,345,0,-221,0
478,9,42,94,0,-93,0
478,10,592,179,0,-58,0
478,11,482,418,0,-172,0
478,12,134,545,0,36,0
478,13,497,105,0,-107,0
478,14,159,32,0,1,0
478,15,109,344,0,-120,0
478,16,13,538,0,49,0
478,17,286,52,0,-172,0
478,18,460,39,0,-50,0
478,19,171,566,0,-168,0
478,23,317,539,0,49,1
478,32,81,433,0,-202,1
478,39,341,105,0,-37,1
478,43,568,230,0,27,1
478,46,688,418,0,-87,1
478,53,721,132,0,-178,1
478,54,306,242,0,-81,1
478,64,620,285,0,17,1
478,68,143,71,0,-121,1
478,69,340,198,0,-82,1
478,72,596,657,0,-189,1
478,74,493,542,0,-175,0
478,75,502,687,0,-188,0
478,78,147,184,0,-113,1
478,85,15,675,0,52,0
478,86,497,41,0,-192,1
478,88,270,225,0,-80,1
478,89,8,458,0,-114,1
478,92,317,41,0,5,1
478,94,472,281,0,81,1
478,95,411,630,0,-44,1
478,99,228,37,0,-96,0
478,100,111,103,0,-96,1
478,101,329,600,0,-79,1
478,102,5,489,0,-144,1
478,103,468,542,0,-262,1
478,104,463,324,0,-49,1
478,105,21,405,0,79,1
478,106,60,35,0,-13,1
478,107,494,320,0,-259,1
478,108,108,75,0,-74,1
478,109,685,427,0,-124,1
479,0,557,554,0,40,0
479,1,506,74,0,28,0
479,2,194,658,0,30,0
479,3,163,642,0,-168,0
479,4,100,231,0,-254,0
479,5,597,733,0,18,0
479,6,552,225,0,-62,0
479,7,511,702,0,-166,0
479,8,633,345,0,-221,0
479,9,45,94,0,-93,0
479,10,595,177,0,-58,0
479,11,482,421,0,-186,0
479,12,133,542,0,36,0
479,13,500,105,0,-94,0
479,14,159,32,0,1,0
479,15,109,344,0,-120,0
479,16,11,536,0,51,0
479,17,286,55,0,-172,0
479,18,463,37,0,-50,0
479,19,171,569,0,-182,0
479,23,315,537,0,49,1
479,32,80,436,0,-202,1
479,39,342,102,0,-27,1
479,43,567,227,0,27,1
479,46,691,418,0,-101,1
479,53,721,135,0,-178,1
479,54,309,241,0,-81,1
479,64,619,283,0,34,1
479,68,146,73,0,-121,1
479,69,343,198,0,-82,1
479,72,596,660,0,-177,1
479,74,493,545,0,-175,0
479,75,501,690,0,-209,0
479,78,150,185,0,-113,1
479,85,15,675,0,52,0
479,86,496,44,0,-192,1
479,88,273,224,0,-80,1
479,89,11,459,0,-114,1
479,92,316,38,0,5,1
479,94,469,281,0,81,1
479,95,412,628,0,-31,1
479,99,231,37,0,-96,0
479,100,114,103,0,-96,1
479,101,332,600,0,-79,1
479,102,7,491,0,-151,1
479,103,465,542,0,-262,1
479,104,464,321,0,-22,1
479,105,18,405,0,79,1
479,106,60,32,0,-13,1
479,107,491,321,0,-259,1
479,108,111,74,0,-74,1
479,109,688,428,0,-102,1
480,0,555,551,0,40,0
480,1,504,71,0,28,0
480,2,192,656,0,30,0
480,3,163,645,0,-168,0
480,4,97,232,0,-254,0
480,5,596,730,0,18,0
480,6,555,224,0,-62,0
480,7,512,705,0,-175,0
480,8,633,345,0,-221,0
480,9,47,93,0,-66,0
480,10,597,176,0,-55,0
480,11,483,424,0,-160,0
480,12,131,540,0,27,0
480,13,503,105,0,-94,0
480,14,159,32,0,1,0
480,15,109,344,0,-120,0
480,16,9,534,0,51,0
480,17,287,58,0,-154,0
480,18,465,35,0,-50,0
480,19,171,572,0,-182,0
480,23,312,535,0,49,1
480,32,79,439,0,-202,1
480,39,344,100,0,-27,1
480,43,566,225,0,27,1
480,46,694,419,0,-101,1
480,53,721,138,0,-178,1
480,54,312,241,0,-81,1
480,64,617,280,0,34,1
480,68,148,74,0,-121,1
480,69,346,197,0,-82,1
480,72,597,663,0,-161,1
480,74,493,548,0,-175,0
480,75,499,693,0,-209,0
480,78,153,186,0,-113,1
480,85,15,675,0,52,0
480,86,495,47,0,-204,1
480,88,276,224,0,-80,1
480,89,14,460,0,-114,1
480,92,316,35,0,5,1
480,94,466,280,0,81,1
480,95,415,626,0,-57,1
480,99,233,38,0,-104,0
480,100,117,104,0,-96,1
480,101,335,599,0,-79,1
480,102,8,494,0,-151,1
480,103,462,542,0,-262,1
480,104,465,318,0,-26,1
480,105,15,404,0,79,1
480,106,61,29,0,-13,1
480,107,488,321,0,-259,1
480,108,114,73,0,-74,1
480,109,690,430,0,-130,1
481,0,553,549,0,40,0
481,1,503,69,0,28,0
481,2,191,653,0,30,0
481,3,164,648,0,-168,0
481,4,94,233,0,-254,0
481,5,595,727,0,18,0
481,6,558,223,0,-62,0
481,7,512,708,0,-175,0
481,8,633,345,0,-221,0
481,9,50,91,0,-46,0
481,10,600,174,0,-55,0
481,11,484,427,0,-160,0
481,12,130,537,0,27,0
481,13,506,106,0,-94,0
481,14,159,32,0,1,0
481,15,109,344,0,-120,0
481,16,6,532,0,51,0
481,17,290,59,0,-126,0
481,18,467,33,0,-50,0
481,19,171,575,0,-182,0
481,23,310,533,0,49,1
481,32,78,441,0,-202,1
481,39,345,97,0,-27,1
481,46,697,419,0,-101,1
481,53,722,141,0,-178,1
481,54,315,240,0,-81,1
481,64,615,278,0,34,1
481,68,151,76,0,-121,1
481,69,349,197,0,-82,1
481,72,599,666,0,-158,1
481,74,494,551,0,-175,0
481,75,498,695,0,-214,0
481,78,155,187,0,-113,1
481,85,15,675,0,52,0
481,86,494,49,0,-204,1
481,88,279,223,0,-80,1
481,89,16,461,0,-114,1
481,92,316,32,0,5,1
481,94,463,280,0,81,1
481,95,417,624,0,-57,1
481,99,236,40,0,-127,0
481,100,120,104,0,-96,1
481,101,338,598,0,-65,1
481,102,10,497,0,-151,1
481,103,459,543,0,-262,1
481,104,467,316,0,-26,1
481,105,13,403,0,79,1
481,106,62,26,0,-13,1
481,107,485,322,0,-259,1
481,108,117,72,0,-74,1
481,109,692,432,0,-130,1
482,0,551,547,0,38,0
482,1,501,66,0,28,0
482,2,188,652,0,59,0
482,3,164,651,0,-168,0
482,4,91,234,0,-254,0
482,5,594,724,0,18,0
482,6,560,221,0,-48,0
482,7,512,711,0,-175,0
482,8,633,345,0,-221,0
482,9,52,89,0,-46,0
482,10,602,172,0,-55,0
482,11,485,429,0,-160,0
482,12,128,534,0,27,0
482,13,509,106,0,-94,0
482,14,159,32,0,1,0
482,15,109,344,0,-120,0
482,16,4,530,0,51,0
482,17,292,61,0,-126,0
482,18,469,30,0,-26,0
482,19,171,578,0,-182,0
482,23,308,531,0,49,1
482,32,76,444,0,-206,1
482,39,346,94,0,-27,1
482,46,699,421,0,-124,1
482,53,722,144,0,-178,1
482,54,318,241,0,-98,1
482,64,614,275,0,34,1
482,68,153,77,0,-121,1
482,69,352,196,0,-82,1
482,72,600,669,0,-158,1
482,74,494,554,0,-175,0
482,75,497,698,0,-196,0
482,78,158,188,0,-113,1
482,85,15,675,0,52,0
482,86,493,52,0,-188,1
482,88,282,222,0,-80,1
482,89,19,462,0,-110,1
482,92,316,29,0,5,1
482,94,461,279,0,70,1
482,95,420,623,0,-57,1
482,99,238,41,0,-127,0
482,100,123,104,0,-90,1
482,101,341,597,0,-65,1
482,102,12,499,0,-139,1
482,103,456,543,0,-262,1
482,104,468,313,0,-26,1
482,105,10,403,0,79,1
482,106,62,23,0,-13,1
482,107,482,322,0,-259,1
482,108,120,71,0,-74,1
482,109,695,434,0,-130,1
483,0,549,544,0,38,0
483,1,500,64,0,28,0
483,2,186,650,0,59,0
483,3,165,654,0,-168,0
483,4,88,234,0,-254,0
483,5,593,722,0,18,0
483,6,562,218,0,-48,0
483,7,512,714,0,-175,0
483,8,633,345,0,-221,0
483,9,54,87,0,-49,0
483,10,605,171,0,-55,0
483,11,486,432,0,-157,0
483,12,127,532,0,27,0
483,13,512,106,0,-96,0
483,14,159,32,0,1,0
483,15,109,344,0,-120,0
483,16,2,528,0,51,0
483,17,295,63,0,-126,0
483,18,470,27,0,-26,0
483,19,171,581,0,-182,0
483,23,306,529,0,49,1
483,32,75,447,0,-206,1
483,39,348,92,0,-27,1
483,46,702,423,0,-124,1
483,53,721,147,0,-192,1
483,54,321,241,0,-98,1
483,64,611,274,0,63,1
483,68,156,79,0,-121,1
483,69,355,196,0,-82,1
483,72,601,671,0,-158,1
483,74,494,557,0,-175,0
483,75,496,701,0,-196,0
483,78,161,190,0,-113,1
483,85,15,675,0,52,0
483,86,493,55,0,-188,1
483,88,285,222,0,-80,1
483,89,22,463,0,-110,1
483,92,315,26,0,5,1
483,94,458,278,0,70,1
483,95,422,621,0,-57,1
483,99,241,43,0,-127,0
483,100,126,104,0,-90,1
483,101,342,594,0,-38,1
483,102,14,501,0,-139,1
483,103,453,544,0,-262,1
483,104,469,310,0,-26,1
483,105,7,402,0,79,1
483,106,63,20,0,-13,1
483,107,479,324,0,-246,1
483,108,123,71,0,-74,1
483,109,697,436,0,-130,1
484,0,549,542,0,14,0
484,1,499,61,0,28,0
484,2,183,648,0,59,0
484,3,166,657,0,-168,0
484,4,85,235,0,-254,0
484,5,592,719,0,18,0
484,6,563,216,0,-20,0
484,7,513,717,0,-175,0
484,8,633,345,0,-221,0
484,9,56,85,0,-49,0
484,10,607,169,0,-55,0
484,11,487,435,0,-157,0
484,12,126,529,0,21,0
484,13,515,106,0,-85,0
484,14,159,32,0,1,0
484,15,109,344,0,-120,0
484,16,-1,527,0,51,0
484,17,297,65,0,-126,0
484,18,472,25,0,-41,0
484,19,171,584,0,-182,0
484,23,303,527,0,49,1
484,32,75,450,0,-181,1
484,39,350,89,0,-43,1
484,46,704,425,0,-124,1
484,53,720,150,0,-192,1
484,54,324,242,0,-98,1
484,64,608,272,0,61,1
484,68,158,80,0,-121,1
484,69,358,196,0,-82,1
484,72,602,674,0,-158,1
484,74,494,560,0,-175,0
484,75,495,704,0,-196,0
484,78,164,191,0,-113,1
484,85,15,675,0,52,0
484,86,492,58,0,-188,1
484,88,288,221,0,-80,1
484,89,25,464,0,-110,1
484,92,314,23,0,21,1
484,94,455,277,0,70,1
484,95,425,620,0,-57,1
484,99,243,45,0,-127,0
484,100,129,104,0,-90,1
484,101,344,592,0,-38,1
484,102,16,503,0,-139,1
484,103,450,544,0,-262,1
484,104,471,308,0,-26,1
484,105,4,402,0,79,1
484,106,64,18,0,-13,1
484,107,476,325,0,-246,1
484,108,125,70,0,-74,1
484,109,699,438,0,-130,1
485,0,548,539,0,14,0
485,1,497,58,0,28,0
485,2,181,647,0,49,0
485,3,166,660,0,-168,0
485,4,82,236,0,-254,0
485,5,591,716,0,18,0
485,6,564,213,0,-20,0
485,7,513,720,0,-175,0
485,8,633,345,0,-221,0
485,9,58,83,0,-49,0
485,10,610,167,0,-55,0
485,11,488,438,0,-175,0
485,12,126,526,0,-2,0
485,13,517,104,0,-58,0
485,14,159,32,0,1,0
485,15,109,344,0,-120,0
485,16,748,525,0,51,0
485,17,300,66,0,-126,0
485,18,475,24,0,-63,0
485,19,169,587,0,-205,0
485,23,302,525,0,24,1
485,32,75,453,0,-181,1
485,39,352,87,0,-43,1
485,46,707,426,0,-111,1
485,53,720,153,0,-192,1
485,54,327,242,0,-100,1
485,64,605,272,0,86,1
485,68,161,82,0,-123,1
485,69,361,195,0,-82,1
485,72,603,677,0,-158,1
485,74,495,563,0,-175,0
485,75,494,707,0,-196,0
485,78,167,192,0,-113,1
485,85,15,675,0,52,0
485,86,492,61,0,-188,1
485,88,291,221,0,-80,1
485,89,28,465,0,-110,1
485,92,313,20,0,21,1
485,94,452,276,0,70,1
485,95,428,618,0,-67,1
485,99,246,46,0,-113,0
485,100,132,104,0,-90,1
485,101,346,590,0,-38,1
485,102,18,506,0,-139,1
485,103,447,544,0,81,1
485,104,472,305,0,-26,1
485,105,1,401,0,79,1
485,106,64,15,0,-13,1
485,107,474,326,0,-246,1
485,108,128,69,0,-74,1
485,109,702,439,0,-130,1
486,0,547,536,0,14,0
486,1,497,55,0,5,0
486,2,179,645,0,49,0
486,3,167,663,0,-168,0
486,4,79,237,0,-254,0
486,5,590,713,0,18,0
486,6,565,210,0,-20,0
486,7,513,723,0,-175,0
486,8,633,345,0,-221,0
486,9,61,81,0,-49,0
486,10,611,164,0,-27,0
486,11,489,441,0,-157,0
486,12,126,523,0,-2,0
486,13,520,103,0,-58,0
486,14,159,32,0,1,0
486,15,109,344,0,-120,0
486,16,745,524,0,76,0
486,17,302,68,0,-126,0
486,18,477,22,0,-63,0
486,19,168,590,0,-201,0
486,23,301,522,0,24,1
486,32,75,456,0,-181,1
486,39,354,85,0,-43,1
486,46,710,427,0,-111,1
486,53,719,156,0,-192,1
486,54,330,243,0,-100,1
486,64,602,272,0,86,1
486,68,163,84,0,-123,1
486,69,364,195,0,-82,1
486,72,604,680,0,-158,1
486,74,495,566,0,-175,0
486,75,493,709,0,-196,0
486,78,169,193,0,-113,1
486,85,15,675,0,52,0
486,88,294,220,0,-80,1
486,89,31,466,0,-110,1
486,92,313,17,0,0,1
486,94,449,275,0,70,1
486,95,430,617,0,-67,1
486,99,249,47,0,-113,0
486,100,135,104,0,-90,1
486,101,348,587,0,-38,1
486,102,20,508,0,-139,1
486,103,444,543,0,81,1
486,104,473,302,0,-26,1
486,105,-2,400,0,79,1
486,106,65,12,0,-13,1
486,107,471,327,0,-246,1
486,108,131,68,0,-74,1
486,109,705,440,0,-100,1
487,0,547,533,0,-1,0
487,1,497,52,0,5,0
487,2,177,643,0,49,0
487,3,168,666,0,-168,0
487,4,76,238,0,-254,0
487,5,589,710,0,18,0
487,6,566,207,0,-20,0
487,7,513,726,0,-175,0
487,8,633,345,0,-221,0
487,9,63,79,0,-49,0
487,10,612,162,0,-27,0
487,11,490,443,0,-157,0
487,12,126,520,0,-2,0
487,13,522,101,0,-58,0
487,14,159,32,0,1,0
487,15,109,344,0,-120,0
487,16,742,523,0,76,0
487,17,304,70,0,-126,0
487,18,480,21,0,-63,0
487,19,167,593,0,-201,0
487,23,300,519,0,24,1
487,32,75,459,0,-181,1
487,39,356,83,0,-43,1
487,46,713,427,0,-104,1
487,53,719,159,0,-192,1
487,54,333,243,0,-100,1
487,64,599,272,0,86,1
487,68,166,85,0,-123,1
487,69,367,194,0,-82,1
487,72,605,682,0,-158,1
487,74,495,569,0,-175,0
487,75,493,712,0,-196,0
487,78,172,194,0,-113,1
487,85,15,675,0,52,0
487,88,297,220,0,-80,1
487,89,33,467,0,-110,1
487,92,314,14,0,-7,1
487,94,447,274,0,70,1
487,95,433,616,0,-67,1
487,99,251,49,0,-113,0
487,100,138,104,0,-90,1
487,101,350,585,0,-38,1
487,102,21,510,0,-139,1
487,103,441,543,0,81,1
487,104,475,300,0,-26,1
487,105,747,400,0,79,1
487,106,66,9,0,-13,1
487,107,468,328,0,-246,1
487,108,134,67,0,-74,1
487,109,708,441,0,-100,1
487,110,712,428,0,-111,1
488,0,547,530,0,-1,0
488,1,496,49,0,5,0
488,2,175,640,0,29,0
488,3,168,668,0,-168,0
488,4,74,239,0,-254,0
488,5,588,707,0,18,0
488,6,567,204,0,-20,0
488,7,514,729,0,-175,0
488,8,633,345,0,-221,0
488,9,65,77,0,-49,0
488,10,614,159,0,-27,0
488,11,491,446,0,-157,0
488,12,127,517,0,-2,0
488,13,525,99,0,-58,0
488,14,159,32,0,1,0
488,15,109,344,0,-120,0
488,16,739,522,0,76,0
488,17,307,72,0,-126,0
488,18,483,20,0,-63,0
488,19,166,595,0,-201,0
488,23,298,517,0,37,1
488,32,75,462,0,-181,1
488,39,358,80,0,-43,1
488,46,715,428,0,-104,1
488,53,718,162,0,-192,1
488,54,336,244,0,-100,1
488,64,596,272,0,86,1
488,68,168,87,0,-123,1
488,69,370,194,0,-87,1
488,72,607,685,0,-158,1
488,74,496,571,0,-175,0
488,75,492,715,0,-198,0
488,78,175,196,0,-113,1
488,85,15,675,0,52,0
488,88,300,219,0,-80,1
488,89,36,469,0,-110,1
488,92,314,11,0,-7,1
488,94,444,273,0,70,1
488,95,436,615,0,-67,1
488,99,254,50,0,-113,0
488,100,141,104,0,-90,1
488,101,352,583,0,-53,1
488,102,23,512,0,-139,1
488,103,438,542,0,79,1
488,104,476,297,0,-26,1
488,105,744,399,0,79,1
488,106,67,6,0,-13,1
488,107,465,328,0,84,1
488,108,137,66,0,-64,1
488,109,711,441,0,-100,1
488,110,715,429,0,-111,1
489,0,547,527,0,-1,0
489,1,498,47,0,-25,0
489,2,174,637,0,29,0
489,3,169,671,0,-168,0
489,4,71,239,0,-254,0
489,5,587,704,0,18,0
489,6,568,202,0,-20,0
489,7,514,732,0,-175,0
489,8,633,345,0,-221,0
489,9,67,75,0,-49,0
489,10,615,156,0,-27,0
489,11,492,449,0,-166,0
489,12,127,514,0,-2,0
489,13,526,97,0,-32,0
489,14,159,32,0,1,0
489,15,109,344,0,-120,0
489,16,736,522,0,76,0
489,17,309,74,0,-126,0
489,18,485,18,0,-63,0
489,19,165,598,0,-201,0
489,23,296,514,0,37,1
489,32,75,465,0,-181,1
489,39,360,78,0,-43,1
489,46,718,429,0,-104,1
489,53,718,165,0,-183,1
489,54,338,245,0,-110,1
489,64,593,272,0,-267,1
489,68,171,89,0,-123,1
489,69,373,194,0,-87,1
489,72,608,688,0,-158,1
489,74,497,574,0,-151,0
489,75,491,718,0,-198,0
489,78,178,197,0,-113,1
489,85,15,675,0,52,0
489,88,303,218,0,-67,1
489,89,39,470,0,-110,1
489,92,315,8,0,-13,1
489,94,441,272,0,70,1
489,95,439,615,0,-88,1
489,99,257,51,0,-113,0
489,100,144,104,0,-90,1
489,101,355,582,0,-60,1
489,102,25,515,0,-140,1
489,103,435,542,0,-262,1
489,104,477,294,0,-26,1
489,105,741,399,0,79,1
489,106,67,3,0,-13,1
489,107,462,328,0,84,1
489,108,139,64,0,-40,1
489,109,713,442,0,-100,1
489,110,718,430,0,-111,1
490,0,547,524,0,-1,0
490,1,499,44,0,-25,0
490,2,172,635,0,29,0
490,3,169,674,0,-182,0
490,4,68,240,0,-254,0
490,5,586,702,0,18,0
490,6,569,199,0,-20,0
490,7,514,735,0,-175,0
490,8,633,345,0,-221,0
490,9,70,73,0,-49,0
490,10,616,154,0,-27,0
490,11,493,452,0,-166,0
490,12,127,511,0,-2,0
490,13,529,95,0,-46,0
490,14,159,32,0,1,0
490,15,109,344,0,-120,0
490,16,733,521,0,76,0
490,17,312,75,0,-126,0
490,18,488,17,0,-63,0
490,19,164,601,0,-201,0
490,23,294,512,0,37,1
490,32,75,468,0,-181,1
490,39,362,76,0,-43,1
490,46,721,428,0,-77,1
490,53,718,168,0,-183,1
490,54,341,246,0,-110,1
490,64,590,272,0,-267,1
490,68,174,90,0,-123,1
490,69,376,194,0,-87,1
490,72,609,691,0,-158,1
490,74,498,577,0,-151,0
490,75,490,721,0,-198,0
490,78,180,198,0,-113,1
490,85,15,675,0,52,0
490,88,305,216,0,-41,1
490,89,42,471,0,-110,1
490,92,315,5,0,-13,1
490,94,438,271,0,70,1
490,95,442,615,0,-88,1
490,99,260,52,0,-113,0
490,100,147,104,0,-90,1
490,101,357,580,0,-60,1
490,102,27,517,0,-140,1
490,103,432,543,0,-262,1
490,104,479,292,0,-26,1
490,105,738,398,0,78,1
490,106,68,0,0,-13,1
490,107,459,327,0,69,1
490,108,141,61,0,-40,1
490,109,716,442,0,-100,1
490,110,721,431,0,-111,1
491,0,547,521,0,-1,0
491,1,500,41,0,-25,0
491,2,171,632,0,27,0
491,3,169,677,0,-182,0
491,4,65,241,0,-254,0
491,5,585,699,0,18,0
491,6,570,196,0,-13,0
491,7,514,738,0,-175,0
491,8,633,345,0,-221,0
491,9,72,71,0,-49,0
491,10,618,151,0,-27,0
491,11,493,455,0,-166,0
491,12,127,508,0,-2,0
491,13,531,93,0,-46,0
491,14,159,32,0,1,0
491,15,109,344,0,-120,0
491,16,730,520,0,76,0
491,17,313,78,0,-154,0
491,18,491,16,0,-63,0
491,19,163,604,0,-201,0
491,23,292,510,0,37,1
491,32,74,471,0,-181,1
491,39,364,74,0,-43,1
491,46,724,427,0,-77,1
491,53,716,170,0,-211,1
491,54,344,247,0,-110,1
491,64,588,273,0,-243,1
491,68,176,92,0,-123,1
491,69,379,194,0,-87,1
491,72,610,693,0,-158,1
491,74,500,579,0,-139,0
491,75,489,724,0,-188,0
491,78,183,199,0,-113,1
491,85,15,675,0,52,0
491,88,307,213,0,-38,1
491,89,45,472,0,-116,1
491,92,316,2,0,-13,1
491,94,435,271,0,-264,1
491,95,445,614,0,-88,1
491,99,262,53,0,-113,0
491,100,150,104,0,-90,1
491,101,360,579,0,-60,1
491,102,29,519,0,-140,1
491,103,429,543,0,-262,1
491,104,480,289,0,-26,1
491,105,736,396,0,54,1
491,106,69,-3,0,-13,1
491,107,456,326,0,69,1
491,108,143,59,0,-40,1
491,109,719,443,0,-100,1
491,110,724,432,0,-111,1
492,0,546,518,0,26,0
492,1,501,38,0,-10,0
492,2,169,629,0,27,0
492,3,169,680,0,-182,0
492,4,62,242,0,-254,0
492,5,584,696,0,18,0
492,6,571,193,0,-13,0
492,7,515,741,0,-175,0
492,8,633,345,0,-221,0
492,9,73,68,0,-26,0
492,10,619,148,0,-27,0
492,11,494,458,0,-166,0
492,12,127,505,0,-2,0
492,13,533,91,0,-46,0
492,14,159,32,0,1,0
492,15,109,344,0,-120,0
492,16,727,519,0,76,0
492,17,314,81,0,-154,0
492,18,493,14,0,-63,0
492,19,162,607,0,-192,0
492,23,291,507,0,37,1
492,32,74,474,0,-181,1
492,39,366,72,0,-43,1
492,46,727,427,0,-77,1
492,53,714,173,0,-211,1
492,54,347,248,0,-110,1
492,64,585,275,0,-243,1
492,68,179,93,0,-123,1
492,69,382,194,0,-87,1
492,72,611,696,0,-158,1
492,74,502,581,0,-139,0
492,75,489,727,0,-188,0
492,78,186,200,0,-113,1
492,85,15,675,0,52,0
492,88,308,211,0,-38,1
492,89,47,473,0,-116,1
492,92,317,0,0,-13,1
492,94,432,271,0,-264,1
492,95,448,614,0,-88,1
492,99,265,54,0,-113,0
492,100,153,104,0,-90,1
492,101,363,577,0,-60,1
492,102,31,521,0,-140,1
492,103,426,544,0,-262,1
492,104,481,286,0,-26,1
492,105,733,395,0,54,1
492,106,69,747,0,-13,1
492,107,454,325,0,69,1
492,108,145,57,0,-40,1
492,109,722,443,0,-100,1
492,110,726,433,0,-111,1
493,0,545,515,0,26,0
493,1,501,35,0,-10,0
493,2,168,627,0,27,0
493,3,168,683,0,-182,0
493,4,59,243,0,-254,0
493,5,583,693,0,18,0
493,6,571,190,0,-13,0
493,7,515,744,0,-175,0
493,8,633,345,0,-221,0
493,9,75,65,0,-26,0
493,10,620,146,0,-27,0
493,11,495,461,0,-166,0
493,12,127,502,0,-2,0
493,13,535,89,0,-57,0
493,14,159,32,0,1,0
493,15,109,344,0,-120,0
493,16,724,519,0,76,0
493,17,316,83,0,-154,0
493,18,496,13,0,-57,0
493,19,162,610,0,-192,0
493,23,289,505,0,37,1
493,32,73,477,0,-200,1
493,39,368,69,0,-43,1
493,46,729,425,0,-50,1
493,53,713,176,0,-211,1
493,54,350,249,0,-110,1
493,64,582,276,0,-243,1
493,68,181,95,0,-123,1
493,69,385,194,0,-87,1
493,72,612,699,0,-158,1
493,74,504,584,0,-143,0
493,75,488,730,0,-188,0
493,78,189,201,0,-113,1
493,85,15,675,0,52,0
493,88,310,209,0,-38,1
493,89,50,474,0,-116,1
493,92,317,747,0,-13,1
493,94,429,271,0,-264,1
493,95,450,613,0,-60,1
493,99,268,56,0,-113,0
493,100,156,104,0,-90,1
493,101,365,575,0,-52,1
493,102,33,524,0,-140,1
493,103,423,544,0,-262,1
493,104,481,283,0,2,1
493,105,731,393,0,54,1
493,106,70,744,0,-13,1
493,107,451,324,0,76,1
493,108,147,54,0,-40,1
493,109,725,444,0,-107,1
493,110,729,434,0,-111,1
494,0,543,513,0,26,0
494,1,502,32,0,-10,0
494,2,167,624,0,27,0
494,3,168,686,0,-184,0
494,4,56,244,0,-254,0
494,5,582,690,0,18,0
494,6,572,187,0,-13,0
494,7,515,747,0,-175,0
494,8,633,345,0,-221,0
494,9,76,63,0,-26,0
494,10,621,143,0,-10,0
494,11,496,464,0,-166,0
494,12,127,499,0,-2,0
494,13,538,87,0,-57,0
494,14,159,32,0,1,0
494,15,109,344,0,-120,0
494,16,722,518,0,76,0
494,17,317,86,0,-149,0
494,18,498,11,0,-57,0
494,19,161,613,0,-192,0
494,23,287,502,0,37,1
494,32,72,479,0,-203,1
494,39,370,67,0,-43,1
494,46,732,423,0,-50,1
494,53,711,178,0,-211,1
494,54,352,250,0,-110,1
494,64,580,277,0,-243,1
494,68,184,97,0,-123,1
494,69,388,193,0,-87,1
494,72,613,702,0,-158,1
494,74,505,587,0,-168,0
494,75,488,733,0,-188,0
494,78,191,203,0,-113,1
494,85,15,675,0,52,0
494,88,312,206,0,-38,1
494,89,53,476,0,-116,1
494,92,317,744,0,-3,1
494,94,426,272,0,-264,1
494,95,453,611,0,-60,1
494,99,271,57,0,-113,0
494,100,159,104,0,-90,1
494,101,367,573,0,-52,1
494,102,35,526,0,-140,1
494,103,420,545,0,-262,1
494,104,481,280,0,-7,1
494,105,729,391,0,54,1
494,106,71,741,0,-13,1
494,107,448,324,0,89,1
494,108,148,52,0,-40,1
494,109,728,445,0,-107,1
494,110,732,435,0,-111,1
495,0,542,510,0,26,0
495,1,502,29,0,-11,0
495,2,165,621,0,27,0
495,3,168,689,0,-184,0
495,4,53,244,0,-254,0
495,5,582,687,0,18,0
495,6,573,184,0,-13,0
495,7,515,750,0,-175,0
495,8,633,345,0,-221,0
495,9,77,60,0,-26,0
495,10,621,140,0,-10,0
495,11,496,466,0,-166,0
495,12,127,496,0,-2,0
495,13,541,86,0,-67,0
495,14,159,32,0,1,0
495,15,109,344,0,-120,0
495,16,719,517,0,73,0
495,17,318,89,0,-163,0
495,18,501,9,0,-57,0
495,19,161,616,0,-192,0
495,23,286,500,0,9,1
495,32,71,482,0,-203,1
495,39,372,65,0,-43,1
495,46,734,421,0,-50,1
495,53,710,181,0,-203,1
495,54,355,250,0,-86,1
495,64,577,277,0,-269,1
495,68,186,98,0,-123,1
495,69,391,193,0,-87,1
495,72,615,704,0,-139,1
495,74,507,589,0,-144,0
495,75,488,736,0,-188,0
495,78,194,204,0,-113,1
495,85,15,675,0,52,0
495,88,314,204,0,-38,1
495,89,55,477,0,-116,1
495,92,317,741,0,6,1
495,94,423,272,0,-264,1
495,95,456,610,0,-60,1
495,99,274,58,0,-113,0
495,100,162,104,0,-90,1
495,101,370,572,0,-52,1
495,102,37,528,0,-140,1
495,103,417,545,0,-262,1
495,104,482,277,0,-7,1
495,105,726,389,0,54,1
495,106,71,738,0,-6,1
495,107,445,325,0,-251,1
495,108,150,50,0,-40,1
495,109,731,446,0,-107,1
495,110,735,436,0,-111,1
496,0,541,507,0,26,0
496,1,503,26,0,-11,0
496,2,163,620,0,53,0
496,3,168,692,0,-184,0
496,4,51,245,0,-254,0
496,5,581,685,0,18,0
496,6,573,181,0,-13,0
496,7,516,753,0,-175,0
496,8,633,345,0,-221,0
496,9,79,57,0,-26,0
496,10,622,137,0,-10,0
496,11,497,469,0,-166,0
496,12,127,493,0,-2,0
496,13,543,85,0,-67,0
496,14,159,32,0,1,0
496,15,109,344,0,-120,0
496,16,716,516,0,73,0
496,17,319,92,0,-163,0
496,18,503,8,0,-57,0
496,19,160,619,0,-192,0
496,23,286,497,0,9,1
496,32,70,485,0,-203,1
496,39,373,62,0,-14,1
496,46,736,419,0,-50,1
496,53,709,184,0,-203,1
496,54,358,250,0,-86,1
496,64,574,277,0,-269,1
496,68,189,100,0,-123,1
496,69,394,193,0,-87,1
496,72,618,706,0,-121,1
496,74,508,591,0,-144,0
496,75,487,739,0,-188,0
496,78,197,205,0,-108,1
496,85,15,675,0,52,0
496,88,316,202,0,-38,1
496,89,58,478,0,-116,1
496,92,317,738,0,6,1
496,94,421,274,0,-237,1
496,95,458,608,0,-60,1
496,99,277,58,0,-87,0
496,100,165,104,0,-90,1
496,101,372,570,0,-57,1
496,102,39,531,0,-140,1
496,103,414,545,0,-262,1
496,104,482,274,0,-2,1
496,105,724,388,0,54,1
496,106,71,735,0,-6,1
496,107,442,326,0,-251,1
496,108,152,48,0,-40,1
496,109,734,446,0,-107,1
496,110,738,437,0,-111,1
497,0,539,505,0,26,0
497,1,504,23,0,-11,0
497,2,161,618,0,53,0
497,3,168,695,0,-184,0
497,4,48,246,0,-254,0
497,5,580,682,0,18,0
497,6,574,178,0,-13,0
497,7,515,3,0,-190,0
497,8,633,345,0,-221,0
497,9,81,56,0,-54,0
497,10,623,134,0,-10,0
497,11,498,472,0,-166,0
497,12,128,490,0,-2,0
497,13,546,84,0,-67,0
497,14,159,32,0,1,0
497,15,109,344,0,-120,0
497,16,713,515,0,73,0
497,17,320,95,0,-163,0
497,18,506,6,0,-57,0
497,19,159,621,0,-192,0
497,23,286,494,0,9,1
497,32,69,488,0,-203,1
497,39,374,59,0,-14,1
497,46,739,417,0,-50,1
497,53,708,186,0,-203,1
497,54,361,249,0,-86,1
497,64,571,277,0,-269,1
497,68,191,102,0,-123,1
497,69,397,193,0,-87,1
497,72,621,706,0,-99,1
497,74,510,594,0,-144,0
497,75,487,742,0,-188,0
497,78,200,206,0,-108,1
497,85,15,675,0,52,0
497,88,318,199,0,-38,1
497,89,61,480,0,-116,1
497,92,316,735,0,6,1
497,94,418,275,0,-237,1
497,95,461,607,0,-64,1
497,99,280,57,0,-87,0
497,100,168,104,0,-89,1
497,101,375,568,0,-54,1
497,102,41,533,0,-140,1
497,103,411,546,0,-262,1
497,104,482,271,0,-2,1
497,105,721,386,0,54,1
497,106,71,732,0,-6,1
497,107,439,327,0,-251,1
497,108,154,45,0,-40,1
497,109,737,447,0,-107,1
497,110,740,438,0,-111,1
498,0,538,502,0,26,0
498,1,504,20,0,-11,0
498,2,158,616,0,53,0
498,3,169,698,0,-160,0
498,4,45,247,0,-254,0
498,5,579,679,0,18,0
498,6,575,175,0,-13,0
498,7,514,6,0,-190,0
498,8,633,345,0,-221,0
498,9,83,54,0,-54,0
498,10,623,131,0,-10,0
498,11,499,475,0,-166,0
498,12,128,487,0,-2,0
498,13,549,83,0,-67,0
498,14,159,32,0,1,0
498,15,109,344,0,-120,0
498,16,710,514,0,73,0
498,17,320,98,0,-180,0
498,18,509,4,0,-57,0
498,19,159,624,0,-192,0
498,23,285,491,0,9,1
498,32,68,490,0,-203,1
498,39,374,56,0,-14,1
498,46,741,415,0,-50,1
498,53,707,189,0,-203,1
498,54,364,249,0,-81,1
498,64,568,278,0,-269,1
498,68,194,103,0,-123,1
498,69,400,193,0,-87,1
498,72,624,707,0,-99,1
498,74,512,596,0,-144,0
498,75,486,745,0,-188,0
498,78,203,207,0,-108,1
498,85,15,675,0,52,0
498,88,320,197,0,-52,1
498,89,64,481,0,-116,1
498,92,316,732,0,6,1
498,94,416,277,0,-234,1
498,95,463,605,0,-57,1
498,99,282,57,0,-87,0
498,100,171,104,0,-89,1
498,101,377,566,0,-54,1
498,102,43,535,0,-140,1
498,103,408,546,0,-262,1
498,104,482,268,0,-2,1
498,105,719,384,0,54,1
498,106,73,730,0,-33,1
498,107,436,327,0,-265,1
498,108,156,43,0,-40,1
498,109,740,448,0,-107,1
498,110,743,440,0,-111,1
499,0,537,499,0,26,0
499,1,505,18,0,-11,0
499,2,156,614,0,53,0
499,3,170,701,0,-160,0
499,4,42,248,0,-254,0
499,5,578,676,0,18,0
499,6,575,172,0,-13,0
499,7,514,9,0,-190,0
499,8,633,345,0,-221,0
499,9,86,52,0,-54,0
499,10,624,128,0,-10,0
499,11,499,478,0,-166,0
499,12,128,484,0,-2,0
499,13,552,82,0,-67,0
499,14,159,32,0,1,0
499,15,109,344,0,-120,0
499,16,707,514,0,73,0
499,17,320,101,0,-180,0
499,18,511,3,0,-57,0
499,19,158,627,0,-192,0
499,23,285,488,0,9,1
499,32,66,493,0,-203,1
499,39,375,53,0,-14,1
499,46,743,413,0,-54,1
499,53,705,191,0,-221,1
499,54,367,248,0,-81,1
499,64,565,278,0,-269,1
499,68,196,105,0,-123,1
499,69,403,192,0,-83,1
499,72,627,707,0,-99,1
499,74,514,599,0,-144,0
499,75,486,748,0,-188,0
499,78,206,206,0,-81,1
499,85,15,675,0,52,0
499,88,322,196,0,-52,1
499,89,66,482,0,-116,1
499,92,316,729,0,6,1
499,94,413,279,0,-234,1
499,95,466,604,0,-57,1
499,99,285,58,0,-94,0
499,100,174,104,0,-89,1
499,101,380,565,0,-57,1
499,102,45,537,0,-140,1
499,103,405,547,0,-262,1
499,104,482,265,0,-2,1
499,105,716,382,0,54,1
499,106,75,727,0,-33,1
499,107,433,327,0,-265,1
499,108,158,41,0,-40,1
499,109,742,449,0,-107,1
499,110,746,441,0,-111,1
500,0,536,496,0,26,0
500,1,505,15,0,-11,0
500,2,153,612,0,53,0
500,3,171,704,0,-160,0
500,4,39,249,0,-254,0
500,5,576,673,0,32,0
500,6,576,170,0,-13,0
500,7,513,12,0,-188,0
500,8,633,345,0,-221,0
500,9,88,50,0,-54,0
500,10,623,125,0,6,0
500,11,500,481,0,-166,0
500,12,128,481,0,-2,0
500,13,555,80,0,-67,0
500,14,159,32,0,1,0
500,15,109,344,0,-120,0
500,16,704,513,0,73,0
500,17,320,104,0,-180,0
500,18,514,1,0,-57,0
500,19,157,630,0,-192,0
500,23,284,485,0,9,1
500,32,65,496,0,-203,1
500,39,376,50,0,-14,1
500,46,746,412,0,-54,1
500,53,703,194,0,-221,1
500,54,370,248,0,-81,1
500,64,562,278,0,-269,1
500,68,198,107,0,-146,1
500,69,406,193,0,-101,1
500,72,630,708,0,-99,1
500,74,515,601,0,-144,0
500,75,485,751,0,-188,0
500,78,209,206,0,-81,1
500,85,15,675,0,52,0
500,88,325,194,0,-60,1
500,89,69,483,0,-116,1
500,92,316,726,0,6,1
500,94,411,281,0,-234,1
500,95,468,602,0,-57,1
500,99,288,58,0,-94,0
500,100,177,106,0,-118,1
500,101,383,564,0,-80,1
500,102,47,540,0,-140,1
500,103,403,547,0,-262,1
500,104,482,262,0,-2,1
500,105,714,381,0,54,1
500,106,76,725,0,-33,1
500,107,430,327,0,84,1
500,108,160,38,0,-40,1
500,109,745,450,0,-107,1
500,110,749,442,0,-111,1
501,0,534,494,0,26,0
501,1,507,12,0,-37,0
501,2,151,610,0,53,0
501,3,171,707,0,-173,0
501,4,36,249,0,-254,0
501,5,575,671,0,32,0
501,6,577,167,0,-13,0
501,7,513,15,0,-188,0
501,8,631,347,0,-221,0
501,9,91,49,0,-54,0
501,10,623,122,0,6,0
501,11,501,484,0,-166,0
501,12,128,478,0,-2,0
501,13,557,79,0,-67,0
501,14,159,29,0,1,0
501,15,111,345,0,-120,0
501,16,701,512,0,73,0
501,17,320,107,0,-180,0
501,18,516,0,0,-57,0
501,19,157,633,0,-192,0
501,23,284,482,0,9,1
501,32,64,499,0,-203,1
501,39,375,48,0,15,1
501,46,748,410,0,-54,1
501,53,701,196,0,-221,1
501,54,373,247,0,-81,1
501,64,559,278,0,-269,1
501,68,200,110,0,-146,1
501,69,408,194,0,-109,1
501,72,632,709,0,-126,1
501,74,517,604,0,-144,0
501,75,485,3,0,-188,0
501,78,211,204,0,-58,1
501,85,15,675,0,52,0
501,88,328,193,0,-60,1
501,89,72,485,0,-116,1
501,92,315,723,0,12,1
501,94,408,282,0,-234,1
501,95,471,600,0,-57,1
501,99,291,58,0,-94,0
501,100,179,107,0,-118,1
501,101,385,563,0,-69,1
501,102,49,542,0,-140,1
501,103,400,548,0,-262,1
501,104,482,259,0,-2,1
501,105,711,379,0,54,1
501,106,78,722,0,-33,1
501,107,427,327,0,84,1
501,108,163,37,0,-61,1
501,109,748,450,0,-94,1
501,110,752,443,0,-111,1
502,0,533,491,0,26,0
502,1,508,9,0,-13,0
502,2,149,609,0,53,0
502,3,171,710,0,-173,0
502,4,33,250,0,-254,0
502,5,573,668,0,32,0
502,6,577,164,0,-13,0
502,7,513,18,0,-188,0
502,8,629,350,0,-221,0
502,9,93,47,0,-54,0
502,10,623,119,0,6,0
502,11,502,487,0,-166,0
502,12,128,475,0,-2,0
502,13,559,77,0,-45,0
502,14,159,26,0,1,0
502,15,114,347,0,-120,0
502,16,699,511,0,73,0
502,17,320,110,0,-180,0
502,18,519,748,0,-57,0
502,19,156,636,0,-192,0
502,23,283,479,0,9,1
502,32,63,501,0,-203,1
502,39,374,45,0,15,1
502,46,751,408,0,-54,1
502,53,699,198,0,-221,1
502,54,376,247,0,-83,1
502,64,556,278,0,-269,1
502,68,201,112,0,-146,1
502,69,411,195,0,-109,1
502,72,635,711,0,-126,1
502,74,519,606,0,-144,0
502,75,485,6,0,-188,0
502,78,214,202,0,-58,1
502,85,15,675,0,52,0
502,88,330,191,0,-60,1
502,89,74,486,0,-116,1
502,92,314,720,0,12,1
502,94,406,284,0,-234,1
502,95,473,599,0,-57,1
502,99,294,58,0,-94,0
502,100,181,109,0,-146,1
502,101,388,562,0,-69,1
502,102,51,544,0,-140,1
502,103,397,548,0,-262,1
502,104,483,256,0,-2,1
502,105,709,377,0,54,1
502,106,80,720,0,-32,1
502,107,424,326,0,84,1
502,108,165,36,0,-61,1
502,109,751,450,0,-94,1
502,110,2,445,0,-138,1
503,0,532,488,0,26,0
503,1,508,6,0,-13,0
503,2,146,607,0,53,0
503,3,172,713,0,-168,0
503,4,30,251,0,-254,0
503,5,571,666,0,32,0
503,6,579,161,0,-40,0
503,7,512,21,0,-188,0
503,8,627,352,0,-221,0
503,9,96,45,0,-48,0
503,10,622,116,0,6,0
503,11,502,490,0,-166,0
503,12,128,472,0,-2,0
503,13,561,74,0,-21,0
503,14,160,23,0,-10,0
503,15,117,348,0,-123,0
503,16,696,510,0,73,0
503,17,320,113,0,-172,0
503,18,521,747,0,-57,0
503,19,155,639,0,-192,0
503,23,283,476,0,9,1
503,32,61,504,0,-214,1
503,39,374,42,0,15,1
503,46,2,406,0,-53,1
503,53,697,201,0,-221,1
503,54,379,247,0,-83,1
503,64,553,278,0,-269,1
503,68,203,115,0,-146,1
503,69,414,196,0,-109,1
503,72,637,713,0,-126,1
503,74,521,608,0,-144,0
503,75,484,9,0,-188,0
503,78,216,201,0,-58,1
503,85,15,675,0,52,0
503,88,333,190,0,-60,1
503,89,77,487,0,-116,1
503,92,313,718,0,28,1
503,94,403,286,0,-234,1
503,95,476,598,0,-73,1
503,99,297,58,0,-94,0
503,100,183,112,0,-146,1
503,101,391,562,0,-91,1
503,102,53,546,0,-130,1
503,103,394,548,0,-262,1
503,104,483,253,0,-2,1
503,105,706,376,0,67,1
503,106,81,717,0,-32,1
503,107,421,326,0,84,1
503,108,168,34,0,-61,1
503,109,3,451,0,-94,1
503,110,4,447,0,-138,1
504,0,530,486,0,41,0
504,1,509,3,0,-7,0
504,2,144,605,0,43,0
504,3,173,716,0,-168,0
504,4,27,252,0,-254,0
504,5,570,663,0,32,0
504,6,581,159,0,-40,0
504,7,511,23,0,-203,0
504,8,625,354,0,-221,0
504,9,98,43,0,-48,0
504,10,622,113,0,6,0
504,11,503,493,0,-166,0
504,12,128,469,0,-2,0
504,13,562,72,0,-21,0
504,14,160,20,0,-10,0
504,15,119,350,0,-123,0
504,16,693,509,0,73,0
504,17,320,116,0,-172,0
504,18,523,744,0,-41,0
504,19,155,642,0,-192,0
504,23,282,473,0,9,1
504,32,60,506,0,-214,1
504,39,373,39,0,15,1
504,46,5,404,0,-53,1
504,53,695,203,0,-221,1
504,54,382,246,0,-83,1
504,64,550,278,0,86,1
504,68,205,117,0,-146,1
504,69,417,197,0,-109,1
504,72,639,715,0,-139,1
504,74,522,611,0,-144,0
504,75,484,12,0,-188,0
504,78,219,199,0,-58,1
504,85,15,675,0,52,0
504,88,336,189,0,-88,1
504,89,80,488,0,-96,1
504,92,311,715,0,28,1
504,94,401,288,0,-234,1
504,95,479,597,0,-68,1
504,99,300,58,0,-73,0
504,100,184,114,0,-146,1
504,101,394,562,0,-91,1
504,102,56,547,0,-111,1
504,103,391,548,0,-269,1
504,104,483,250,0,-2,1
504,105,704,375,0,67,1
504,106,83,715,0,-32,1
504,107,418,326,0,84,1
504,108,171,33,0,-61,1
504,109,6,451,0,-94,1
504,110,6,449,0,-138,1
505,0,528,484,0,41,0
505,1,509,0,0,-7,0
505,2,142,603,0,50,0
505,3,173,719,0,-168,0
505,4,25,253,0,-254,0
505,5,568,661,0,32,0
505,6,583,157,0,-40,0
505,7,509,26,0,-216,0
505,8,623,357,0,-221,0
505,9,100,41,0,-48,0
505,10,622,110,0,6,0
505,11,504,496,0,-166,0
505,12,129,466,0,-2,0
505,13,564,70,0,-49,0
505,14,160,17,0,14,0
505,15,122,351,0,-123,0
505,16,690,509,0,-264,0
505,17,322,118,0,-159,0
505,18,525,742,0,-41,0
505,19,154,645,0,-192,0
505,23,282,470,0,9,1
505,32,58,509,0,-214,1
505,39,372,36,0,15,1
505,46,7,403,0,-53,1
505,53,693,205,0,-221,1
505,54,385,246,0,-83,1
505,64,547,279,0,-252,1
505,68,206,120,0,-146,1
505,69,420,198,0,-107,1
505,72,641,717,0,-135,1
505,74,524,613,0,-144,0
505,75,482,14,0,-213,0
505,78,221,198,0,-58,1
505,85,15,675,0,52,0
505,88,339,190,0,-104,1
505,89,83,488,0,-105,1
505,92,310,712,0,28,1
505,94,399,289,0,-234,1
505,95,482,596,0,-68,1
505,99,303,57,0,-73,0
505,100,186,117,0,-146,1
505,101,397,564,0,-117,1
505,102,59,548,0,-111,1
505,103,388,548,0,-269,1
505,104,483,247,0,-10,1
505,105,701,374,0,67,1
505,106,84,712,0,-32,1
505,107,415,325,0,84,1
505,108,173,31,0,-61,1
505,109,9,451,0,-94,1
505,110,8,452,0,-138,1
506,0,525,482,0,61,0
506,1,510,-3,0,-7,0
506,2,140,601,0,50,0
506,3,174,722,0,-168,0
506,4,22,254,0,-254,0
506,5,568,658,0,9,0
506,6,585,155,0,-40,0
506,7,507,28,0,-216,0
506,8,621,359,0,-221,0
506,9,102,39,0,-48,0
506,10,621,107,0,5,0
506,11,504,499,0,-179,0
506,12,129,463,0,-5,0
506,13,566,68,0,-49,0
506,14,159,14,0,14,0
506,15,124,353,0,-123,0
506,16,687,509,0,76,0
506,17,323,121,0,-159,0
506,18,527,740,0,-41,0
506,19,154,648,0,-192,0
506,23,281,467,0,9,1
506,32,56,511,0,-214,1
506,39,371,33,0,15,1
506,46,10,401,0,-53,1
506,53,691,207,0,-221,1
506,54,388,245,0,-81,1
506,64,544,279,0,-256,1
506,68,208,122,0,-146,1
506,69,423,199,0,-107,1
506,72,643,719,0,-135,1
506,74,526,616,0,-144,0
506,75,480,17,0,-213,0
506,78,224,196,0,-58,1
506,85,15,675,0,52,0
506,88,342,191,0,-104,1
506,89,86,490,0,-117,1
506,92,309,710,0,28,1
506,94,396,291,0,-234,1
506,95,485,595,0,-68,1
506,99,306,56,0,-73,0
506,100,187,119,0,-149,1
506,101,400,565,0,-117,1
506,102,61,549,0,-111,1
506,103,385,548,0,-269,1
506,104,484,244,0,-10,1
506,105,698,372,0,67,1
506,106,86,710,0,-32,1
506,107,412,325,0,84,1
506,108,176,31,0,-87,1
506,109,12,451,0,-94,1
506,110,9,455,0,-162,1
507,0,523,481,0,61,0
507,1,509,747,0,5,0
507,2,137,599,0,50,0
507,3,175,724,0,-168,0
507,4,19,254,0,-254,0
507,5,567,655,0,9,0
507,6,587,152,0,-40,0
507,7,506,31,0,-216,0
507,8,619,361,0,-221,0
507,9,104,37,0,-48,0
507,10,621,104,0,5,0
507,11,504,502,0,-179,0
507,12,129,460,0,-5,0
507,13,568,66,0,-49,0
507,14,158,11,0,14,0
507,15,127,355,0,-123,0
507,16,684,508,0,76,0
507,17,324,124,0,-159,0
507,18,529,738,0,-41,0
507,19,153,651,0,-192,0
507,23,281,464,0,9,1
507,32,55,514,0,-214,1
507,39,370,30,0,15,1
507,46,12,399,0,-53,1
507,53,689,210,0,-221,1
507,54,391,245,0,-81,1
507,64,541,280,0,-256,1
507,68,210,125,0,-146,1
507,69,425,200,0,-107,1
507,72,645,721,0,-135,1
507,74,528,617,0,-125,0
507,75,479,19,0,-213,0
507,78,226,194,0,-49,1
507,85,15,675,0,52,0
507,88,344,192,0,-104,1
507,89,88,491,0,-117,1
507,92,307,707,0,28,1
507,94,394,293,0,-229,1
507,95,487,593,0,-68,1
507,99,309,56,0,-96,0
507,100,189,122,0,-149,1
507,101,402,566,0,-117,1
507,102,64,550,0,-111,1
507,103,382,548,0,73,1
507,104,484,241,0,-10,1
507,105,695,371,0,67,1
507,106,88,707,0,-32,1
507,107,409,325,0,84,1
507,108,179,31,0,-87,1
507,109,15,451,0,-94,1
507,110,10,457,0,-162,1
508,0,520,479,0,61,0
508,1,509,744,0,-4,0
508,2,135,597,0,50,0
508,3,175,727,0,-168,0
508,4,16,255,0,-254,0
508,5,567,652,0,9,0
508,6,589,150,0,-40,0
508,7,504,33,0,-216,0
508,8,617,363,0,-221,0
508,9,107,35,0,-48,0
508,10,621,101,0,5,0
508,11,504,505,0,-179,0
508,12,128,457,0,15,0
508,13,571,64,0,-49,0
508,14,158,8,0,14,0
508,15,129,356,0,-123,0
508,16,681,507,0,76,0
508,17,325,127,0,-159,0
508,18,531,735,0,-41,0
508,19,152,654,0,-192,0
508,23,280,461,0,9,1
508,32,53,516,0,-214,1
508,39,370,27,0,15,1
508,46,14,397,0,-53,1
508,53,687,212,0,-221,1
508,54,394,244,0,-81,1
508,64,538,281,0,-256,1
508,68,211,127,0,-146,1
508,69,428,200,0,-107,1
508,72,648,724,0,-135,1
508,74,531,619,0,-125,0
508,75,477,22,0,-213,0
508,78,228,192,0,-49,1
508,85,15,675,0,52,0
508,88,347,192,0,-104,1
508,89,91,493,0,-117,1
508,92,306,704,0,28,1
508,94,392,295,0,-229,1
508,95,490,592,0,-68,1
508,99,312,56,0,-96,0
508,100,191,125,0,-149,1
508,101,405,568,0,-117,1
508,102,67,552,0,-111,1
508,103,379,547,0,73,1
508,104,485,238,0,-10,1
508,105,692,370,0,67,1
508,106,89,704,0,-32,1
508,107,406,324,0,84,1
508,108,182,31,0,-87,1
508,109,18,452,0,-100,1
508,110,11,460,0,-162,1
509,0,517,478,0,61,0
509,1,509,741,0,6,0
509,2,133,595,0,50,0
509,3,176,730,0,-168,0
509,4,13,255,0,86,0
509,5,566,649,0,9,0
509,6,591,148,0,-40,0
509,7,502,36,0,-216,0
509,8,615,366,0,-221,0
509,9,108,32,0,-28,0
509,10,621,98,0,-9,0
509,11,504,508,0,-171,0
509,12,127,454,0,24,0
509,13,573,62,0,-49,0
509,14,157,5,0,14,0
509,15,131,359,0,-152,0
509,16,678,506,0,76,0
509,17,324,130,0,-188,0
509,18,533,733,0,-41,0
509,19,152,657,0,-192,0
509,23,280,458,0,9,1
509,32,51,519,0,-209,1
509,39,369,24,0,15,1
509,46,17,395,0,-53,1
509,53,685,214,0,-221,1
509,54,397,244,0,-81,1
509,64,535,281,0,-270,1
509,68,213,130,0,-146,1
509,69,431,201,0,-107,1
509,72,650,726,0,-135,1
509,74,533,621,0,-125,0
509,75,476,24,0,-213,0
509,78,231,190,0,-58,1
509,85,15,675,0,52,0
509,88,350,193,0,-104,1
509,89,94,493,0,-100,1
509,92,304,702,0,28,1
509,94,389,296,0,-254,1
509,95,493,591,0,-68,1
509,99,315,57,0,-96,0
509,100,192,127,0,-149,1
509,101,407,570,0,-142,1
509,102,70,553,0,-111,1
509,103,376,547,0,88,1
509,104,487,236,0,-33,1
509,105,690,369,0,67,1
509,106,91,702,0,-32,1
509,107,403,324,0,83,1
509,108,185,32,0,-113,1
509,109,21,452,0,-100,1
509,110,12,463,0,-162,1
510,0,515,477,0,61,0
510,1,508,738,0,29,0
510,2,130,593,0,50,0
510,3,177,733,0,-168,0
510,4,10,254,0,73,0
510,5,566,646,0,9,0
510,6,593,145,0,-40,0
510,7,500,38,0,-216,0
510,8,613,368,0,-221,0
510,9,110,30,0,-28,0
510,10,622,95,0,-9,0
510,11,505,510,0,-171,0
510,12,126,452,0,24,0
510,13,575,60,0,-49,0
510,14,156,3,0,15,0
510,15,132,362,0,-154,0
510,16,675,506,0,76,0
510,17,324,133,0,-188,0
510,18,535,731,0,-41,0
510,19,151,660,0,-192,0
510,23,279,455,0,9,1
510,32,51,522,0,-180,1
510,39,368,22,0,15,1
510,46,19,394,0,-53,1
510,53,683,216,0,-221,1
510,54,400,244,0,-81,1
510,64,532,281,0,-270,1
510,68,215,132,0,-146,1
510,69,434,202,0,-107,1
510,72,652,728,0,-135,1
510,74,536,623,0,-125,0
510,75,474,27,0,-213,0
510,78,233,189,0,-58,1
510,85,12,673,0,52,0
510,88,353,194,0,-104,1
510,89,97,492,0,-72,1
510,92,303,699,0,28,1
510,94,386,298,0,-238,1
510,95,496,590,0,-68,1
510,99,318,57,0,-96,0
510,100,194,130,0,-149,1
510,101,408,573,0,-155,1
510,102,73,554,0,-111,1
510,103,373,546,0,88,1
510,104,488,233,0,-33,1
510,105,687,368,0,67,1
510,106,92,699,0,-32,1
510,107,400,324,0,83,1
510,108,188,33,0,-113,1
510,109,24,453,0,-100,1
510,110,12,466,0,-169,1
511,0,512,476,0,76,0
511,1,506,736,0,29,0
511,2,128,591,0,50,0
511,3,179,736,0,-139,0
511,4,7,253,0,73,0
511,5,566,643,0,-11,0
511,6,595,143,0,-40,0
511,7,498,40,0,-220,0
511,8,611,370,0,-221,0
511,9,111,27,0,-28,0
511,10,622,92,0,-9,0
511,11,505,513,0,-171,0
511,12,125,449,0,24,0
511,13,577,57,0,-41,0
511,14,155,0,0,15,0
511,15,133,364,0,-154,0
511,16,673,504,0,61,0
511,17,324,136,0,-188,0
511,18,536,728,0,-21,0
511,19,150,663,0,-192,0
511,23,278,452,0,25,1
511,32,51,525,0,-180,1
511,39,367,19,0,15,1
511,46,22,392,0,-53,1
511,53,681,219,0,-219,1
511,54,403,243,0,-81,1
511,64,529,281,0,-270,1
511,68,217,135,0,-146,1
511,69,437,203,0,-107,1
511,72,654,730,0,-135,1
511,74,538,624,0,-125,0
511,75,472,30,0,-213,0
511,78,236,187,0,-58,1
511,85,10,672,0,52,0
511,88,356,194,0,-104,1
511,89,100,491,0,-72,1
511,92,302,696,0,28,1
511,94,384,299,0,-238,1
511,95,499,589,0,-77,1
511,99,321,57,0,-96,0
511,100,195,132,0,-149,1
511,101,409,576,0,-155,1
511,102,76,553,0,-82,1
511,103,370,546,0,88,1
511,104,491,232,0,-61,1
511,105,684,367,0,67,1
511,106,94,697,0,-32,1
511,107,397,323,0,83,1
511,108,191,33,0,-96,1
511,109,27,453,0,-100,1
511,110,14,469,0,-146,1
512,0,509,475,0,75,0
512,1,504,733,0,37,0
512,2,126,589,0,39,0
512,3,180,738,0,-139,0
512,4,4,252,0,73,0
512,5,567,640,0,-11,0
512,6,597,141,0,-51,0
512,7,496,43,0,-220,0
512,8,609,372,0,-221,0
512,9,112,24,0,-28,0
512,10,623,89,0,-9,0
512,11,506,516,0,-171,0
512,12,123,446,0,24,0
512,13,579,55,0,-41,0
512,14,154,747,0,15,0
512,15,134,367,0,-154,0
512,16,670,503,0,61,0
512,17,323,139,0,-188,0
512,18,537,725,0,-21,0
512,19,150,665,0,-192,0
512,23,277,450,0,23,1
512,32,51,528,0,-180,1
512,39,366,16,0,25,1
512,46,24,390,0,-53,1
512,53,679,221,0,-219,1
512,54,406,243,0,-82,1
512,64,526,281,0,-270,1
512,68,218,137,0,-146,1
512,69,440,204,0,-107,1
512,72,656,732,0,-135,1
512,74,541,626,0,-125,0
512,75,471,32,0,-213,0
512,78,238,186,0,-56,1
512,85,8,670,0,53,0
512,88,359,195,0,-104,1
512,89,102,490,0,-72,1
512,92,300,694,0,28,1
512,94,381,301,0,-238,1
512,95,502,589,0,-77,1
512,99,324,58,0,-104,0
512,100,197,135,0,-149,1
512,101,411,578,0,-155,1
512,102,79,553,0,-82,1
512,103,367,546,0,88,1
512,104,493,230,0,-61,1
512,105,681,365,0,67,1
512,106,96,694,0,-32,1
512,107,394,323,0,81,1
512,108,194,34,0,-96,1
512,109,30,454,0,-100,1
512,110,16,471,0,-146,1
513,0,506,474,0,75,0
513,1,503,731,0,19,0
513,2,125,586,0,21,0
513,3,182,740,0,-139,0
513,4,1,252,0,73,0
513,5,567,637,0,-11,0
513,6,600,139,0,-51,0
513,7,495,45,0,-203,0
513,8,607,375,0,-221,0
513,9,114,22,0,-28,0
513,10,623,86,0,-9,0
513,11,506,519,0,-171,0
513,12,122,443,0,24,0
513,13,581,53,0,-41,0
513,14,154,744,0,5,0
513,15,136,370,0,-154,0
513,16,667,502,0,66,0
513,17,323,142,0,-188,0
513,18,538,723,0,-21,0
513,19,149,668,0,-192,0
513,23,276,447,0,23,1
513,32,51,531,0,-180,1
513,39,364,14,0,44,1
513,46,26,388,0,-53,1
513,53,678,223,0,-219,1
513,54,409,242,0,-82,1
513,64,523,281,0,-270,1
513,68,220,139,0,-146,1
513,69,443,205,0,-107,1
513,72,658,734,0,-135,1
513,74,543,628,0,-125,0
513,75,469,35,0,-213,0
513,78,241,184,0,-56,1
513,85,5,668,0,53,0
513,88,362,196,0,-104,1
513,89,105,489,0,-72,1
513,92,299,691,0,28,1
513,94,378,302,0,-244,1
513,95,505,588,0,-77,1
513,99,327,59,0,-104,0
513,100,198,137,0,-149,1
513,101,412,581,0,-151,1
513,102,82,552,0,-82,1
513,103,364,546,0,88,1
513,104,495,228,0,-32,1
513,105,679,364,0,67,1
513,106,97,692,0,-32,1
513,107,392,322,0,81,1
513,108,197,34,0,-96,1
513,109,33,454,0,-100,1
513,110,17,473,0,-141,1
514,0,503,473,0,75,0
514,1,502,728,0,19,0
514,2,124,583,0,21,0
514,3,184,742,0,-139,0
514,4,-1,251,0,73,0
514,5,568,634,0,-11,0
514,6,602,137,0,-51,0
514,7,494,48,0,-203,0
514,8,605,377,0,-221,0
514,9,115,19,0,-28,0
514,10,624,84,0,-23,0
514,11,507,522,0,-171,0
514,12,121,441,0,24,0
514,13,582,50,0,-16,0
514,14,155,741,0,-14,0
514,15,138,372,0,-145,0
514,16,665,500,0,66,0
514,17,322,145,0,-188,0
514,18,540,720,0,-34,0
514,19,149,671,0,-192,0
514,23,274,444,0,23,1
514,32,51,534,0,-180,1
514,39,361,12,0,60,1
514,46,29,386,0,-53,1
514,53,676,226,0,-219,1
514,54,412,242,0,-82,1
514,64,520,282,0,-250,1
514,68,221,142,0,-167,1
514,69,446,206,0,-107,1
514,72,660,736,0,-135,1
514,74,546,629,0,-125,0
514,75,467,36,0,-230,0
514,78,243,182,0,-56,1
514,85,4,665,0,32,0
514,88,365,197,0,-104,1
514,89,108,488,0,-72,1
514,92,299,688,0,0,1
514,94,376,303,0,-244,1
514,95,507,587,0,-77,1
514,99,330,59,0,-104,0
514,100,200,140,0,-158,1
514,101,413,583,0,-151,1
514,102,85,552,0,-82,1
514,103,361,546,0,88,1
514,104,497,225,0,-32,1
514,105,676,363,0,67,1
514,106,99,689,0,-32,1
514,107,389,322,0,81,1
514,108,200,34,0,-96,1
514,109,36,455,0,-100,1
514,110,19,476,0,-141,1
515,0,500,473,0,75,0
515,1,501,725,0,19,0
515,2,123,580,0,21,0
515,3,186,745,0,-139,0
515,4,747,250,0,73,0
515,5,569,631,0,-11,0
515,6,604,136,0,-51,0
515,7,493,51,0,-203,0
515,8,602,378,0,-242,0
515,9,116,16,0,-24,0
515,10,625,81,0,-23,0
515,11,507,525,0,-183,0
515,12,120,438,0,24,0
515,13,583,47,0,-16,0
515,14,156,738,0,-14,0
515,15,139,375,0,-145,0
515,16,662,499,0,66,0
515,17,322,148,0,-188,0
515,18,541,718,0,-34,0
515,19,148,674,0,-192,0
515,23,273,441,0,23,1
515,32,51,537,0,-180,1
515,39,358,12,0,82,1
515,46,31,385,0,-61,1
515,53,674,228,0,-219,1
515,54,415,241,0,-82,1
515,64,518,283,0,-250,1
515,68,221,145,0,-167,1
515,69,448,207,0,-107,1
515,72,662,738,0,-135,1
515,74,548,631,0,-125,0
515,75,465,39,0,-225,0
515,78,246,181,0,-56,1
515,85,2,663,0,32,0
515,88,368,197,0,-104,1
515,89,111,489,0,-96,1
515,92,299,685,0,0,1
515,94,374,306,0,-218,1
515,95,510,587,0,-77,1
515,99,333,60,0,-104,0
515,100,201,143,0,-158,1
515,101,415,586,0,-151,1
515,102,88,552,0,-82,1
515,103,358,546,0,88,1
515,104,498,223,0,-32,1
515,105,673,362,0,67,1
515,106,101,687,0,-32,1
515,107,386,321,0,81,1
515,108,203,35,0,-96,1
515,109,39,456,0,-100,1
515,110,21,478,0,-149,1
516,0,497,472,0,75,0
516,1,500,723,0,40,0
516,2,122,578,0,21,0
516,3,188,747,0,-150,0
516,4,744,249,0,73,0
516,5,569,628,0,-11,0
516,6,607,134,0,-51,0
516,7,492,54,0,-203,0
516,8,600,380,0,-242,0
516,9,118,13,0,-24,0
516,10,627,78,0,-23,0
516,11,507,528,0,-172,0
516,12,119,435,0,24,0
516,13,584,44,0,-16,0
516,14,156,735,0,-2,0
516,15,141,377,0,-145,0
516,16,659,499,0,89,0
516,17,322,151,0,-188,0
516,18,543,715,0,-34,0
516,19,147,677,0,-192,0
516,23,272,439,0,23,1
516,32,51,540,0,-180,1
516,39,355,12,0,88,1
516,46,34,383,0,-61,1
516,53,672,230,0,-219,1
516,54,418,241,0,-82,1
516,64,515,284,0,-250,1
516,68,222,148,0,-167,1
516,69,451,207,0,-107,1
516,72,665,740,0,-135,1
516,74,550,633,0,-141,0
516,75,463,41,0,-225,0
516,78,248,179,0,-56,1
516,85,2,660,0,3,0
516,88,371,198,0,-104,1
516,89,114,489,0,-96,1
516,92,299,682,0,0,1
516,94,372,308,0,-218,1
516,95,513,586,0,-77,1
516,99,336,61,0,-104,0
516,100,203,145,0,-137,1
516,101,416,589,0,-151,1
516,102,90,552,0,-98,1
516,103,355,546,0,88,1
516,104,498,220,0,-3,1
516,105,670,361,0,67,1
516,106,102,684,0,-32,1
516,107,383,321,0,81,1
516,108,206,35,0,-96,1
516,109,42,455,0,-81,1
516,110,22,481,0,-149,1
517,0,494,471,0,75,0
517,1,497,721,0,68,0
517,2,121,575,0,21,0
517,3,189,750,0,-150,0
517,4,741,250,0,-261,0
517,5,569,625,0,9,0
517,6,609,132,0,-51,0
517,7,491,56,0,-203,0
517,8,597,381,0,-242,0
517,9,119,11,0,-24,0
517,10,628,75,0,-23,0
517,11,508,531,0,-172,0
517,12,117,432,0,24,0
517,13,584,41,0,-16,0
517,14,156,732,0,-2,0
517,15,143,380,0,-145,0
517,16,656,499,0,89,0
517,17,321,154,0,-188,0
517,18,545,713,0,-34,0
517,19,147,680,0,-192,0
517,23,272,436,0,6,1
517,32,51,543,0,-180,1
517,39,352,12,0,88,1
517,46,37,382,0,-61,1
517,53,670,233,0,-219,1
517,54,421,241,0,-82,1
517,64,512,285,0,-250,1
517,68,222,151,0,-173,1
517,69,454,208,0,-107,1
517,72,667,742,0,-133,1
517,74,552,636,0,-141,0
517,75,460,43,0,-225,0
517,78,251,177,0,-56,1
517,85,2,657,0,3,0
517,88,374,199,0,-104,1
517,89,117,489,0,-96,1
517,92,299,679,0,0,1
517,94,370,310,0,-218,1
517,95,516,585,0,-71,1
517,99,338,62,0,-104,0
517,100,205,148,0,-140,1
517,101,419,590,0,-125,1
517,102,93,552,0,-98,1
517,103,352,546,0,88,1
517,104,499,217,0,-3,1
517,105,668,359,0,67,1
517,106,104,682,0,-32,1
517,107,380,320,0,75,1
517,108,209,35,0,-96,1
517,109,45,455,0,-81,1
517,110,24,484,0,-149,1
517,111,104,682,0,-32,1
518,0,491,470,0,75,0
518,1,494,720,0,68,0
518,2,120,572,0,21,0
518,3,191,752,0,-150,0
518,4,738,250,0,-261,0
518,5,568,622,0,9,0
518,6,612,131,0,-73,0
518,7,489,59,0,-203,0
518,8,594,383,0,-242,0
518,9,120,8,0,-24,0
518,10,629,72,0,-23,0
518,11,508,534,0,-172,0
518,12,116,430,0,24,0
518,13,585,39,0,-16,0
518,14,156,729,0,-2,0
518,15,144,382,0,-145,0
518,16,653,499,0,89,0
518,17,321,156,0,-188,0
518,18,546,710,0,-34,0
518,19,146,683,0,-192,0
518,23,271,433,0,6,1
518,32,51,546,0,-180,1
518,39,349,11,0,88,1
518,46,39,381,0,-61,1
518,53,668,235,0,-219,1
518,54,424,240,0,-82,1
518,64,509,286,0,-240,1
518,68,223,154,0,-173,1
518,69,456,210,0,-130,1
518,72,669,744,0,-133,1
518,74,555,637,0,-116,0
518,75,458,45,0,-225,0
518,78,253,175,0,-56,1
518,85,2,654,0,3,0
518,88,377,199,0,-104,1
518,89,120,490,0,-96,1
518,92,299,676,0,0,1
518,94,368,313,0,-218,1
518,95,519,584,0,-71,1
518,99,341,62,0,-104,0
518,100,207,150,0,-138,1
518,101,421,592,0,-125,1
518,102,96,553,0,-98,1
518,103,349,546,0,88,1
518,104,499,214,0,-3,1
518,105,665,358,0,67,1
518,106,105,679,0,-32,1
518,107,377,319,0,75,1
518,108,212,36,0,-96,1
518,109,47,454,0,-81,1
518,110,25,486,0,-149,1
518,111,105,679,0,-32,1
519,0,488,471,0,-269,0
519,1,491,719,0,68,0
519,2,119,569,0,21,0
519,3,192,3,0,-150,0
519,4,735,250,0,-261,0
519,5,569,620,0,-20,0
519,6,615,130,0,-73,0
519,7,488,62,0,-203,0
519,8,592,383,0,-255,0
519,9,121,5,0,-24,0
519,10,630,70,0,-23,0
519,11,508,537,0,-172,0
519,12,115,427,0,24,0
519,13,585,36,0,0,0
519,14,156,726,0,-2,0
519,15,146,384,0,-145,0
519,16,650,499,0,-259,0
519,17,320,159,0,-188,0
519,18,548,708,0,-34,0
519,19,145,686,0,-192,0
519,23,271,430,0,6,1
519,32,51,549,0,-180,1
519,39,346,11,0,88,1
519,46,42,379,0,-61,1
519,53,666,237,0,-219,1
519,54,427,240,0,-82,1
519,64,507,288,0,-240,1
519,68,223,157,0,-173,1
519,69,459,212,0,-130,1
519,72,671,747,0,-133,1
519,74,557,638,0,-116,0
519,75,456,47,0,-225,0
519,78,256,174,0,-56,1
519,85,1,651,0,3,0
519,88,379,200,0,-108,1
519,89,123,490,0,-96,1
519,92,299,673,0,0,1
519,94,366,315,0,-218,1
519,95,522,583,0,-71,1
519,99,344,63,0,-104,0
519,100,207,153,0,-166,1
519,101,423,595,0,-154,1
519,102,99,553,0,-96,1
519,103,346,545,0,77,1
519,104,498,211,0,19,1
519,105,662,357,0,67,1
519,106,107,677,0,-32,1
519,107,374,318,0,65,1
519,108,215,36,0,-96,1
519,109,50,453,0,-66,1
519,110,27,489,0,-149,1
519,111,107,677,0,-32,1
520,0,485,471,0,-269,0
520,1,488,718,0,68,0
520,2,118,566,0,21,0
520,3,194,5,0,-150,0
520,4,732,251,0,-261,0
520,5,570,617,0,-20,0
520,6,617,129,0,-73,0
520,7,487,64,0,-210,0
520,8,589,384,0,-255,0
520,9,122,2,0,-24,0
520,10,631,67,0,-23,0
520,11,509,540,0,-172,0
520,12,114,424,0,24,0
520,13,585,33,0,0,0
520,14,156,723,0,-2,0
520,15,148,387,0,-145,0
520,16,647,500,0,-259,0
520,17,320,162,0,-188,0
520,18,550,705,0,-34,0
520,19,145,689,0,-192,0
520,23,271,427,0,6,1
520,32,51,552,0,-180,1
520,39,343,11,0,88,1
520,46,45,378,0,-61,1
520,53,664,240,0,-219,1
520,54,430,239,0,-82,1
520,64,504,289,0,-240,1
520,68,224,160,0,-173,1
520,69,461,214,0,-130,1
520,72,673,749,0,-133,1
520,74,560,640,0,-116,0
520,75,455,50,0,-207,0
520,78,258,172,0,-56,1
520,85,1,648,0,3,0
520,88,382,201,0,-108,1
520,89,126,490,0,-96,1
520,92,299,670,0,0,1
520,94,365,317,0,-218,1
520,95,525,582,0,-71,1
520,99,347,64,0,-104,0
520,100,208,156,0,-166,1
520,101,425,597,0,-136,1
520,102,102,553,0,-96,1
520,103,343,544,0,77,1
520,104,497,208,0,19,1
520,105,659,356,0,67,1
520,106,109,674,0,-32,1
520,107,371,317,0,65,1
520,108,218,36,0,-96,1
520,109,53,451,0,-57,1
520,110,28,491,0,-149,1
520,111,109,674,0,-32,1
521,0,482,471,0,-269,0
521,1,485,719,0,-262,0
521,2,117,564,0,21,0
521,3,195,8,0,-150,0
521,4,729,251,0,-261,0
521,5,571,614,0,-20,0
521,6,620,128,0,-73,0
521,7,485,67,0,-212,0
521,8,586,385,0,-255,0
521,9,124,0,0,-24,0
521,10,632,64,0,-23,0
521,11,509,543,0,-172,0
521,12,113,421,0,24,0
521,13,585,30,0,0,0
521,14,156,720,0,-2,0
521,15,150,389,0,-145,0
521,16,644,501,0,-259,0
521,17,320,165,0,-188,0
521,18,551,702,0,-28,0
521,19,144,692,0,-193,0
521,23,270,424,0,6,1
521,32,52,555,0,-161,1
521,39,340,11,0,88,1
521,46,47,376,0,-61,1
521,53,662,242,0,-219,1
521,54,433,239,0,-82,1
521,64,502,291,0,-240,1
521,68,225,163,0,-152,1
521,69,463,216,0,-130,1
521,72,676,751,0,-133,1
521,74,563,641,0,-116,0
521,75,453,52,0,-207,0
521,78,261,170,0,-56,1
521,85,1,645,0,3,0
521,88,385,202,0,-108,1
521,89,129,491,0,-96,1
521,92,299,667,0,0,1
521,94,363,320,0,-218,1
521,95,528,582,0,-90,1
521,99,350,65,0,-104,0
521,100,209,158,0,-166,1
521,101,427,599,0,-136,1
521,102,105,554,0,-96,1
521,103,340,544,0,77,1
521,104,496,205,0,19,1
521,105,657,355,0,67,1
521,106,110,672,0,-32,1
521,107,369,316,0,74,1
521,108,221,36,0,-87,1
521,109,55,450,0,-57,1
521,110,30,494,0,-149,1
521,111,111,672,0,-52,1
522,0,480,470,0,77,0
522,1,482,719,0,-262,0
522,2,114,561,0,45,0
522,3,197,10,0,-150,0
522,4,726,252,0,-261,0
522,5,572,611,0,-20,0
522,6,623,129,0,-102,0
522,7,484,70,0,-202,0
522,8,583,386,0,-253,0
522,9,125,747,0,-24,0
522,10,633,61,0,-2,0
522,11,510,546,0,-172,0
522,12,110,420,0,52,0
522,13,585,27,0,0,0
522,14,155,718,0,26,0
522,15,151,392,0,-145,0
522,16,641,501,0,-259,0
522,17,319,168,0,-188,0
522,18,553,700,0,-28,0
522,19,143,695,0,-198,0
522,23,270,421,0,6,1
522,32,53,558,0,-161,1
522,39,337,11,0,88,1
522,46,50,376,0,-77,1
522,53,660,244,0,-219,1
522,54,436,239,0,-82,1
522,64,499,292,0,-240,1
522,68,227,165,0,-135,1
522,69,466,218,0,-130,1
522,72,678,2,0,-133,1
522,74,565,642,0,-116,0
522,75,452,55,0,-207,0
522,78,264,170,0,-73,1
522,85,1,642,0,3,0
522,88,388,203,0,-108,1
522,89,132,491,0,-96,1
522,92,299,664,0,0,1
522,94,361,322,0,-218,1
522,95,531,582,0,-90,1
522,99,353,65,0,-104,0
522,100,209,161,0,-166,1
522,101,428,602,0,-158,1
522,103,337,543,0,77,1
522,104,494,203,0,40,1
522,105,654,354,0,67,1
522,106,112,669,0,-32,1
522,107,366,315,0,74,1
522,108,224,36,0,-87,1
522,109,58,448,0,-57,1
522,110,31,496,0,-149,1
522,111,113,670,0,-32,1
523,0,477,469,0,77,0
523,1,480,720,0,-249,0
523,2,112,559,0,45,0
523,3,199,13,0,-150,0
523,4,724,252,0,-261,0
523,5,573,608,0,-20,0
523,6,626,129,0,-102,0
523,7,483,73,0,-202,0
523,8,580,387,0,-253,0
523,9,126,745,0,-24,0
523,10,633,58,0,-2,0
523,11,510,549,0,-172,0
523,12,107,419,0,78,0
523,13,585,24,0,0,0
523,14,154,715,0,26,0
523,15,153,394,0,-137,0
523,16,638,502,0,-259,0
523,17,319,171,0,-188,0
523,18,554,697,0,-28,0
523,19,142,698,0,-198,0
523,23,270,418,0,6,1
523,32,55,560,0,-142,1
523,39,334,11,0,88,1
523,46,53,375,0,-77,1
523,53,658,247,0,-224,1
523,54,439,238,0,-82,1
523,64,496,293,0,-258,1
523,68,229,167,0,-135,1
523,69,468,220,0,-130,1
523,72,680,4,0,-145,1
523,74,568,644,0,-116,0
523,75,451,58,0,-207,0
523,78,267,169,0,-73,1
523,85,1,639,0,3,0
523,88,391,204,0,-108,1
523,89,135,492,0,-106,1
523,92,299,661,0,0,1
523,94,359,325,0,-218,1
523,95,534,582,0,-90,1
523,99,356,66,0,-104,0
523,100,210,164,0,-166,1
523,101,429,605,0,-158,1
523,103,334,542,0,77,1
523,104,492,201,0,40,1
523,105,651,352,0,67,1
523,106,113,667,0,-32,1
523,107,363,314,0,74,1
523,108,227,36,0,-87,1
523,109,60,446,0,-57,1
523,110,33,499,0,-149,1
523,111,114,667,0,-32,1
524,0,474,469,0,77,0
524,1,477,721,0,-249,0
524,2,112,556,0,15,0
524,3,200,16,0,-150,0
524,4,721,253,0,-261,0
524,5,574,605,0,-20,0
524,6,629,130,0,-102,0
524,7,482,75,0,-202,0
524,8,577,388,0,-253,0
524,9,127,742,0,-24,0
524,10,633,55,0,-2,0
524,11,511,552,0,-172,0
524,12,104,418,0,78,0
524,13,585,21,0,0,0
524,14,152,712,0,26,0
524,15,156,396,0,-137,0
524,16,635,502,0,-259,0
524,17,318,174,0,-188,0
524,18,555,694,0,-28,0
524,19,141,700,0,-198,0
524,23,269,415,0,6,1
524,32,57,563,0,-149,1
524,39,331,11,0,88,1
524,46,56,375,0,-95,1
524,53,656,249,0,-224,1
524,54,442,238,0,-82,1
524,64,493,293,0,-263,1
524,68,231,169,0,-135,1
524,69,470,222,0,-130,1
524,72,681,7,0,-145,1
524,74,570,646,0,-143,0
524,75,449,60,0,-216,0
524,78,269,168,0,-73,1
524,85,1,636,0,3,0
524,88,394,205,0,-108,1
524,89,137,493,0,-122,1
524,92,299,658,0,0,1
524,94,357,327,0,-218,1
524,95,537,582,0,-90,1
524,99,359,67,0,-104,0
524,100,211,167,0,-166,1
524,101,430,607,0,-158,1
524,103,331,542,0,77,1
524,104,490,198,0,40,1
524,105,648,351,0,62,1
524,106,115,664,0,-32,1
524,107,360,313,0,74,1
524,108,230,36,0,-87,1
524,109,63,444,0,-50,1
524,110,33,502,0,-177,1
524,111,116,665,0,-37,1
525,0,471,468,0,74,0
525,1,474,722,0,-249,0
525,2,112,553,0,-1,0
525,3,202,18,0,-150,0
525,4,718,253,0,-261,0
525,5,576,603,0,-20,0
525,6,632,131,0,-97,0
525,7,481,78,0,-188,0
525,8,574,388,0,-253,0
525,9,129,739,0,-24,0
525,10,633,52,0,-2,0
525,11,511,555,0,-172,0
525,12,101,418,0,78,0
525,13,585,18,0,0,0
525,14,151,710,0,26,0
525,15,158,398,0,-137,0
525,16,632,503,0,-259,0
525,17,318,177,0,-188,0
525,18,557,692,0,-28,0
525,19,139,703,0,-222,0
525,23,269,412,0,6,1
525,32,59,565,0,-131,1
525,39,328,10,0,79,1
525,46,59,375,0,-95,1
525,53,654,251,0,-224,1
525,54,445,237,0,-82,1
525,64,490,294,0,-263,1
525,68,233,171,0,-135,1
525,69,472,224,0,-130,1
525,72,683,9,0,-145,1
525,74,572,649,0,-143,0
525,75,447,63,0,-216,0
525,78,272,167,0,-73,1
525,85,0,633,0,3,0
525,88,397,206,0,-108,1
525,89,140,495,0,-122,1
525,92,299,655,0,0,1
525,94,355,329,0,-218,1
525,95,540,582,0,-90,1
525,99,362,68,0,-104,0
525,100,212,170,0,-153,1
525,101,431,610,0,-158,1
525,103,328,541,0,77,1
525,104,488,196,0,40,1
525,105,646,350,0,62,1
525,106,117,661,0,-32,1
525,107,357,313,0,74,1
525,108,233,35,0,-87,1
525,109,65,443,0,-68,1
525,110,33,505,0,-177,1
525,111,117,662,0,-17,1
526,0,468,467,0,74,0
526,1,471,723,0,-257,0
526,2,111,550,0,6,0
526,3,203,21,0,-145,0
526,4,715,254,0,-261,0
526,5,577,600,0,-20,0
526,6,635,131,0,-97,0
526,7,481,81,0,-188,0
526,8,572,391,0,-224,0
526,9,130,736,0,-24,0
526,10,633,49,0,-2,0
526,11,511,558,0,-172,0
526,12,99,417,0,78,0
526,13,585,15,0,0,0
526,14,150,707,0,26,0
526,15,160,401,0,-137,0
526,16,629,503,0,-259,0
526,17,318,180,0,-188,0
526,18,559,690,0,-41,0
526,19,137,705,0,-226,0
526,23,269,409,0,6,1
526,32,61,566,0,-131,1
526,39,326,10,0,79,1
526,46,62,376,0,-95,1
526,53,652,253,0,-226,1
526,54,448,237,0,-82,1
526,64,487,293,0,71,1
526,68,236,173,0,-135,1
526,69,475,226,0,-130,1
526,72,685,12,0,-145,1
526,74,573,651,0,-143,0
526,75,445,65,0,-216,0
526,78,275,165,0,-61,1
526,85,-1,630,0,30,0
526,88,399,207,0,-108,1
526,89,143,497,0,-122,1
526,92,299,652,0,0,1
526,94,354,332,0,-218,1
526,95,542,581,0,-71,1
526,99,365,68,0,-104,0
526,100,214,173,0,-153,1
526,101,433,612,0,-137,1
526,103,326,540,0,77,1
526,104,486,194,0,40,1
526,105,643,348,0,62,1
526,106,118,659,0,-32,1
526,107,354,312,0,85,1
526,108,236,35,0,-87,1
526,109,68,441,0,-48,1
526,110,33,508,0,-177,1
526,111,118,659,0,-17,1
527,0,465,466,0,74,0
527,1,468,724,0,-257,0
527,2,111,547,0,6,0
527,3,204,24,0,-173,0
527,4,712,254,0,-261,0
527,5,576,597,0,5,0
527,6,638,130,0,-68,0
527,7,481,84,0,-188,0
527,8,570,393,0,-224,0
527,9,131,734,0,-24,0
527,10,633,46,0,-2,0
527,11,512,561,0,-172,0
527,12,96,416,0,78,0
527,13,585,12,0,0,0
527,14,148,704,0,26,0
527,15,162,403,0,-137,0
527,16,626,504,0,-259,0
527,17,317,183,0,-188,0
527,18,561,687,0,-41,0
527,19,135,707,0,-226,0
527,23,268,406,0,6,1
527,32,63,569,0,-146,1
527,39,323,9,0,79,1
527,46,65,376,0,-95,1
527,53,650,255,0,-226,1
527,54,450,237,0,-82,1
527,64,484,292,0,71,1
527,68,238,175,0,-135,1
527,69,477,228,0,-130,1
527,72,686,14,0,-145,1
527,74,575,653,0,-143,0
527,75,444,68,0,-216,0
527,78,278,164,0,-61,1
527,85,749,628,0,30,0
527,88,402,208,0,-108,1
527,89,145,498,0,-122,1
527,92,299,649,0,0,1
527,94,352,334,0,-218,1
527,95,545,580,0,-71,1
527,99,367,70,0,-132,0
527,100,215,175,0,-153,1
527,101,435,615,0,-137,1
527,103,323,540,0,77,1
527,104,484,192,0,40,1
527,105,640,347,0,62,1
527,106,120,656,0,-32,1
527,107,351,312,0,85,1
527,108,239,35,0,-87,1
527,109,70,439,0,-48,1
527,110,35,511,0,-149,1
527,111,119,656,0,-17,1
528,0,462,465,0,74,0
528,1,465,725,0,-250,0
528,2,110,545,0,15,0
528,3,204,27,0,-173,0
528,4,709,255,0,-261,0
528,5,576,594,0,5,0
528,6,641,129,0,-68,0
528,7,480,87,0,-188,0
528,8,568,395,0,-224,0
528,9,132,731,0,-24,0
528,10,632,43,0,24,0
528,11,512,564,0,-172,0
528,12,93,416,0,78,0
528,13,585,9,0,0,0
528,14,147,701,0,26,0
528,15,164,405,0,-137,0
528,16,623,504,0,-267,0
528,17,317,186,0,-188,0
528,18,563,686,0,-64,0
528,19,133,709,0,-226,0
528,23,268,403,0,6,1
528,32,64,571,0,-146,1
528,39,320,8,0,79,1
528,46,68,376,0,-95,1
528,53,648,257,0,-226,1
528,54,453,236,0,-82,1
528,64,482,290,0,53,1
528,68,240,178,0,-135,1
528,69,479,230,0,-136,1
528,72,688,17,0,-145,1
528,74,578,655,0,-132,0
528,75,441,69,0,-245,0
528,78,280,163,0,-68,1
528,85,747,625,0,30,0
528,88,405,209,0,-108,1
528,89,148,500,0,-122,1
528,92,299,646,0,0,1
528,94,350,336,0,-218,1
528,95,548,579,0,-71,1
528,99,369,72,0,-132,0
528,100,216,178,0,-153,1
528,101,437,617,0,-137,1
528,103,320,539,0,79,1
528,104,482,189,0,40,1
528,105,638,346,0,71,1
528,106,121,654,0,-32,1
528,107,348,312,0,85,1
528,108,242,35,0,-87,1
528,109,72,437,0,-48,1
528,110,37,513,0,-149,1
528,111,120,653,0,-17,1
529,0,459,466,0,-258,0
529,1,463,726,0,-250,0
529,2,109,542,0,21,0
529,3,204,30,0,-173,0
529,4,706,255,0,-261,0
529,5,575,591,0,14,0
529,6,643,128,0,-68,0
529,7,480,90,0,-188,0
529,8,566,397,0,-224,0
529,9,134,728,0,-24,0
529,10,631,41,0,24,0
529,11,513,567,0,-172,0
529,12,90,417,0,-257,0
529,13,585,6,0,0,0
529,14,146,699,0,26,0
529,15,166,407,0,-137,0
529,16,620,504,0,-267,0
529,17,316,189,0,-188,0
529,18,566,685,0,-78,0
529,19,131,711,0,-226,0
529,23,268,400,0,6,1
529,32,66,574,0,-146,1
529,39,317,8,0,79,1
529,46,71,377,0,-95,1
529,53,646,259,0,-220,1
529,54,456,236,0,-82,1
529,64,480,288,0,53,1
529,68,242,180,0,-135,1
529,69,481,232,0,-136,1
529,72,690,19,0,-144,1
529,74,580,657,0,-132,0
529,75,438,70,0,-245,0
529,78,283,162,0,-68,1
529,85,746,622,0,30,0
529,88,408,209,0,-108,1
529,89,150,501,0,-122,1
529,92,299,643,0,0,1
529,94,348,339,0,-218,1
529,95,551,578,0,-71,1
529,99,371,74,0,-132,0
529,100,218,181,0,-153,1
529,101,439,619,0,-137,1
529,103,317,539,0,79,1
529,104,480,187,0,40,1
529,105,635,345,0,71,1
529,106,123,651,0,-32,1
529,107,345,312,0,85,1
529,108,245,35,0,-87,1
529,109,74,435,0,-48,1
529,110,38,516,0,-149,1
529,111,120,650,0,-17,1
530,0,456,466,0,-258,0
530,1,460,727,0,-250,0
530,2,108,539,0,21,0
530,3,205,32,0,-172,0
530,4,703,256,0,-261,0
530,5,575,588,0,14,0
530,6,646,126,0,-68,0
530,7,479,93,0,-188,0
530,8,564,399,0,-224,0
530,9,135,725,0,-24,0
530,10,629,38,0,24,0
530,11,513,570,0,-178,0
530,12,87,417,0,-257,0
530,13,585,3,0,14,0
530,14,144,696,0,26,0
530,15,168,409,0,-137,0
530,16,618,503,0,70,0
530,17,316,192,0,-188,0
530,18,569,684,0,-69,0
530,19,128,713,0,-226,0
530,23,267,397,0,6,1
530,32,68,576,0,-146,1
530,39,314,7,0,79,1
530,46,74,377,0,-95,1
530,53,645,262,0,-198,1
530,54,459,235,0,-82,1
530,64,477,286,0,53,1
530,68,244,182,0,-135,1
530,69,483,234,0,-136,1
530,72,692,22,0,-144,1
530,74,582,659,0,-132,0
530,75,436,71,0,-245,0
530,78,286,161,0,-68,1
530,85,744,620,0,30,0
530,88,411,210,0,-108,1
530,89,153,503,0,-122,1
530,92,299,640,0,0,1
530,94,346,341,0,-218,1
530,95,554,577,0,-71,1
530,99,373,77,0,-148,0
530,100,219,183,0,-153,1
530,101,442,621,0,-137,1
530,103,314,538,0,79,1
530,104,478,185,0,40,1
530,105,632,344,0,71,1
530,106,125,649,0,-32,1
530,107,342,311,0,85,1
530,108,248,35,0,-87,1
530,109,77,433,0,-48,1
530,110,40,518,0,-149,1
530,111,121,648,0,-17,1
531,0,453,467,0,-258,0
531,1,457,728,0,-250,0
531,2,106,537,0,46,0
531,3,205,35,0,-172,0
531,4,700,256,0,-261,0
531,5,574,585,0,14,0
531,6,649,125,0,-68,0
531,7,479,96,0,-188,0
531,8,562,401,0,-224,0
531,9,136,723,0,-24,0
531,10,628,35,0,24,0
531,11,513,573,0,-178,0
531,12,84,418,0,-257,0
531,13,584,0,0,14,0
531,14,143,693,0,26,0
531,15,170,412,0,-137,0
531,16,615,502,0,70,0
531,17,316,195,0,-188,0
531,18,572,683,0,-57,0
531,19,126,715,0,-226,0
531,23,267,394,0,6,1
531,32,69,579,0,-146,1
531,39,311,7,0,79,1
531,46,77,377,0,-95,1
531,53,644,265,0,-198,1
531,54,462,235,0,-87,1
531,64,475,285,0,53,1
531,68,246,184,0,-135,1
531,69,485,236,0,-136,1
531,72,693,24,0,-144,1
531,74,584,662,0,-147,0
531,75,433,73,0,-245,0
531,78,289,159,0,-68,1
531,85,742,618,0,49,0
531,88,414,211,0,-108,1
531,89,155,505,0,-122,1
531,92,298,637,0,20,1
531,94,344,343,0,-218,1
531,95,556,575,0,-52,1
531,99,374,79,0,-148,0
531,100,220,186,0,-153,1
531,101,444,623,0,-137,1
531,103,311,537,0,79,1
531,104,476,183,0,51,1
531,105,629,343,0,71,1
531,106,126,646,0,-32,1
531,107,339,311,0,85,1
531,108,251,34,0,-85,1
531,109,79,431,0,-48,1
531,110,41,521,0,-149,1
531,111,122,645,0,-14,1
532,0,450,468,0,-258,0
532,1,454,729,0,-250,0
532,2,104,535,0,46,0
532,3,206,38,0,-172,0
532,4,697,257,0,-261,0
532,5,573,582,0,14,0
532,6,652,124,0,-68,0
532,7,479,99,0,-188,0
532,8,560,404,0,-224,0
532,9,137,720,0,-24,0
532,10,627,32,0,24,0
532,11,512,576,0,-199,0
532,12,81,419,0,-258,0
532,13,583,747,0,14,0
532,14,142,691,0,26,0
532,15,172,414,0,-137,0
532,16,612,501,0,70,0
532,17,315,198,0,-188,0
532,18,574,681,0,-57,0
532,19,124,717,0,-226,0
532,23,267,391,0,6,1
532,32,71,582,0,-155,1
532,39,308,6,0,79,1
532,46,80,377,0,-95,1
532,53,643,268,0,-198,1
532,54,465,235,0,-87,1
532,64,472,284,0,73,1
532,68,248,186,0,-135,1
532,69,488,238,0,-136,1
532,72,695,27,0,-144,1
532,74,585,664,0,-147,0
532,75,430,74,0,-245,0
532,78,291,158,0,-68,1
532,85,740,616,0,49,0
532,88,417,212,0,-108,1
532,89,158,506,0,-122,1
532,92,297,635,0,20,1
532,94,342,346,0,-224,1
532,95,559,573,0,-52,1
532,99,377,81,0,-128,0
532,100,222,189,0,-153,1
532,101,446,626,0,-137,1
532,103,308,537,0,79,1
532,104,474,181,0,51,1
532,105,626,342,0,71,1
532,106,128,644,0,-32,1
532,107,336,311,0,85,1
532,108,254,34,0,-85,1
532,110,43,523,0,-149,1
532,111,123,642,0,-14,1
533,0,447,467,0,79,0
533,1,451,730,0,-250,0
533,2,102,533,0,46,0
533,3,206,41,0,-172,0
533,4,694,257,0,-261,0
533,5,573,579,0,14,0
533,6,655,123,0,-68,0
533,7,478,102,0,-188,0
533,8,558,406,0,-224,0
533,9,139,717,0,-24,0
533,10,626,30,0,24,0
533,11,511,578,0,-202,0
533,12,78,419,0,-258,0
533,13,582,744,0,14,0
533,14,140,688,0,26,0
533,15,174,416,0,-137,0
533,16,609,500,0,70,0
533,17,315,201,0,-188,0
533,18,577,679,0,-57,0
533,19,122,719,0,-226,0
533,23,266,388,0,6,1
533,32,72,584,0,-155,1
533,39,305,6,0,79,1
533,46,83,378,0,-95,1
533,53,642,271,0,-198,1
533,54,468,235,0,-87,1
533,64,469,283,0,73,1
533,68,251,188,0,-135,1
533,69,490,241,0,-135,1
533,72,697,29,0,-131,1
533,74,587,666,0,-136,0
533,75,428,76,0,-222,0
533,78,294,157,0,-68,1
533,85,737,614,0,49,0
533,88,420,213,0,-97,1
533,89,160,508,0,-122,1
533,92,296,632,0,20,1
533,94,339,347,0,-250,1
533,95,561,572,0,-52,1
533,99,379,83,0,-128,0
533,100,223,191,0,-163,1
533,101,446,629,0,-164,1
533,103,305,536,0,79,1
533,104,471,179,0,51,1
533,105,624,341,0,71,1
533,106,128,641,0,-6,1
533,107,333,311,0,85,1
533,108,256,35,0,-108,1
533,110,44,526,0,-149,1
533,111,124,639,0,-18,1
534,0,445,467,0,79,0
534,1,449,731,0,-250,0
534,2,99,531,0,46,0
534,3,207,44,0,-172,0
534,4,691,258,0,-261,0
534,5,572,576,0,14,0
534,6,657,122,0,-68,0
534,7,478,105,0,-188,0
534,8,556,408,0,-224,0
534,9,140,714,0,-24,0
534,10,624,27,0,37,0
534,11,510,581,0,-202,0
534,12,76,421,0,-231,0
534,13,582,741,0,14,0
534,14,139,686,0,39,0
534,15,176,418,0,-122,0
534,16,606,499,0,70,0
534,17,314,204,0,-188,0
534,18,579,678,0,-57,0
534,19,120,722,0,-221,0
534,23,266,385,0,6,1
534,32,73,587,0,-155,1
534,39,302,5,0,77,1
534,46,86,378,0,-95,1
534,53,641,274,0,-198,1
534,54,471,235,0,-87,1
534,64,466,282,0,73,1
534,68,253,190,0,-135,1
534,69,492,243,0,-135,1
534,72,700,29,0,-104,1
534,74,589,669,0,-136,0
534,75,426,78,0,-222,0
534,78,297,156,0,-68,1
534,85,735,612,0,49,0
534,88,422,213,0,-97,1
534,89,163,509,0,-122,1
534,92,295,629,0,20,1
534,94,336,347,0,89,1
534,95,563,570,0,-52,1
534,99,381,86,0,-151,0
534,100,224,194,0,-151,1
534,101,447,631,0,-164,1
534,103,302,536,0,79,1
534,104,469,177,0,51,1
534,105,621,340,0,71,1
534,106,129,638,0,-6,1
534,107,330,310,0,85,1
534,108,259,37,0,-124,1
534,110,46,529,0,-149,1
534,111,125,636,0,-18,1
535,0,442,466,0,79,0
535,1,446,732,0,-250,0
535,2,97,529,0,46,0
535,3,207,47,0,-172,0
535,4,688,259,0,-244,0
535,5,571,573,0,14,0
535,6,660,121,0,-68,0
535,7,477,108,0,-186,0
535,8,553,410,0,-224,0
535,9,141,712,0,-24,0
535,10,622,25,0,37,0
535,11,508,584,0,-212,0
535,12,73,423,0,-231,0
535,13,581,738,0,14,0
535,14,137,683,0,39,0
535,15,179,419,0,-122,0
535,16,603,498,0,70,0
535,17,315,207,0,-164,0
535,18,582,676,0,-57,0
535,19,118,724,0,-221,0
535,23,265,382,0,14,1
535,32,75,590,0,-155,1
535,39,299,4,0,77,1
535,46,89,377,0,-71,1
535,53,640,277,0,-198,1
535,54,474,235,0,-87,1
535,64,463,281,0,73,1
535,68,255,192,0,-135,1
535,69,493,245,0,-152,1
535,72,703,30,0,-104,1
535,74,591,671,0,-136,0
535,75,424,81,0,-222,0
535,78,300,155,0,-68,1
535,85,733,610,0,49,0
535,88,425,212,0,-68,1
535,89,165,511,0,-122,1
535,92,294,626,0,20,1
535,94,333,347,0,89,1
535,95,566,568,0,-52,1
535,99,382,88,0,-147,0
535,100,226,197,0,-151,1
535,101,448,634,0,-164,1
535,103,299,535,0,79,1
535,104,467,175,0,51,1
535,105,618,339,0,71,1
535,106,129,635,0,-6,1
535,107,327,310,0,85,1
535,108,261,38,0,-124,1
535,110,47,531,0,-149,1
535,111,125,633,0,-18,1
536,0,439,465,0,79,0
536,1,443,733,0,-250,0
536,2,95,527,0,46,0
536,3,207,50,0,-172,0
536,4,686,261,0,-221,0
536,5,570,571,0,14,0
536,6,663,120,0,-68,0
536,7,476,111,0,-215,0
536,8,551,412,0,-224,0
536,9,142,709,0,-24,0
536,10,620,23,0,37,0
536,11,507,586,0,-212,0
536,12,72,426,0,-204,0
536,13,581,735,0,4,0
536,14,135,681,0,25,0
536,15,181,421,0,-122,0
536,16,601,497,0,70,0
536,17,316,210,0,-164,0
536,18,584,674,0,-57,0
536,19,116,726,0,-221,0
536,23,265,379,0,14,1
536,32,76,593,0,-155,1
536,39,296,4,0,77,1
536,46,92,376,0,-71,1
536,53,639,279,0,-215,1
536,54,477,234,0,-87,1
536,64,460,280,0,73,1
536,68,256,195,0,-161,1
536,69,494,248,0,-156,1
536,72,706,31,0,-104,1
536,74,594,673,0,-136,0
536,75,422,83,0,-222,0
536,78,303,154,0,-68,1
536,85,730,608,0,49,0
536,88,428,211,0,-68,1
536,89,168,513,0,-122,1
536,92,293,623,0,20,1
536,94,330,347,0,89,1
536,95,567,565,0,-36,1
536,99,384,91,0,-147,0
536,100,227,199,0,-151,1
536,101,449,637,0,-164,1
536,103,296,535,0,90,1
536,104,464,173,0,51,1
536,105,615,338,0,71,1
536,106,129,632,0,-6,1
536,107,324,310,0,85,1
536,108,264,39,0,-103,1
536,110,49,534,0,-149,1
536,111,126,630,0,-18,1
537,0,436,464,0,63,0
537,1,440,734,0,-250,0
537,2,92,526,0,72,0
537,3,208,53,0,-172,0
537,4,684,264,0,-221,0
537,5,570,568,0,14,0
537,6,666,119,0,-68,0
537,7,474,113,0,-222,0
537,8,549,414,0,-224,0
537,9,145,707,0,-50,0
537,10,618,20,0,37,0
537,11,505,589,0,-212,0
537,12,71,428,0,-204,0
537,13,581,732,0,4,0
537,14,134,678,0,25,0
537,15,184,422,0,-122,0
537,16,598,497,0,-263,0
537,17,316,213,0,-174,0
537,18,587,674,0,-86,0
537,19,114,728,0,-239,0
537,23,264,376,0,6,1
537,32,77,595,0,-155,1
537,39,293,3,0,81,1
537,46,94,375,0,-71,1
537,53,637,281,0,-215,1
537,54,480,234,0,-85,1
537,64,458,279,0,66,1
537,68,257,198,0,-161,1
537,69,495,251,0,-161,1
537,72,709,32,0,-104,1
537,74,596,675,0,-136,0
537,75,419,84,0,-247,0
537,78,305,153,0,-68,1
537,85,728,606,0,49,0
537,88,431,210,0,-68,1
537,89,170,514,0,-122,1
537,92,292,620,0,20,1
537,94,327,346,0,89,1
537,95,569,563,0,-36,1
537,99,386,93,0,-147,0
537,100,228,202,0,-151,1
537,101,450,640,0,-164,1
537,103,293,534,0,76,1
537,104,462,172,0,51,1
537,105,612,337,0,71,1
537,106,130,629,0,-6,1
537,107,321,310,0,85,1
537,108,267,40,0,-103,1
537,110,51,536,0,-149,1
537,111,127,627,0,-18,1
538,0,433,463,0,63,0
538,1,437,735,0,-250,0
538,2,89,525,0,88,0
538,3,208,56,0,-172,0
538,4,682,266,0,-221,0
538,5,569,565,0,14,0
538,6,669,118,0,-68,0
538,7,472,115,0,-222,0
538,8,547,417,0,-224,0
538,9,147,705,0,-50,0
538,10,617,18,0,37,0
538,11,503,592,0,-212,0
538,12,70,431,0,-204,0
538,13,580,729,0,4,0
538,14,133,675,0,25,0
538,15,187,424,0,-122,0
538,16,595,498,0,-263,0
538,17,317,216,0,-174,0
538,18,590,674,0,-86,0
538,19,111,729,0,-239,0
538,23,264,373,0,6,1
538,32,78,598,0,-155,1
538,39,290,3,0,81,1
538,46,97,374,0,-71,1
538,53,635,284,0,-215,1
538,54,483,234,0,-85,1
538,64,455,278,0,66,1
538,68,258,201,0,-161,1
538,69,496,254,0,-161,1
538,72,711,34,0,-133,1
538,74,598,677,0,-136,0
538,75,417,85,0,-247,0
538,78,308,151,0,-68,1
538,85,726,605,0,63,0
538,88,434,208,0,-68,1
538,89,173,516,0,-122,1
538,92,291,618,0,20,1
538,94,324,346,0,89,1
538,95,571,561,0,-36,1
538,99,387,96,0,-147,0
538,100,229,205,0,-175,1
538,101,451,643,0,-164,1
538,103,290,534,0,76,1
538,104,460,170,0,51,1
538,105,609,336,0,78,1
538,106,129,626,0,15,1
538,107,318,309,0,85,1
538,108,270,41,0,-103,1
538,110,52,539,0,-149,1
538,111,128,625,0,-18,1
539,0,431,461,0,63,0
539,1,434,736,0,-250,0
539,2,86,525,0,88,0
539,3,209,59,0,-172,0
539,4,680,268,0,-221,0
539,5,568,562,0,14,0
539,6,671,116,0,-68,0
539,7,470,117,0,-222,0
539,8,545,419,0,-224,0
539,9,149,703,0,-50,0
539,10,614,16,0,61,0
539,11,502,594,0,-218,0
539,12,68,434,0,-204,0
539,13,580,726,0,4,0
539,14,132,672,0,25,0
539,15,189,425,0,-116,0
539,16,592,498,0,-263,0
539,17,317,219,0,-174,0
539,18,593,674,0,-86,0
539,19,108,731,0,-239,0
539,23,264,370,0,6,1
539,32,80,601,0,-155,1
539,39,287,2,0,81,1
539,46,100,373,0,-71,1
539,53,633,286,0,-215,1
539,54,486,234,0,-85,1
539,64,452,276,0,68,1
539,68,259,204,0,-161,1
539,69,497,257,0,-161,1
539,72,713,36,0,-154,1
539,74,600,680,0,-136,0
539,75,414,86,0,-247,0
539,78,311,150,0,-68,1
539,85,723,603,0,63,0
539,88,436,207,0,-62,1
539,89,176,517,0,-122,1
539,92,291,615,0,5,1
539,94,321,346,0,85,1
539,99,389,98,0,-147,0
539,100,229,208,0,-175,1
539,101,451,646,0,-164,1
539,103,287,533,0,76,1
539,104,457,168,0,51,1
539,105,606,336,0,78,1
539,106,127,624,0,39,1
539,107,315,309,0,85,1
539,108,273,41,0,-103,1
539,110,54,541,0,-149,1
539,111,129,622,0,-18,1
540,0,428,460,0,63,0
540,1,432,737,0,-250,0
540,2,83,525,0,88,0
540,3,209,62,0,-172,0
540,4,680,271,0,-196,0
540,5,568,559,0,14,0
540,6,674,117,0,-95,0
540,7,469,120,0,-196,0
540,8,543,421,0,-224,0
540,9,152,702,0,-65,0
540,10,611,15,0,61,0
540,11,500,596,0,-218,0
540,12,67,437,0,-204,0
540,13,580,723,0,4,0
540,14,130,670,0,25,0
540,15,192,427,0,-116,0
540,16,589,497,0,73,0
540,17,317,222,0,-174,0
540,18,596,673,0,-77,0
540,19,106,732,0,-239,0
540,23,263,367,0,6,1
540,32,81,603,0,-155,1
540,39,285,1,0,62,1
540,46,103,372,0,-71,1
540,53,632,289,0,-215,1
540,54,489,233,0,-85,1
540,64,450,274,0,39,1
540,68,260,207,0,-161,1
540,69,498,259,0,-161,1
540,72,714,39,0,-154,1
540,74,602,682,0,-136,0
540,75,411,87,0,-247,0
540,78,314,149,0,-68,1
540,85,720,602,0,63,0
540,88,439,206,0,-62,1
540,89,178,519,0,-122,1
540,92,290,612,0,5,1
540,94,318,346,0,85,1
540,99,391,101,0,-147,0
540,100,229,211,0,-175,1
540,101,452,649,0,-164,1
540,103,284,532,0,76,1
540,104,454,167,0,75,1
540,105,603,336,0,-258,1
540,106,125,621,0,39,1
540,107,312,309,0,85,1
540,108,276,41,0,-91,1
540,110,55,544,0,-149,1
540,111,130,619,0,-20,1
541,0,425,459,0,63,0
541,1,429,738,0,-250,0
541,2,80,525,0,88,0
541,3,210,65,0,-172,0
541,4,679,274,0,-196,0
541,5,567,556,0,14,0
541,6,677,117,0,-95,0
541,7,468,123,0,-199,0
541,8,541,423,0,-224,0
541,9,155,701,0,-65,0
541,10,609,13,0,61,0
541,11,498,599,0,-218,0
541,12,66,439,0,-204,0
541,13,578,721,0,33,0
541,14,129,667,0,25,0
541,15,195,428,0,-116,0
541,16,586,496,0,73,0
541,17,318,225,0,-174,0
541,18,599,673,0,-77,0
541,19,103,733,0,-257,0
541,23,263,364,0,6,1
541,32,82,606,0,-155,1
541,39,282,-1,0,62,1
541,46,106,372,0,-99,1
541,53,630,291,0,-215,1
541,54,492,233,0,-85,1
541,64,448,272,0,41,1
541,68,261,209,0,-161,1
541,69,499,262,0,-161,1
541,72,715,42,0,-154,1
541,74,604,684,0,-136,0
541,75,408,89,0,-247,0
541,78,316,148,0,-68,1
541,85,718,601,0,63,0
541,88,442,204,0,-62,1
541,89,180,521,0,-128,1
541,92,290,609,0,5,1
541,94,315,346,0,85,1
541,99,392,103,0,-147,0
541,100,229,214,0,-175,1
541,101,453,652,0,-164,1
541,103,281,531,0,76,1
541,104,452,166,0,75,1
541,105,600,337,0,-258,1
541,106,123,619,0,39,1
541,107,309,310,0,-257,1
541,108,279,41,0,-91,1
541,110,57,547,0,-149,1
541,111,131,616,0,-10,1
542,0,423,457,0,63,0
542,1,426,738,0,-265,0
542,2,77,525,0,88,0
542,3,210,68,0,-172,0
542,4,678,277,0,-196,0
542,5,566,553,0,11,0
542,6,680,117,0,-95,0
542,7,467,126,0,-199,0
542,8,539,425,0,-224,0
542,9,157,699,0,-65,0
542,10,607,11,0,37,0
542,11,496,601,0,-218,0
542,12,65,442,0,-204,0
542,13,577,718,0,33,0
542,14,128,664,0,25,0
542,15,197,429,0,-116,0
542,16,583,496,0,73,0
542,17,318,228,0,-174,0
542,18,602,672,0,-77,0
542,19,100,734,0,-257,0
542,23,263,361,0,6,1
542,32,84,609,0,-155,1
542,39,279,749,0,62,1
542,46,109,373,0,-93,1
542,53,628,294,0,-215,1
542,54,495,233,0,-85,1
542,64,446,270,0,41,1
542,68,262,212,0,-161,1
542,69,500,265,0,-161,1
542,72,716,44,0,-154,1
542,74,606,686,0,-136,0
542,75,406,90,0,-247,0
542,78,319,147,0,-68,1
542,85,715,599,0,63,0
542,88,444,203,0,-62,1
542,89,182,523,0,-137,1
542,92,289,606,0,18,1
542,94,312,345,0,85,1
542,99,394,106,0,-147,0
542,100,228,217,0,-204,1
542,101,454,654,0,-164,1
542,103,279,531,0,76,1
542,104,449,165,0,75,1
542,105,598,337,0,-258,1
542,106,121,617,0,39,1
542,107,306,310,0,-257,1
542,108,282,41,0,-91,1
542,110,58,549,0,-149,1
542,111,131,613,0,-10,1
543,0,420,456,0,73,0
543,1,423,739,0,-265,0
543,2,74,525,0,88,0
543,3,211,71,0,-172,0
543,4,677,280,0,-196,0
543,5,566,550,0,11,0
543,6,683,118,0,-95,0
543,7,466,129,0,-199,0
543,8,537,427,0,-224,0
543,9,160,698,0,-65,0
543,10,605,9,0,37,0
543,11,495,604,0,-207,0
543,12,62,444,0,-231,0
543,13,575,716,0,33,0
543,14,127,661,0,25,0
543,15,200,431,0,-116,0
543,16,580,495,0,86,0
543,17,318,231,0,-174,0
543,18,605,671,0,-77,0
543,19,97,734,0,-257,0
543,23,262,358,0,6,1
543,32,85,612,0,-155,1
543,39,277,747,0,62,1
543,46,112,373,0,-93,1
543,53,627,296,0,-212,1
543,54,498,234,0,-112,1
543,64,444,267,0,41,1
543,68,263,215,0,-161,1
543,69,501,268,0,-161,1
543,72,718,47,0,-154,1
543,74,608,688,0,-136,0
543,75,403,91,0,-247,0
543,78,322,146,0,-68,1
543,85,712,598,0,63,0
543,88,447,202,0,-62,1
543,89,185,525,0,-137,1
543,92,288,603,0,18,1
543,94,310,344,0,73,1
543,99,396,108,0,-147,0
543,100,227,219,0,-214,1
543,101,455,657,0,-151,1
543,103,276,530,0,76,1
543,104,446,165,0,75,1
543,105,595,337,0,81,1
543,106,119,614,0,39,1
543,107,304,312,0,-246,1
543,108,285,41,0,-91,1
543,110,60,552,0,-149,1
543,111,132,610,0,-9,1
544,0,417,455,0,73,0
544,1,420,739,0,-265,0
544,2,71,525,0,88,0
544,3,211,74,0,-176,0
544,4,675,282,0,-220,0
544,5,565,547,0,11,0
544,6,686,118,0,-95,0
544,7,465,131,0,-199,0
544,8,535,429,0,-224,0
544,9,163,697,0,-65,0
544,10,603,6,0,37,0
544,11,493,606,0,-207,0
544,12,60,446,0,-231,0
544,13,573,713,0,33,0
544,14,125,659,0,25,0
544,15,203,432,0,-116,0
544,16,577,495,0,86,0
544,17,319,234,0,-174,0
544,18,608,670,0,-77,0
544,19,94,734,0,75,0
544,23,262,355,0,6,1
544,32,86,614,0,-155,1
544,39,274,746,0,62,1
544,46,115,373,0,-93,1
544,53,625,299,0,-212,1
544,54,501,235,0,-112,1
544,64,442,265,0,41,1
544,68,264,218,0,-161,1
544,69,502,271,0,-161,1
544,72,719,50,0,-154,1
544,74,609,691,0,-164,0
544,75,400,92,0,-247,0
544,78,325,145,0,-68,1
544,85,710,596,0,63,0
544,88,449,199,0,-46,1
544,89,187,527,0,-137,1
544,92,287,600,0,18,1
544,94,307,344,0,73,1
544,99,397,111,0,-147,0
544,100,224,221,0,-235,1
544,101,457,660,0,-151,1
544,103,273,529,0,76,1
544,104,443,164,0,75,1
544,105,592,335,0,60,1
544,106,117,612,0,39,1
544,107,301,313,0,-246,1
544,108,288,42,0,-111,1
544,110,61,554,0,-149,1
544,111,132,607,0,-9,1
545,0,414,454,0,73,0
545,1,417,739,0,-265,0
545,2,68,525,0,88,0
545,3,211,77,0,-176,0
545,4,674,285,0,-208,0
545,5,565,544,0,11,0
545,6,689,118,0,-95,0
545,7,464,134,0,-199,0
545,8,533,432,0,-224,0
545,9,165,696,0,-65,0
545,10,602,4,0,34,0
545,11,492,609,0,-207,0
545,12,58,448,0,-231,0
545,13,572,711,0,33,0
545,14,124,656,0,27,0
545,15,205,433,0,-116,0
545,16,574,495,0,86,0
545,17,320,236,0,-154,0
545,18,610,669,0,-53,0
545,19,91,733,0,75,0
545,23,262,352,0,6,1
545,32,87,617,0,-155,1
545,39,272,744,0,49,1
545,46,118,373,0,-93,1
545,53,624,301,0,-212,1
545,54,504,236,0,-112,1
545,64,440,263,0,41,1
545,68,264,221,0,-161,1
545,69,504,273,0,-144,1
545,72,721,52,0,-136,1
545,74,611,693,0,-137,0
545,75,397,93,0,-247,0
545,78,327,143,0,-68,1
545,85,707,595,0,63,0
545,88,451,197,0,-46,1
545,89,189,530,0,-137,1
545,92,286,597,0,18,1
545,94,304,343,0,74,1
545,99,399,113,0,-147,0
545,100,222,223,0,-235,1
545,101,458,662,0,-151,1
545,103,270,529,0,76,1
545,104,440,163,0,75,1
545,105,589,334,0,60,1
545,106,115,610,0,39,1
545,107,298,314,0,-250,1
545,108,291,44,0,-111,1
545,110,63,557,0,-149,1
545,111,132,604,0,2,1
545,112,589,334,0,60,1
546,0,411,454,0,73,0
546,1,414,740,0,-265,0
546,2,65,525,0,88,0
546,3,211,80,0,-176,0
546,4,672,287,0,-208,0
546,5,564,541,0,11,0
546,6,692,118,0,-95,0
546,7,464,137,0,-179,0
546,8,531,434,0,-224,0
546,9,168,694,0,-65,0
546,10,600,1,0,28,0
546,11,491,612,0,-207,0
546,12,56,450,0,-206,0
546,13,569,709,0,48,0
546,14,123,653,0,27,0
546,15,208,434,0,-116,0
546,16,571,495,0,86,0
546,17,321,239,0,-154,0
546,18,613,667,0,-53,0
546,19,88,732,0,75,0
546,23,261,349,0,6,1
546,32,90,619,0,-131,1
546,39,269,742,0,49,1
546,46,120,374,0,-117,1
546,53,621,303,0,-237,1
546,54,506,237,0,-113,1
546,64,438,261,0,41,1
546,68,265,224,0,-161,1
546,69,506,276,0,-144,1
546,72,723,54,0,-136,1
546,74,613,695,0,-137,0
546,75,394,94,0,-247,0
546,78,330,142,0,-68,1
546,85,704,594,0,63,0
546,88,453,195,0,-46,1
546,89,191,532,0,-137,1
546,92,285,595,0,26,1
546,94,301,342,0,74,1
546,99,401,116,0,-147,0
546,100,219,224,0,-246,1
546,101,460,665,0,-151,1
546,103,267,528,0,76,1
546,104,437,162,0,75,1
546,105,587,332,0,60,1
546,106,114,607,0,21,1
546,107,295,315,0,-250,1
546,108,293,45,0,-111,1
546,110,64,559,0,-149,1
546,111,132,601,0,-3,1
546,112,587,332,0,60,1
547,0,408,453,0,76,0
547,1,411,740,0,-265,0
547,2,62,525,0,88,0
547,3,211,83,0,-176,0
547,4,671,290,0,-208,0
547,5,563,538,0,11,0
547,6,695,119,0,-95,0
547,7,463,140,0,-208,0
547,8,528,435,0,-251,0
547,9,171,693,0,-65,0
547,10,599,-2,0,28,0
547,11,489,614,0,-207,0
547,12,56,453,0,-198,0
547,13,567,707,0,62,0
547,14,121,651,0,27,0
547,15,211,436,0,-116,0
547,16,568,495,0,86,0
547,17,323,242,0,-154,0
547,18,615,665,0,-53,0
547,19,86,731,0,66,0
547,23,261,346,0,6,1
547,32,92,621,0,-131,1
547,39,267,740,0,49,1
547,46,123,376,0,-117,1
547,53,618,305,0,-237,1
547,54,509,237,0,-92,1
547,64,436,259,0,62,1
547,68,265,227,0,-187,1
547,69,508,278,0,-144,1
547,72,725,56,0,-136,1
547,74,614,698,0,-156,0
547,75,392,95,0,-257,0
547,78,333,141,0,-68,1
547,85,702,592,0,63,0
547,88,456,193,0,-46,1
547,89,193,534,0,-137,1
547,92,284,592,0,26,1
547,94,298,341,0,74,1
547,99,402,118,0,-147,0
547,100,216,225,0,-246,1
547,101,461,668,0,-151,1
547,103,264,527,0,76,1
547,104,434,161,0,75,1
547,105,584,331,0,60,1
547,106,114,604,0,4,1
547,107,292,316,0,-250,1
547,108,296,46,0,-111,1
547,110,66,562,0,-149,1
547,111,132,598,0,-3,1
547,112,584,332,0,75,1
547,113,436,259,0,49,1
548,0,405,452,0,76,0
548,1,408,740,0,88,0
548,2,59,525,0,88,0
548,3,211,86,0,-178,0
548,4,670,293,0,-191,0
548,5,563,535,0,11,0
548,6,698,119,0,-95,0
548,7,461,143,0,-208,0
548,8,525,436,0,-251,0
548,9,174,692,0,-65,0
548,10,597,747,0,28,0
548,11,488,617,0,-207,0
548,12,56,456,0,-181,0
548,13,564,706,0,62,0
548,14,120,648,0,27,0
548,15,213,438,0,-129,0
548,16,565,494,0,86,0
548,17,324,244,0,-154,0
548,18,617,663,0,-53,0
548,19,83,730,0,66,0
548,23,261,343,0,6,1
548,32,94,623,0,-131,1
548,39,265,738,0,49,1
548,46,126,377,0,-117,1
548,53,616,306,0,-237,1
548,54,512,238,0,-92,1
548,64,433,258,0,62,1
548,68,264,229,0,-209,1
548,69,509,280,0,-145,1
548,72,727,58,0,-136,1
548,74,614,701,0,-179,0
548,75,389,96,0,-257,0
548,78,336,140,0,-68,1
548,85,699,591,0,63,0
548,88,458,191,0,-46,1
548,89,195,536,0,-132,1
548,92,282,589,0,26,1
548,94,295,340,0,74,1
548,99,403,121,0,-166,0
548,100,213,226,0,-246,1
548,101,463,670,0,-151,1
548,103,261,527,0,76,1
548,104,431,161,0,75,1
548,105,582,329,0,57,1
548,106,114,601,0,4,1
548,107,290,317,0,-250,1
548,108,299,47,0,-111,1
548,110,68,565,0,-149,1
548,111,133,595,0,-3,1
548,112,581,331,0,75,1
548,113,434,257,0,49,1
549,0,402,451,0,76,0
549,1,405,740,0,88,0
549,2,56,524,0,82,0
549,3,212,89,0,-178,0
549,4,670,296,0,-191,0
549,5,564,532,0,-17,0
549,6,701,119,0,-95,0
549,7,460,145,0,-208,0
549,8,522,437,0,-251,0
549,9,176,690,0,-65,0
549,10,596,745,0,28,0
549,11,487,620,0,-207,0
549,12,55,459,0,-181,0
549,13,561,705,0,62,0
549,14,119,645,0,27,0
549,15,215,440,0,-129,0
549,16,562,494,0,86,0
549,17,325,247,0,-154,0
549,18,620,661,0,-53,0
549,19,80,728,0,56,0
549,23,260,340,0,6,1
549,32,96,625,0,-152,1
549,39,263,736,0,49,1
549,46,129,378,0,-104,1
549,53,613,308,0,-237,1
549,54,515,238,0,-92,1
549,64,430,256,0,62,1
549,68,261,231,0,-233,1
549,69,511,283,0,-145,1
549,72,730,61,0,-134,1
549,74,613,704,0,-205,0
549,75,386,96,0,-257,0
549,78,339,139,0,-68,1
549,85,696,590,0,63,0
549,88,460,189,0,-46,1
549,89,197,538,0,-132,1
549,92,281,586,0,26,1
549,94,292,339,0,74,1
549,99,404,124,0,-166,0
549,100,211,228,0,-246,1
549,101,464,673,0,-151,1
549,103,258,526,0,76,1
549,104,428,160,0,75,1
549,105,579,328,0,57,1
549,106,114,598,0,4,1
549,107,287,318,0,-250,1
549,108,302,48,0,-111,1
549,110,69,567,0,-149,1
549,111,133,592,0,-7,1
549,112,578,330,0,75,1
549,113,432,255,0,49,1
550,0,400,451,0,75,0
550,1,402,740,0,88,0
550,2,53,524,0,82,0
550,3,210,92,0,-207,0
550,4,671,299,0,-163,0
550,5,565,530,0,-17,0
550,6,704,119,0,-95,0
550,7,458,148,0,-208,0
550,8,519,438,0,-251,0
550,9,179,689,0,-65,0
550,10,595,742,0,28,0
550,11,485,622,0,-207,0
550,12,56,462,0,-168,0
550,13,559,703,0,62,0
550,14,117,643,0,27,0
550,15,218,441,0,-129,0
550,16,559,493,0,71,0
550,17,326,250,0,-154,0
550,18,622,660,0,-53,0
550,19,78,726,0,56,0
550,23,260,337,0,6,1
550,32,97,628,0,-152,1
550,39,260,734,0,49,1
550,46,132,379,0,-104,1
550,53,610,308,0,-266,1
550,54,518,238,0,-92,1
550,64,428,255,0,62,1
550,68,259,233,0,-233,1
550,69,513,285,0,-145,1
550,72,731,63,0,-148,1
550,74,612,707,0,-205,0
550,75,383,97,0,-257,0
550,78,341,138,0,-68,1
550,85,693,588,0,63,0
550,88,462,187,0,-46,1
550,89,200,539,0,-112,1
550,92,280,584,0,26,1
550,94,289,339,0,74,1
550,99,404,127,0,-166,0
550,100,208,229,0,-246,1
550,101,465,676,0,-151,1
550,103,255,525,0,76,1
550,104,426,159,0,75,1
550,105,577,326,0,57,1
550,106,114,595,0,4,1
550,107,284,319,0,-250,1
550,108,305,49,0,-111,1
550,110,71,570,0,-149,1
550,111,133,589,0,-7,1
550,112,575,329,0,75,1
550,113,429,253,0,49,1
551,0,397,450,0,75,0
551,1,399,739,0,88,0
551,2,50,523,0,82,0
551,3,209,94,0,-207,0
551,4,672,301,0,-148,0
551,5,566,527,0,-17,0
551,6,707,120,0,-95,0
551,7,456,150,0,-232,0
551,8,516,439,0,-251,0
551,9,182,688,0,-65,0
551,10,594,739,0,5,0
551,11,484,625,0,-207,0
551,12,57,465,0,-159,0
551,13,556,702,0,62,0
551,14,116,640,0,27,0
551,15,220,443,0,-129,0
551,16,557,491,0,45,0
551,17,328,253,0,-154,0
551,18,625,658,0,-53,0
551,19,76,724,0,49,0
551,23,260,334,0,6,1
551,32,99,631,0,-152,1
551,39,258,732,0,49,1
551,46,135,379,0,-104,1
551,53,607,308,0,-266,1
551,54,521,238,0,-92,1
551,64,426,253,0,41,1
551,68,256,235,0,-234,1
551,69,513,288,0,-168,1
551,72,733,66,0,-148,1
551,74,610,709,0,-205,0
551,75,380,98,0,-257,0
551,78,344,138,0,-88,1
551,85,691,587,0,73,0
551,88,464,185,0,-46,1
551,89,203,539,0,-83,1
551,92,278,581,0,26,1
551,94,287,338,0,74,1
551,99,404,130,0,-190,0
551,100,205,230,0,-246,1
551,101,467,678,0,-151,1
551,103,252,526,0,-256,1
551,104,423,158,0,75,1
551,105,574,324,0,57,1
551,106,114,592,0,-15,1
551,107,281,320,0,-250,1
551,108,307,50,0,-111,1
551,110,72,572,0,-149,1
551,111,134,586,0,-7,1
551,112,572,329,0,75,1
551,113,427,251,0,49,1
552,0,394,449,0,69,0
552,1,396,739,0,88,0
552,2,47,523,0,82,0
552,3,208,97,0,-195,0
552,4,674,304,0,-148,0
552,5,566,524,0,-17,0
552,6,710,120,0,-95,0
552,7,454,152,0,-232,0
552,8,513,440,0,-251,0
552,9,184,687,0,-65,0
552,10,594,736,0,5,0
552,11,483,628,0,-207,0
552,12,58,468,0,-159,0
552,13,554,700,0,58,0
552,14,115,637,0,27,0
552,15,223,445,0,-129,0
552,16,556,488,0,29,0
552,17,329,255,0,-154,0
552,18,627,656,0,-53,0
552,19,73,722,0,48,0
552,23,259,332,0,17,1
552,32,100,633,0,-152,1
552,39,256,730,0,49,1
552,46,137,380,0,-104,1
552,53,604,308,0,-266,1
552,54,524,238,0,-92,1
552,64,424,250,0,41,1
552,68,254,236,0,-234,1
552,69,514,291,0,-160,1
552,72,734,68,0,-148,1
552,74,609,712,0,-205,0
552,75,377,98,0,-257,0
552,78,347,138,0,-88,1
552,85,688,587,0,73,0
552,88,466,183,0,-46,1
552,89,206,538,0,-83,1
552,92,277,578,0,26,1
552,94,284,337,0,74,1
552,99,402,132,0,-217,0
552,100,203,231,0,-246,1
552,101,468,681,0,-151,1
552,103,250,528,0,-233,1
552,104,420,158,0,75,1
552,105,572,323,0,57,1
552,106,115,589,0,-15,1
552,107,278,321,0,-250,1
552,108,310,51,0,-111,1
552,110,74,575,0,-149,1
552,111,134,583,0,-7,1
552,112,570,326,0,48,1
552,113,425,248,0,33,1
553,0,391,448,0,69,0
553,1,393,739,0,88,0
553,2,44,523,0,82,0
553,3,207,100,0,-195,0
553,4,675,306,0,-148,0
553,5,567,521,0,-17,0
553,6,713,120,0,-95,0
553,7,451,153,0,-232,0
553,8,510,440,0,-269,0
553,9,187,685,0,-65,0
553,10,594,733,0,5,0
553,11,481,631,0,-207,0
553,12,59,471,0,-159,0
553,13,551,700,0,81,0
553,14,113,635,0,27,0
553,15,225,447,0,-129,0
553,16,554,486,0,29,0
553,17,330,258,0,-154,0
553,18,629,654,0,-53,0
553,19,71,721,0,73,0
553,23,258,329,0,17,1
553,32,101,636,0,-152,1
553,39,254,728,0,49,1
553,46,140,381,0,-104,1
553,53,601,309,0,-266,1
553,54,527,238,0,-92,1
553,64,422,248,0,41,1
553,68,252,239,0,-219,1
553,69,516,294,0,-156,1
553,72,736,71,0,-148,1
553,74,608,715,0,-205,0
553,75,374,99,0,-257,0
553,78,350,137,0,-71,1
553,85,685,586,0,73,0
553,88,468,181,0,-46,1
553,89,209,538,0,-89,1
553,92,276,576,0,26,1
553,94,281,336,0,74,1
553,99,400,135,0,-217,0
553,100,200,232,0,-246,1
553,101,470,683,0,-151,1
553,103,248,530,0,-233,1
553,104,417,157,0,75,1
553,105,569,321,0,55,1
553,106,116,586,0,-15,1
553,107,276,323,0,-223,1
553,108,313,52,0,-111,1
553,110,75,577,0,-149,1
553,111,134,580,0,-7,1
553,112,568,324,0,48,1
553,113,423,246,0,50,1
554,0,388,447,0,69,0
554,1,390,739,0,88,0
554,2,41,522,0,82,0
554,3,207,103,0,-195,0
554,4,677,309,0,-148,0
554,5,568,518,0,-17,0
554,6,716,119,0,-67,0
554,7,449,155,0,-232,0
554,8,508,439,0,76,0
554,9,190,684,0,-65,0
554,10,593,730,0,5,0
554,11,480,633,0,-207,0
554,12,60,473,0,-159,0
554,13,548,699,0,81,0
554,14,112,632,0,27,0
554,15,226,450,0,-158,0
554,16,553,483,0,29,0
554,17,332,261,0,-154,0
554,18,632,652,0,-53,0
554,19,68,721,0,73,0
554,23,257,326,0,17,1
554,32,103,639,0,-152,1
554,39,251,726,0,52,1
554,46,143,381,0,-104,1
554,53,598,309,0,-266,1
554,54,530,238,0,-92,1
554,64,420,246,0,41,1
554,68,250,241,0,-218,1
554,69,517,297,0,-156,1
554,72,737,74,0,-166,1
554,74,607,718,0,-199,0
554,75,371,100,0,-257,0
554,78,353,136,0,-71,1
554,85,682,585,0,73,0
554,88,471,178,0,-46,1
554,89,212,538,0,-89,1
554,92,275,573,0,26,1
554,94,278,335,0,74,1
554,99,398,137,0,-217,0
554,100,197,232,0,89,1
554,101,471,686,0,-151,1
554,103,245,531,0,-233,1
554,104,414,155,0,59,1
554,105,567,319,0,55,1
554,106,117,583,0,-15,1
554,107,274,325,0,-223,1
554,108,316,53,0,-111,1
554,110,77,580,0,-149,1
554,111,135,577,0,-7,1
554,112,566,322,0,48,1
554,113,421,244,0,50,1
555,0,386,444,0,43,0
555,1,387,739,0,88,0
555,2,38,522,0,82,0
555,3,206,106,0,-195,0
555,4,679,311,0,-148,0
555,5,569,515,0,-17,0
555,6,719,118,0,-67,0
555,7,446,157,0,-232,0
555,8,505,438,0,76,0
555,9,193,683,0,-65,0
555,10,593,727,0,5,0
555,11,479,636,0,-207,0
555,12,61,476,0,-159,0
555,13,545,699,0,81,0
555,14,111,629,0,27,0
555,15,227,453,0,-158,0
555,16,551,481,0,29,0
555,17,333,263,0,-154,0
555,18,634,650,0,-35,0
555,19,65,720,0,73,0
555,23,256,323,0,17,1
555,39,250,724,0,36,1
555,46,146,382,0,-104,1
555,53,595,309,0,-266,1
555,54,533,238,0,-92,1
555,64,418,244,0,41,1
555,68,248,243,0,-218,1
555,69,518,299,0,-156,1
555,72,737,76,0,-166,1
555,74,606,720,0,-199,0
555,75,369,101,0,-238,0
555,78,356,135,0,-71,1
555,85,679,584,0,64,0
555,88,473,176,0,-46,1
555,89,215,538,0,-89,1
555,92,274,570,0,2,1
555,94,275,334,0,70,1
555,99,397,140,0,-217,0
555,100,194,232,0,89,1
555,101,473,689,0,-151,1
555,103,243,533,0,-233,1
555,104,412,154,0,59,1
555,105,564,318,0,67,1
555,106,117,580,0,-15,1
555,107,272,327,0,-223,1
555,108,319,54,0,-111,1
555,110,77,583,0,-178,1
555,111,134,574,0,22,1
555,112,563,320,0,48,1
555,113,419,242,0,50,1
555,114,111,629,0,27,0
556,0,384,442,0,43,0
556,1,384,740,0,-256,0
556,2,35,521,0,82,0
556,3,205,109,0,-195,0
556,4,681,313,0,-132,0
556,5,570,512,0,-17,0
556,6,721,117,0,-67,0
556,7,444,159,0,-232,0
556,8,502,437,0,76,0
556,9,195,681,0,-65,0
556,10,593,724,0,5,0
556,11,477,639,0,-207,0
556,12,63,479,0,-159,0
556,13,542,698,0,81,0
556,14,109,627,0,27,0
556,15,228,455,0,-158,0
556,16,551,478,0,7,0
556,17,334,266,0,-154,0
556,18,635,647,0,-35,0
556,19,62,719,0,73,0
556,23,255,320,0,17,1
556,39,248,721,0,36,1
556,46,149,383,0,-104,1
556,53,592,309,0,-266,1
556,54,536,238,0,-92,1
556,64,417,241,0,23,1
556,68,247,246,0,-218,1
556,69,519,302,0,-156,1
556,72,737,79,0,-186,1
556,74,605,723,0,-199,0
556,75,366,103,0,-238,0
556,78,359,134,0,-85,1
556,85,677,582,0,64,0
556,88,475,174,0,-46,1
556,89,218,538,0,-89,1
556,92,274,567,0,2,1
556,94,272,333,0,70,1
556,99,394,141,0,-241,0
556,100,191,231,0,65,1
556,101,474,691,0,-151,1
556,103,240,534,0,-248,1
556,104,409,152,0,59,1
556,105,562,316,0,49,1
556,106,118,577,0,-15,1
556,107,270,330,0,-223,1
556,108,321,55,0,-111,1
556,110,77,586,0,-178,1
556,111,132,572,0,22,1
556,112,561,318,0,48,1
556,113,416,242,0,79,1
556,114,109,627,0,27,0
557,0,382,440,0,43,0
557,1,381,741,0,-256,0
557,2,32,521,0,82,0
557,3,203,111,0,-219,0
557,4,683,315,0,-132,0
557,5,571,509,0,-17,0
557,6,724,115,0,-67,0
557,7,442,161,0,-232,0
557,8,499,437,0,76,0
557,9,198,680,0,-65,0
557,10,593,721,0,5,0
557,11,476,641,0,-201,0
557,12,64,482,0,-159,0
557,13,539,698,0,87,0
557,14,108,624,0,27,0
557,15,228,458,0,-177,0
557,16,551,475,0,7,0
557,17,336,269,0,-154,0
557,18,636,645,0,-18,0
557,19,59,718,0,73,0
557,23,255,317,0,17,1
557,39,246,719,0,36,1
557,46,152,383,0,-104,1
557,53,589,309,0,-266,1
557,54,539,238,0,-92,1
557,64,414,239,0,52,1
557,68,245,248,0,-218,1
557,69,520,305,0,-156,1
557,72,736,82,0,-209,1
557,74,604,726,0,-199,0
557,75,363,104,0,-238,0
557,78,362,135,0,-102,1
557,85,674,581,0,64,0
557,88,478,173,0,-74,1
557,89,221,538,0,-89,1
557,92,274,564,0,2,1
557,94,269,332,0,70,1
557,99,391,142,0,-249,0
557,100,188,230,0,65,1
557,101,476,694,0,-151,1
557,103,237,535,0,-258,1
557,104,406,151,0,59,1
557,105,559,314,0,49,1
557,106,119,575,0,-15,1
557,107,268,332,0,-223,1
557,108,324,57,0,-131,1
557,110,77,589,0,-178,1
557,111,131,569,0,22,1
557,112,559,316,0,48,1
557,113,413,241,0,79,1
557,114,108,624,0,27,0
558,0,380,438,0,43,0
558,1,378,741,0,-256,0
558,2,29,521,0,86,0
558,3,201,114,0,-219,0
558,4,685,317,0,-132,0
558,5,572,507,0,-14,0
558,6,727,114,0,-67,0
558,7,440,163,0,-218,0
558,8,496,435,0,62,0
558,9,201,679,0,-65,0
558,10,592,718,0,19,0
558,11,476,644,0,-191,0
558,12,64,485,0,-168,0
558,13,536,698,0,87,0
558,14,107,621,0,15,0
558,15,229,461,0,-177,0
558,16,552,472,0,-22,0
558,17,337,272,0,-154,0
558,18,637,642,0,-18,0
558,19,56,717,0,73,0
558,23,254,314,0,17,1
558,39,244,716,0,36,1
558,46,155,384,0,-104,1
558,53,586,309,0,83,1
558,54,542,238,0,-92,1
558,64,412,237,0,52,1
558,68,243,250,0,-218,1
558,69,522,308,0,-156,1
558,72,734,85,0,-209,1
558,74,603,729,0,-199,0
558,75,361,106,0,-238,0
558,78,365,136,0,-102,1
558,85,671,580,0,64,0
558,88,481,173,0,-74,1
558,89,224,538,0,-89,1
558,92,274,561,0,2,1
558,94,267,331,0,70,1
558,99,388,143,0,-249,0
558,100,186,229,0,65,1
558,101,476,697,0,-174,1
558,103,234,535,0,-263,1
558,104,404,149,0,59,1
558,105,558,312,0,32,1
558,106,119,572,0,6,1
558,107,266,334,0,-223,1
558,108,326,59,0,-120,1
558,110,77,592,0,-178,1
558,111,130,566,0,22,1
558,112,557,314,0,48,1
558,113,410,242,0,-253,1
558,114,107,621,0,27,0
559,0,378,436,0,43,0
559,1,375,742,0,-256,0
559,2,26,521,0,86,0
559,3,199,116,0,-219,0
559,4,688,319,0,-113,0
559,5,572,504,0,-14,0
559,6,730,113,0,-67,0
559,7,438,165,0,-218,0
559,8,494,434,0,62,0
559,9,203,678,0,-65,0
559,10,591,715,0,19,0
559,11,475,647,0,-191,0
559,12,66,487,0,-151,0
559,13,533,698,0,87,0
559,14,106,618,0,15,0
559,15,229,464,0,-177,0
559,16,553,469,0,-13,0
559,17,338,274,0,-154,0
559,18,637,639,0,9,0
559,19,53,716,0,73,0
559,23,253,311,0,17,1
559,39,243,714,0,36,1
559,46,158,385,0,-104,1
559,53,584,309,0,83,1
559,54,545,238,0,-92,1
559,64,409,236,0,70,1
559,68,241,253,0,-218,1
559,69,523,310,0,-156,1
559,72,733,87,0,-209,1
559,74,602,732,0,-199,0
559,75,358,108,0,-238,0
559,78,368,136,0,-102,1
559,85,669,578,0,64,0
559,88,483,172,0,-74,1
559,89,227,538,0,-89,1
559,92,273,558,0,26,1
559,94,264,330,0,70,1
559,99,386,144,0,-249,0
559,100,183,228,0,83,1
559,101,476,700,0,-174,1
559,103,231,536,0,-263,1
559,104,401,148,0,59,1
559,105,556,309,0,32,1
559,106,118,569,0,11,1
559,107,264,336,0,-223,1
559,108,329,60,0,-120,1
559,110,79,595,0,-150,1
559,111,129,563,0,22,1
559,112,555,312,0,48,1
559,113,407,243,0,-259,1
559,114,105,618,0,27,0
560,0,376,433,0,43,0
560,1,372,743,0,-256,0
560,2,23,520,0,86,0
560,3,197,118,0,-219,0
560,4,691,320,0,-113,0
560,5,573,501,0,-14,0
560,6,733,113,0,-84,0
560,7,435,167,0,-237,0
560,8,491,432,0,62,0
560,9,206,676,0,-50,0
560,10,590,713,0,19,0
560,11,475,650,0,-191,0
560,12,66,490,0,-170,0
560,13,530,698,0,87,0
560,14,106,615,0,15,0
560,15,228,467,0,-194,0
560,16,553,466,0,-13,0
560,17,338,277,0,-182,0
560,18,637,636,0,-10,0
560,19,50,715,0,73,0
560,23,252,309,0,17,1
560,39,241,712,0,36,1
560,46,161,386,0,-104,1
560,53,581,308,0,83,1
560,54,548,238,0,-92,1
560,64,406,235,0,70,1
560,68,239,255,0,-218,1
560,69,523,313,0,-186,1
560,72,731,90,0,-209,1
560,74,601,735,0,-199,0
560,75,356,109,0,-238,0
560,78,370,138,0,-117,1
560,85,666,577,0,64,0
560,88,486,171,0,-74,1
560,89,230,537,0,-72,1
560,92,272,556,0,26,1
560,94,261,329,0,70,1
560,99,383,145,0,-249,0
560,100,180,228,0,83,1
560,101,477,703,0,-174,1
560,103,228,536,0,-263,1
560,104,399,146,0,59,1
560,105,555,306,0,32,1
560,106,118,566,0,11,1
560,107,263,339,0,-200,1
560,108,331,62,0,-120,1
560,110,80,597,0,-150,1
560,111,128,561,0,22,1
560,112,552,310,0,48,1
560,113,404,243,0,-259,1
560,114,104,616,0,27,0
561,0,374,431,0,43,0
561,1,369,743,0,-267,0
561,2,20,520,0,86,0
561,3,196,120,0,-219,0
561,4,694,321,0,-108,0
561,5,574,498,0,-14,0
561,6,736,113,0,-84,0
561,7,433,169,0,-237,0
561,8,488,431,0,65,0
561,9,208,674,0,-50,0
561,10,589,710,0,19,0
561,11,474,653,0,-191,0
561,12,67,493,0,-170,0
561,13,527,699,0,-248,0
561,14,105,612,0,15,0
561,15,227,470,0,-194,0
561,16,554,463,0,-13,0
561,17,338,280,0,-182,0
561,18,638,633,0,-10,0
561,19,48,714,0,73,0
561,23,250,306,0,35,1
561,39,239,709,0,36,1
561,46,164,386,0,-104,1
561,53,578,307,0,53,1
561,54,551,239,0,-92,1
561,64,403,234,0,70,1
561,68,237,258,0,-218,1
561,69,521,316,0,-202,1
561,72,730,93,0,-209,1
561,74,600,737,0,-199,0
561,75,353,111,0,-238,0
561,78,373,139,0,-117,1
561,85,663,577,0,-267,0
561,88,489,170,0,-74,1
561,89,233,537,0,-88,1
561,92,270,553,0,26,1
561,94,258,327,0,56,1
561,99,380,146,0,-249,0
561,100,177,227,0,70,1
561,101,475,706,0,-204,1
561,103,225,536,0,-263,1
561,104,396,145,0,59,1
561,105,554,304,0,22,1
561,106,117,563,0,11,1
561,107,262,342,0,-200,1
561,108,334,63,0,-120,1
561,110,82,600,0,-150,1
561,111,128,558,0,7,1
561,112,550,308,0,48,1
561,113,401,244,0,-259,1
561,114,103,613,0,27,0
561,115,551,239,0,-92,1
562,0,372,429,0,38,0
562,1,366,743,0,-267,0
562,2,18,519,0,69,0
562,3,194,123,0,-219,0
562,4,697,322,0,-108,0
562,5,574,495,0,-14,0
562,6,739,112,0,-84,0
562,7,430,170,0,-237,0
562,8,485,430,0,65,0
562,9,210,672,0,-50,0
562,10,588,707,0,19,0
562,11,474,656,0,-191,0
562,12,67,496,0,-170,0
562,13,524,700,0,-248,0
562,14,104,609,0,15,0
562,15,227,473,0,-194,0
562,16,555,460,0,-13,0
562,17,338,283,0,-179,0
562,18,638,630,0,-10,0
562,19,45,714,0,73,0
562,23,248,304,0,41,1
562,39,237,707,0,36,1
562,46,167,387,0,-104,1
562,53,576,305,0,53,1
562,54,554,239,0,-92,1
562,64,400,234,0,-269,1
562,68,235,260,0,-218,1
562,69,520,319,0,-202,1
562,72,728,95,0,-209,1
562,74,599,740,0,-199,0
562,75,351,112,0,-238,0
562,78,376,140,0,-117,1
562,85,660,577,0,-267,0
562,88,492,169,0,-74,1
562,89,236,537,0,-88,1
562,92,269,550,0,26,1
562,94,255,327,0,85,1
562,99,377,147,0,-249,0
562,100,174,227,0,86,1
562,101,474,708,0,-204,1
562,103,222,537,0,-263,1
562,104,394,143,0,59,1
562,105,552,301,0,22,1
562,106,117,560,0,11,1
562,107,261,345,0,-194,1
562,108,337,65,0,-120,1
562,110,84,602,0,-144,1
562,111,127,555,0,7,1
562,112,548,306,0,48,1
562,113,398,244,0,-266,1
562,114,101,610,0,27,0
562,115,554,239,0,-92,1
563,0,370,427,0,63,0
563,1,363,743,0,-267,0
563,2,15,518,0,69,0
563,3,192,125,0,-219,0
563,4,699,323,0,-108,0
563,5,575,492,0,-14,0
563,6,742,112,0,-84,0
563,7,429,173,0,-215,0
563,8,483,429,0,73,0
563,9,213,670,0,-50,0
563,10,587,704,0,19,0
563,11,474,659,0,-175,0
563,12,68,499,0,-170,0
563,13,521,701,0,-248,0
563,14,103,606,0,15,0
563,15,226,476,0,-194,0
563,16,555,457,0,-13,0
563,17,338,286,0,-179,0
563,18,639,627,0,-10,0
563,19,42,713,0,73,0
563,23,246,302,0,41,1
563,39,236,704,0,18,1
563,46,170,388,0,-104,1
563,53,573,303,0,53,1
563,54,557,239,0,-106,1
563,64,397,234,0,-269,1
563,68,234,262,0,-218,1
563,69,520,322,0,-188,1
563,72,727,98,0,-209,1
563,74,599,743,0,-181,0
563,75,348,114,0,-238,0
563,78,378,142,0,-117,1
563,85,657,578,0,-251,0
563,88,495,169,0,-74,1
563,89,239,536,0,-72,1
563,92,268,547,0,26,1
563,94,253,327,0,85,1
563,99,374,148,0,-249,0
563,100,171,227,0,86,1
563,101,473,711,0,-204,1
563,103,219,537,0,-263,1
563,104,391,141,0,59,1
563,105,551,298,0,22,1
563,106,116,557,0,11,1
563,107,260,348,0,-194,1
563,108,339,66,0,-120,1
563,110,85,605,0,-144,1
563,111,127,552,0,7,1
563,112,546,304,0,48,1
563,113,395,244,0,-266,1
563,114,100,608,0,27,0
563,115,557,239,0,-92,1
564,0,367,426,0,63,0
564,1,360,743,0,-267,0
564,2,12,517,0,69,0
564,3,190,127,0,-219,0
564,4,702,324,0,-108,0
564,5,575,489,0,-2,0
564,6,745,112,0,-84,0
564,7,427,175,0,-215,0
564,8,480,428,0,73,0
564,9,214,667,0,-36,0
564,10,586,701,0,19,0
564,11,474,662,0,-175,0
564,12,68,502,0,-170,0
564,13,519,702,0,-248,0
564,14,103,603,0,6,0
564,15,225,479,0,-194,0
564,16,556,454,0,-13,0
564,17,338,289,0,-179,0
564,18,639,624,0,-10,0
564,19,39,712,0,73,0
564,23,244,299,0,41,1
564,39,235,701,0,18,1
564,46,172,388,0,-104,1
564,53,571,301,0,53,1
564,54,560,240,0,-106,1
564,64,394,234,0,-269,1
564,68,232,265,0,-218,1
564,69,519,325,0,-188,1
564,72,725,101,0,-209,1
564,74,599,746,0,-181,0
564,75,346,116,0,-238,0
564,78,381,143,0,-117,1
564,85,654,579,0,-251,0
564,88,498,168,0,-74,1
564,89,241,535,0,-74,1
564,92,266,545,0,38,1
564,94,250,327,0,85,1
564,99,372,150,0,-249,0
564,100,168,228,0,-248,1
564,101,472,714,0,-204,1
564,103,216,538,0,-263,1
564,104,388,140,0,59,1
564,105,550,295,0,22,1
564,106,115,554,0,11,1
564,107,260,351,0,-194,1
564,108,342,67,0,-96,1
564,110,88,606,0,-118,1
564,111,126,549,0,7,1
564,112,544,302,0,48,1
564,113,392,244,0,-266,1
564,114,99,605,0,27,0
564,115,560,239,0,-92,1
565,0,364,424,0,57,0
565,1,357,744,0,-267,0
565,2,10,515,0,43,0
565,3,188,130,0,-219,0
565,4,705,325,0,-108,0
565,5,575,486,0,-2,0
565,6,747,110,0,-57,0
565,7,425,178,0,-215,0
565,8,477,429,0,-258,0
565,9,216,665,0,-36,0
565,10,584,699,0,47,0
565,11,473,665,0,-196,0
565,12,69,505,0,-170,0
565,13,516,704,0,-234,0
565,14,103,600,0,6,0
565,15,225,482,0,-194,0
565,16,556,451,0,1,0
565,17,337,292,0,-203,0
565,18,640,621,0,-10,0
565,19,37,710,0,44,0
565,23,242,297,0,41,1
565,39,234,698,0,18,1
565,46,175,389,0,-99,1
565,53,569,299,0,53,1
565,54,563,241,0,-106,1
565,64,391,234,0,-269,1
565,68,230,267,0,-218,1
565,69,519,328,0,-188,1
565,72,724,103,0,-209,1
565,74,599,749,0,-181,0
565,75,343,117,0,-238,0
565,78,384,144,0,-117,1
565,85,651,580,0,-246,0
565,88,501,167,0,-74,1
565,89,244,534,0,-74,1
565,92,264,543,0,38,1
565,94,247,326,0,85,1
565,99,369,151,0,-249,0
565,100,165,229,0,-248,1
565,101,471,717,0,-204,1
565,103,213,538,0,-263,1
565,104,386,138,0,59,1
565,105,549,293,0,22,1
565,106,115,551,0,11,1
565,107,259,353,0,-194,1
565,108,345,67,0,-96,1
565,110,91,607,0,-118,1
565,111,126,546,0,7,1
565,112,541,300,0,48,1
565,113,389,245,0,-266,1
565,114,97,602,0,27,0
565,115,563,239,0,-92,1
566,0,362,423,0,57,0
566,1,354,744,0,-267,0
566,2,8,512,0,43,0
566,3,186,132,0,-219,0
566,4,708,326,0,-108,0
566,5,575,483,0,-2,0
566,6,750,108,0,-57,0
566,7,424,180,0,-215,0
566,8,474,431,0,-236,0
566,9,218,663,0,-36,0
566,10,582,697,0,47,0
566,11,472,668,0,-196,0
566,12,69,508,0,-170,0
566,13,514,706,0,-234,0
566,14,102,597,0,6,0
566,15,224,485,0,-194,0
566,16,556,448,0,1,0
566,17,336,295,0,-203,0
566,18,640,618,0,-10,0
566,19,35,707,0,44,0
566,23,240,295,0,41,1
566,39,234,695,0,18,1
566,46,178,389,0,-99,1
566,53,566,298,0,53,1
566,54,566,242,0,-106,1
566,64,388,234,0,-269,1
566,68,228,269,0,-218,1
566,69,519,331,0,-188,1
566,72,723,106,0,-209,1
566,74,599,752,0,-181,0
566,75,340,118,0,-263,0
566,78,386,146,0,-117,1
566,85,649,582,0,-246,0
566,88,504,166,0,-74,1
566,89,247,533,0,-74,1
566,92,262,540,0,38,1
566,94,244,326,0,85,1
566,99,366,152,0,-249,0
566,100,162,230,0,-248,1
566,101,469,719,0,-204,1
566,103,210,539,0,-255,1
566,104,383,137,0,59,1
566,105,548,290,0,22,1
566,106,114,548,0,11,1
566,107,258,356,0,-194,1
566,108,348,67,0,-96,1
566,111,126,543,0,7,1
566,112,539,298,0,48,1
566,113,386,245,0,-266,1
566,114,96,600,0,27,0
566,115,566,239,0,-92,1
567,0,360,421,0,48,0
567,1,351,744,0,-267,0
567,2,6,510,0,43,0
567,3,185,135,0,-202,0
567,4,711,325,0,-80,0
567,5,576,480,0,-19,0
567,6,751,106,0,-34,0
567,7,422,183,0,-215,0
567,8,472,432,0,-236,0
567,9,220,661,0,-47,0
567,10,579,695,0,47,0
567,11,472,671,0,-196,0
567,12,70,511,0,-170,0
567,13,511,708,0,-234,0
567,14,102,594,0,6,0
567,15,223,488,0,-194,0
567,16,555,445,0,13,0
567,17,335,297,0,-203,0
567,18,641,615,0,-10,0
567,19,33,705,0,44,0
567,23,238,293,0,41,1
567,39,233,692,0,18,1
567,46,181,390,0,-99,1
567,53,564,296,0,53,1
567,54,569,243,0,-106,1
567,64,385,234,0,-269,1
567,68,226,272,0,-218,1
567,69,517,333,0,-207,1
567,72,721,108,0,-209,1
567,74,599,3,0,-181,0
567,75,337,118,0,-263,0
567,78,389,147,0,-105,1
567,85,646,583,0,-246,0
567,88,507,165,0,-74,1
567,89,250,533,0,-74,1
567,92,260,538,0,38,1
567,94,241,326,0,85,1
567,99,363,153,0,-244,0
567,100,160,231,0,-255,1
567,101,468,722,0,-204,1
567,103,208,540,0,-253,1
567,104,381,135,0,59,1
567,105,547,287,0,22,1
567,106,114,545,0,11,1
567,107,256,359,0,-218,1
567,108,351,68,0,-96,1
567,111,126,540,0,-5,1
567,112,537,296,0,48,1
567,113,383,245,0,-266,1
567,114,95,597,0,25,0
567,115,569,239,0,-92,1
568,0,357,419,0,48,0
568,1,348,744,0,-267,0
568,2,4,508,0,43,0
568,3,184,138,0,-202,0
568,4,714,325,0,-80,0
568,5,577,477,0,-19,0
568,6,1,103,0,-28,0
568,7,420,185,0,-215,0
568,8,469,434,0,-236,0
568,9,222,659,0,-47,0
568,10,577,693,0,47,0
568,11,471,674,0,-196,0
568,12,70,514,0,-170,0
568,13,509,709,0,-234,0
568,14,102,592,0,6,0
568,15,222,491,0,-194,0
568,16,554,442,0,13,0
568,17,333,300,0,-203,0
568,18,641,612,0,-10,0
568,19,31,703,0,44,0
568,23,236,290,0,41,1
568,39,232,690,0,18,1
568,46,184,390,0,-99,1
568,53,562,293,0,38,1
568,54,572,244,0,-106,1
568,64,382,235,0,-269,1
568,68,224,274,0,-218,1
568,69,515,335,0,-230,1
568,72,719,111,0,-219,1
568,74,599,6,0,-181,0
568,75,334,118,0,-263,0
568,78,392,147,0,-105,1
568,85,643,584,0,-246,0
568,88,509,164,0,-74,1
568,89,253,532,0,-74,1
568,92,258,536,0,38,1
568,94,238,326,0,85,1
568,99,361,154,0,-244,0
568,100,157,231,0,-255,1
568,101,467,725,0,-204,1
568,103,205,541,0,-253,1
568,104,378,134,0,59,1
568,105,546,284,0,22,1
568,106,113,542,0,11,1
568,107,255,361,0,-218,1
568,108,354,68,0,-96,1
568,111,126,537,0,-5,1
568,112,535,294,0,51,1
568,113,380,245,0,-266,1
568,114,93,594,0,25,0
568,115,572,239,0,-92,1
569,0,355,418,0,70,0
569,1,345,744,0,-267,0
569,2,2,506,0,43,0
569,3,183,140,0,-202,0
569,4,717,324,0,-82,0
569,5,578,475,0,-19,0
569,6,3,101,0,-28,0
569,7,418,188,0,-215,0
569,8,467,435,0,-244,0
569,9,225,657,0,-62,0
569,10,576,690,0,23,0
569,11,470,677,0,-196,0
569,12,71,517,0,-170,0
569,13,507,711,0,-234,0
569,14,102,589,0,-5,0
569,15,222,493,0,-194,0
569,16,554,440,0,13,0
569,17,332,303,0,-203,0
569,18,643,610,0,-34,0
569,19,29,701,0,44,0
569,23,235,287,0,19,1
569,39,231,687,0,18,1
569,46,187,391,0,-99,1
569,53,561,290,0,9,1
569,54,575,244,0,-106,1
569,64,379,235,0,-269,1
569,68,222,276,0,-218,1
569,69,512,336,0,-254,1
569,72,717,113,0,-219,1
569,74,598,9,0,-181,0
569,75,331,119,0,-263,0
569,78,395,148,0,-105,1
569,85,640,585,0,-246,0
569,88,512,164,0,-89,1
569,89,256,531,0,-74,1
569,92,256,533,0,38,1
569,94,235,324,0,67,1
569,99,358,154,0,-269,0
569,100,154,232,0,-255,1
569,101,466,728,0,-204,1
569,103,202,541,0,-253,1
569,104,375,134,0,89,1
569,105,545,281,0,22,1
569,106,113,539,0,11,1
569,107,252,363,0,-233,1
569,108,357,68,0,-96,1
569,111,126,534,0,-5,1
569,112,532,292,0,53,1
569,113,377,246,0,-266,1
569,114,92,592,0,25,0
569,115,575,239,0,-92,1
570,0,352,417,0,70,0
570,1,342,744,0,-267,0
570,2,0,504,0,43,0
570,3,182,143,0,-202,0
570,4,720,324,0,-82,0
570,5,579,472,0,-19,0
570,6,4,98,0,-28,0
570,7,417,190,0,-215,0
570,8,464,437,0,-244,0
570,9,228,656,0,-62,0
570,10,575,688,0,23,0
570,11,469,679,0,-191,0
570,12,72,520,0,-153,0
570,13,504,713,0,-234,0
570,14,102,586,0,-5,0
570,15,221,496,0,-194,0
570,16,553,437,0,13,0
570,17,332,306,0,-188,0
570,18,645,607,0,-34,0
570,19,26,699,0,44,0
570,23,234,285,0,19,1
570,39,230,684,0,18,1
570,46,190,391,0,-99,1
570,53,561,287,0,9,1
570,54,577,245,0,-106,1
570,64,376,235,0,-269,1
570,68,221,279,0,-218,1
570,69,509,336,0,-269,1
570,72,715,115,0,-219,1
570,74,599,12,0,-168,0
570,75,328,119,0,-263,0
570,78,398,149,0,-105,1
570,85,638,586,0,-246,0
570,88,515,164,0,-89,1
570,89,259,530,0,-74,1
570,92,255,531,0,38,1
570,94,232,323,0,67,1
570,99,355,154,0,-269,0
570,100,151,233,0,-255,1
570,101,464,730,0,-204,1
570,103,199,542,0,-253,1
570,104,372,134,0,89,1
570,105,544,279,0,11,1
570,106,112,536,0,11,1
570,107,249,364,0,-247,1
570,108,360,68,0,-79,1
570,111,127,531,0,-5,1
570,112,530,291,0,53,1
570,113,374,246,0,-266,1
570,114,91,589,0,25,0
570,115,578,239,0,-92,1
571,0,349,416,0,70,0
571,1,339,744,0,-267,0
571,2,748,501,0,43,0
571,3,180,146,0,-202,0
571,4,723,323,0,-82,0
571,5,580,469,0,-19,0
571,6,5,95,0,-16,0
571,7,415,192,0,-215,0
571,8,461,438,0,-244,0
571,9,230,654,0,-62,0
571,10,574,685,0,23,0
571,11,469,682,0,-191,0
571,12,74,522,0,-153,0
571,13,502,715,0,-234,0
571,14,103,583,0,-5,0
571,15,220,499,0,-209,0
571,16,552,434,0,13,0
571,17,331,309,0,-188,0
571,18,646,605,0,-34,0
571,19,24,697,0,44,0
571,23,233,282,0,19,1
571,39,230,681,0,4,1
571,46,193,392,0,-99,1
571,53,560,284,0,9,1
571,54,580,246,0,-106,1
571,64,373,235,0,-269,1
571,68,219,281,0,-208,1
571,69,506,336,0,-269,1
571,72,714,118,0,-219,1
571,74,600,15,0,-168,0
571,75,325,119,0,-263,0
571,78,401,150,0,-105,1
571,85,635,588,0,-246,0
571,88,518,164,0,-89,1
571,89,262,529,0,-74,1
571,92,253,529,0,38,1
571,94,229,322,0,67,1
571,99,352,155,0,-266,0
571,100,148,234,0,-255,1
571,101,463,733,0,-204,1
571,103,196,543,0,-253,1
571,104,369,134,0,89,1
571,105,543,276,0,11,1
571,106,112,533,0,11,1
571,107,247,365,0,-247,1
571,108,363,67,0,-79,1
571,111,127,528,0,-5,1
571,112,527,289,0,53,1
571,113,371,246,0,-266,1
571,114,90,586,0,25,0
571,115,581,239,0,-92,1
572,0,346,415,0,70,0
572,1,336,745,0,-267,0
572,2,746,499,0,43,0
572,3,179,149,0,-202,0
572,4,726,324,0,-98,0
572,5,581,466,0,-19,0
572,6,7,93,0,-45,0
572,7,413,195,0,-215,0
572,8,459,439,0,-244,0
572,9,233,654,0,-76,0
572,10,572,682,0,23,0
572,11,468,685,0,-191,0
572,12,75,525,0,-153,0
572,13,499,716,0,-234,0
572,14,103,580,0,-5,0
572,15,219,502,0,-184,0
572,16,552,431,0,13,0
572,17,331,312,0,-188,0
572,18,648,602,0,-34,0
572,19,22,695,0,44,0
572,23,232,279,0,19,1
572,39,229,678,0,4,1
572,46,196,392,0,-99,1
572,53,560,282,0,14,1
572,54,583,247,0,-106,1
572,64,370,235,0,-269,1
572,68,218,284,0,-208,1
572,69,503,336,0,-269,1
572,72,712,120,0,-214,1
572,74,600,18,0,-168,0
572,75,322,120,0,-263,0
572,78,404,150,0,-103,1
572,85,632,589,0,-246,0
572,88,521,164,0,-84,1
572,89,264,527,0,-50,1
572,92,251,526,0,38,1
572,94,227,320,0,42,1
572,99,349,156,0,-246,0
572,100,145,234,0,89,1
572,101,462,736,0,-204,1
572,103,193,544,0,-253,1
572,104,366,134,0,89,1
572,105,543,273,0,11,1
572,106,111,530,0,11,1
572,107,244,366,0,-247,1
572,108,366,67,0,-79,1
572,111,127,525,0,-5,1
572,112,525,287,0,53,1
572,113,368,246,0,-266,1
572,114,88,583,0,25,0
572,115,584,239,0,-80,1
573,0,343,414,0,70,0
573,1,333,745,0,-267,0
573,2,744,497,0,43,0
573,3,178,152,0,-202,0
573,4,729,324,0,-98,0
573,5,582,463,0,-19,0
573,6,8,90,0,-15,0
573,7,411,197,0,-215,0
573,8,457,442,0,-218,0
573,9,236,653,0,-76,0
573,10,571,679,0,23,0
573,11,466,688,0,-214,0
573,12,76,528,0,-153,0
573,13,497,718,0,-234,0
573,14,102,577,0,16,0
573,15,219,505,0,-184,0
573,16,551,428,0,13,0
573,17,331,315,0,-188,0
573,18,650,600,0,-34,0
573,19,21,692,0,31,0
573,23,231,276,0,19,1
573,39,229,675,0,4,1
573,46,199,393,0,-99,1
573,53,559,279,0,14,1
573,54,586,248,0,-106,1
573,64,367,235,0,-269,1
573,68,216,287,0,-208,1
573,69,500,336,0,-269,1
573,72,710,123,0,-214,1
573,74,601,21,0,-168,0
573,75,319,120,0,-263,0
573,78,407,150,0,-88,1
573,85,629,590,0,-246,0
573,88,524,164,0,-84,1
573,89,266,526,0,-50,1
573,92,249,524,0,38,1
573,94,226,317,0,31,1
573,99,346,157,0,-246,0
573,100,142,234,0,89,1
573,101,461,739,0,-204,1
573,103,190,545,0,-253,1
573,104,363,134,0,89,1
573,105,542,270,0,11,1
573,106,111,527,0,-1,1
573,107,241,368,0,-247,1
573,108,369,66,0,-79,1
573,111,127,522,0,-5,1
573,112,523,285,0,53,1
573,113,365,247,0,-266,1
573,114,86,581,0,41,0
573,115,587,238,0,-80,1
574,0,341,413,0,70,0
574,1,330,745,0,-267,0
574,2,742,495,0,43,0
574,3,178,155,0,-178,0
574,4,732,324,0,-98,0
574,5,583,460,0,-19,0
574,6,9,87,0,-15,0
574,7,410,200,0,-215,0
574,8,455,444,0,-218,0
574,9,239,652,0,-76,0
574,10,570,677,0,23,0
574,11,465,690,0,-214,0
574,12,78,530,0,-153,0
574,13,494,720,0,-234,0
574,14,101,574,0,16,0
574,15,219,508,0,-184,0
574,16,550,425,0,13,0
574,17,330,318,0,-188,0
574,18,651,597,0,-34,0
574,19,19,689,0,31,0
574,23,230,273,0,19,1
574,39,229,672,0,4,1
574,46,202,393,0,-99,1
574,53,558,276,0,14,1
574,54,589,248,0,-106,1
574,64,364,235,0,-269,1
574,68,215,289,0,-208,1
574,69,497,336,0,-269,1
574,72,709,125,0,-214,1
574,74,602,24,0,-168,0
574,75,316,121,0,-263,0
574,78,410,150,0,-88,1
574,85,627,591,0,-246,0
574,88,527,164,0,-84,1
574,89,269,524,0,-50,1
574,92,247,522,0,38,1
574,94,224,315,0,31,1
574,99,343,158,0,-246,0
574,100,139,234,0,89,1
574,101,460,741,0,-204,1
574,103,187,546,0,-253,1
574,104,360,134,0,89,1
574,105,542,267,0,11,1
574,106,111,524,0,1,1
574,107,238,369,0,-247,1
574,108,372,66,0,-79,1
574,111,128,519,0,-5,1
574,112,520,283,0,53,1
574,113,362,247,0,-266,1
574,114,84,579,0,41,0
574,115,590,238,0,-80,1
575,0,338,412,0,70,0
575,1,327,745,0,-267,0
575,2,739,494,0,72,0
575,3,179,158,0,-174,0
575,4,735,325,0,-101,0
575,5,584,457,0,-19,0
575,6,9,84,0,-15,0
575,7,408,202,0,-215,0
575,8,453,446,0,-218,0
575,9,241,650,0,-47,0
575,10,569,674,0,23,0
575,11,463,693,0,-214,0
575,12,79,533,0,-153,0
575,13,492,722,0,-234,0
575,14,100,571,0,16,0
575,15,219,511,0,-184,0
575,16,550,422,0,13,0
575,17,329,321,0,-193,0
575,18,652,594,0,-17,0
575,19,18,687,0,31,0
575,23,229,270,0,19,1
575,39,228,669,0,22,1
575,46,205,394,0,-100,1
575,53,558,273,0,14,1
575,54,591,250,0,-130,1
575,64,361,235,0,-269,1
575,68,214,292,0,-208,1
575,69,494,336,0,-269,1
575,72,707,128,0,-214,1
575,74,602,27,0,-168,0
575,75,313,121,0,-263,0
575,78,413,150,0,-88,1
575,85,624,592,0,-246,0
575,88,530,163,0,-84,1
575,89,271,522,0,-50,1
575,92,245,519,0,38,1
575,94,223,312,0,31,1
575,99,341,160,0,-234,0
575,100,136,234,0,89,1
575,101,458,744,0,-204,1
575,103,185,547,0,-253,1
575,104,357,134,0,89,1
575,105,541,264,0,11,1
575,106,111,521,0,1,1
575,107,236,370,0,-247,1
575,108,375,65,0,-79,1
575,111,128,516,0,-5,1
575,112,518,282,0,53,1
575,113,359,247,0,-266,1
575,114,82,577,0,41,0
575,115,593,237,0,-80,1
576,0,335,410,0,49,0
576,1,324,745,0,-267,0
576,2,736,493,0,72,0
576,3,179,160,0,-174,0
576,4,738,326,0,-101,0
576,5,585,455,0,-19,0
576,6,10,81,0,-15,0
576,7,405,204,0,-243,0
576,8,451,449,0,-218,0
576,9,243,648,0,-47,0
576,10,568,671,0,23,0
576,11,461,695,0,-214,0
576,12,81,536,0,-153,0
576,13,490,723,0,-234,0
576,14,100,568,0,16,0
576,15,219,514,0,-184,0
576,16,549,419,0,13,0
576,17,329,324,0,-185,0
576,18,653,591,0,-17,0
576,19,16,684,0,31,0
576,23,228,268,0,19,1
576,39,227,666,0,22,1
576,46,208,394,0,-100,1
576,53,557,270,0,14,1
576,54,594,251,0,-103,1
576,64,359,236,0,-240,1
576,68,212,295,0,-208,1
576,69,491,336,0,-269,1
576,72,705,130,0,-221,1
576,74,603,30,0,-168,0
576,75,310,121,0,-263,0
576,78,416,150,0,-88,1
576,85,621,594,0,-246,0
576,88,533,163,0,-84,1
576,89,273,520,0,-57,1
576,92,244,517,0,33,1
576,94,221,310,0,31,1
576,99,338,162,0,-234,0
576,100,133,234,0,89,1
576,101,457,747,0,-204,1
576,103,182,548,0,-253,1
576,104,354,134,0,89,1
576,105,541,261,0,11,1
576,106,110,519,0,26,1
576,107,233,370,0,84,1
576,108,378,64,0,-79,1
576,111,128,513,0,-5,1
576,112,515,280,0,53,1
576,113,356,247,0,-266,1
576,114,80,574,0,41,0
576,115,596,237,0,-85,1
577,0,333,408,0,49,0
577,1,321,745,0,-267,0
577,2,733,492,0,72,0
577,3,179,163,0,-174,0
577,4,741,326,0,-101,0
577,5,586,452,0,-19,0
577,6,11,78,0,-15,0
577,7,403,205,0,-243,0
577,8,449,451,0,-218,0
577,9,246,646,0,-47,0
577,10,566,668,0,23,0
577,11,460,698,0,-214,0
577,12,82,538,0,-153,0
577,13,487,725,0,-234,0
577,14,99,565,0,16,0
577,15,218,517,0,-184,0
577,16,548,416,0,13,0
577,17,329,327,0,-185,0
577,18,653,588,0,-5,0
577,19,16,681,0,7,0
577,23,227,265,0,19,1
577,39,226,664,0,22,1
577,46,211,395,0,-100,1
577,53,555,268,0,42,1
577,54,597,252,0,-103,1
577,64,356,238,0,-240,1
577,68,211,297,0,-208,1
577,69,488,336,0,-269,1
577,72,703,132,0,-221,1
577,74,605,32,0,-140,0
577,75,307,122,0,-263,0
577,78,419,150,0,-88,1
577,85,618,595,0,-246,0
577,88,536,163,0,-84,1
577,89,276,518,0,-57,1
577,92,242,514,0,33,1
577,94,219,307,0,31,1
577,99,336,164,0,-234,0
577,100,130,233,0,83,1
577,101,456,749,0,-209,1
577,103,179,549,0,-253,1
577,104,351,134,0,-265,1
577,105,541,258,0,-7,1
577,106,108,516,0,26,1
577,107,230,369,0,84,1
577,108,381,65,0,-109,1
577,111,129,510,0,-5,1
577,112,513,278,0,39,1
577,113,353,247,0,-266,1
577,114,78,572,0,41,0
577,115,599,237,0,-85,1
578,0,331,406,0,49,0
578,1,318,745,0,-267,0
578,2,730,491,0,72,0
578,3,181,166,0,-146,0
578,4,743,327,0,-101,0
578,5,587,449,0,-19,0
578,6,12,76,0,-15,0
578,7,400,206,0,-243,0
578,8,448,454,0,-203,0
578,9,247,643,0,-32,0
578,10,565,666,0,23,0
578,11,458,700,0,-214,0
578,12,84,540,0,-136,0
578,13,485,727,0,-234,0
578,14,98,562,0,16,0
578,15,218,520,0,-184,0
578,16,547,413,0,13,0
578,17,330,330,0,-159,0
578,18,654,585,0,-5,0
578,19,15,678,0,16,0
578,23,226,262,0,19,1
578,39,224,661,0,22,1
578,46,214,395,0,-100,1
578,53,553,265,0,42,1
578,54,600,253,0,-118,1
578,64,354,239,0,-240,1
578,68,209,300,0,-208,1
578,69,485,336,0,-269,1
578,72,701,135,0,-218,1
578,74,607,34,0,-143,0
578,75,304,122,0,-263,0
578,78,422,150,0,-89,1
578,85,616,596,0,-246,0
578,88,539,162,0,-84,1
578,89,278,517,0,-57,1
578,92,240,512,0,33,1
578,94,218,305,0,35,1
578,99,334,165,0,-234,0
578,100,128,231,0,54,1
578,101,455,752,0,-193,1
578,103,176,550,0,-238,1
578,104,348,134,0,89,1
578,105,540,255,0,19,1
578,106,107,513,0,26,1
578,107,227,369,0,84,1
578,108,384,66,0,-109,1
578,111,129,507,0,-5,1
578,112,512,275,0,39,1
578,113,350,248,0,-266,1
578,114,76,570,0,41,0
578,115,602,236,0,-85,1
579,0,329,404,0,49,0
579,1,315,746,0,-267,0
579,2,728,490,0,72,0
579,3,183,168,0,-144,0
579,4,746,327,0,-101,0
579,5,588,446,0,-19,0
579,6,13,73,0,-15,0
579,7,397,208,0,-243,0
579,8,447,456,0,-209,0
579,9,249,641,0,-32,0
579,10,564,663,0,23,0
579,11,456,703,0,-214,0
579,12,86,543,0,-136,0
579,13,482,729,0,-234,0
579,14,97,559,0,16,0
579,15,218,523,0,-184,0
579,16,546,411,0,33,0
579,17,331,332,0,-159,0
579,18,655,583,0,-21,0
579,19,15,675,0,6,0
579,23,225,259,0,19,1
579,39,223,658,0,22,1
579,46,217,396,0,-100,1
579,53,551,263,0,42,1
579,54,602,255,0,-118,1
579,64,351,241,0,-240,1
579,68,207,302,0,-222,1
579,69,482,336,0,-269,1
579,72,699,137,0,-218,1
579,74,608,37,0,-143,0
579,75,301,122,0,-263,0
579,78,425,150,0,-89,1
579,85,613,596,0,-264,0
579,88,542,164,0,-114,1
579,89,281,515,0,-57,1
579,92,239,509,0,33,1
579,94,216,302,0,35,1
579,99,331,167,0,-234,0
579,100,125,230,0,54,1
579,101,454,3,0,-193,1
579,103,174,552,0,-238,1
579,104,345,134,0,89,1
579,105,539,252,0,19,1
579,106,106,511,0,26,1
579,107,224,369,0,84,1
579,108,386,67,0,-109,1
579,111,129,504,0,-5,1
579,112,510,273,0,39,1
579,113,347,248,0,-266,1
579,114,74,568,0,41,0
579,115,605,236,0,-85,1
580,0,326,402,0,49,0
580,1,312,746,0,-267,0
580,2,725,488,0,45,0
580,3,184,171,0,-144,0
580,4,749,328,0,-101,0
580,5,589,443,0,-19,0
580,6,13,70,0,-15,0
580,7,395,209,0,-243,0
580,8,445,459,0,-209,0
580,9,250,638,0,-32,0
580,10,563,660,0,23,0
580,11,455,705,0,-214,0
580,12,88,545,0,-136,0
580,13,480,731,0,-234,0
580,14,96,556,0,16,0
580,15,218,526,0,-184,0
580,16,544,408,0,33,0
580,17,333,335,0,-150,0
580,18,656,580,0,-21,0
580,19,14,673,0,6,0
580,23,224,256,0,19,1
580,39,222,655,0,22,1
580,46,220,396,0,-100,1
580,53,549,261,0,42,1
580,54,605,256,0,-118,1
580,64,348,242,0,-240,1
580,68,205,304,0,-222,1
580,69,479,337,0,-269,1
580,72,697,139,0,-218,1
580,74,610,39,0,-143,0
580,75,299,122,0,77,0
580,78,428,150,0,-107,1
580,85,610,597,0,-264,0
580,88,544,166,0,-135,1
580,89,284,514,0,-60,1
580,92,237,507,0,45,1
580,94,214,300,0,35,1
580,99,329,169,0,-224,0
580,100,123,228,0,54,1
580,101,454,6,0,-193,1
580,103,171,553,0,-238,1
580,104,342,134,0,89,1
580,105,538,249,0,19,1
580,106,104,508,0,26,1
580,107,221,368,0,84,1
580,108,389,68,0,-109,1
580,111,129,501,0,-5,1
580,112,508,270,0,39,1
580,113,344,248,0,-266,1
580,114,72,565,0,41,0
580,115,608,236,0,-85,1
580,116,342,134,0,89,1
581,0,324,400,0,49,0
581,1,309,746,0,-267,0
581,2,723,486,0,45,0
581,3,186,173,0,-144,0
581,4,752,328,0,-101,0
581,5,590,440,0,-19,0
581,6,14,67,0,-15,0
581,7,392,210,0,-243,0
581,8,444,462,0,-209,0
581,9,253,637,0,-60,0
581,10,562,657,0,23,0
581,11,453,708,0,-214,0
581,12,90,547,0,-136,0
581,13,477,732,0,-234,0
581,14,95,554,0,20,0
581,15,218,529,0,-184,0
581,16,543,406,0,33,0
581,17,335,337,0,-136,0
581,18,655,577,0,4,0
581,19,13,670,0,15,0
581,23,223,253,0,19,1
581,39,222,652,0,-4,1
581,46,223,397,0,-100,1
581,53,547,259,0,42,1
581,54,608,257,0,-118,1
581,64,346,244,0,-240,1
581,68,203,307,0,-222,1
581,69,476,337,0,-269,1
581,72,695,141,0,-227,1
581,74,612,41,0,-143,0
581,75,296,122,0,-261,0
581,78,430,151,0,-107,1
581,85,607,597,0,-264,0
581,88,546,168,0,-135,1
581,89,286,513,0,-83,1
581,92,234,505,0,45,1
581,94,213,297,0,35,1
581,99,327,171,0,-224,0
581,100,120,226,0,54,1
581,101,453,9,0,-193,1
581,103,169,555,0,-238,1
581,104,339,134,0,89,1
581,105,538,246,0,0,1
581,106,103,505,0,26,1
581,107,218,368,0,84,1
581,108,392,69,0,-109,1
581,111,130,498,0,-5,1
581,112,506,268,0,44,1
581,113,341,248,0,-266,1
581,114,71,563,0,41,0
581,115,611,236,0,-85,1
581,116,339,134,0,89,1
582,0,322,398,0,49,0
582,1,306,746,0,-267,0
582,2,721,484,0,45,0
582,3,188,176,0,-144,0
582,4,3,329,0,-101,0
582,5,591,438,0,-19,0
582,6,15,64,0,-15,0
582,7,389,212,0,-243,0
582,8,444,465,0,-186,0
582,9,256,635,0,-60,0
582,10,560,655,0,23,0
582,11,451,710,0,-214,0
582,12,92,550,0,-156,0
582,13,475,734,0,-234,0
582,14,94,551,0,20,0
582,15,217,532,0,-184,0
582,16,541,403,0,33,0
582,17,337,339,0,-136,0
582,18,655,574,0,4,0
582,19,14,667,0,-13,0
582,23,223,251,0,19,1
582,39,223,649,0,-4,1
582,46,226,398,0,-100,1
582,53,545,256,0,42,1
582,54,610,259,0,-118,1
582,64,343,245,0,-240,1
582,68,201,309,0,-222,1
582,69,473,337,0,-269,1
582,72,693,143,0,-227,1
582,74,614,44,0,-143,0
582,75,293,123,0,-261,0
582,78,433,152,0,-107,1
582,85,604,597,0,-264,0
582,88,548,170,0,-135,1
582,89,289,513,0,-83,1
582,92,232,503,0,45,1
582,94,212,294,0,12,1
582,99,325,173,0,-224,0
582,100,118,224,0,54,1
582,101,453,12,0,-179,1
582,103,166,557,0,-238,1
582,104,336,134,0,89,1
582,105,539,243,0,-14,1
582,106,103,502,0,0,1
582,107,215,368,0,84,1
582,108,395,70,0,-109,1
582,111,130,495,0,-5,1
582,112,504,266,0,44,1
582,113,338,249,0,-266,1
582,114,69,561,0,41,0
582,115,614,235,0,-85,1
582,116,336,134,0,89,1
583,0,320,396,0,49,0
583,1,303,746,0,-267,0
583,2,719,482,0,45,0
583,3,189,179,0,-162,0
583,4,6,328,0,-72,0
583,5,591,435,0,-3,0
583,6,15,61,0,0,0
583,7,387,213,0,-243,0
583,8,443,468,0,-186,0
583,9,258,634,0,-60,0
583,10,559,652,0,23,0
583,11,450,713,0,-214,0
583,12,93,552,0,-156,0
583,13,473,736,0,-234,0
583,14,93,548,0,20,0
583,15,217,535,0,-184,0
583,16,539,401,0,33,0
583,17,339,341,0,-121,0
583,18,654,571,0,30,0
583,19,15,664,0,-13,0
583,23,222,248,0,19,1
583,39,221,647,0,25,1
583,46,229,398,0,-100,1
583,53,543,254,0,42,1
583,54,613,261,0,-127,1
583,64,341,247,0,-240,1
583,68,199,311,0,-222,1
583,69,470,337,0,-270,1
583,72,691,145,0,-227,1
583,74,616,46,0,-143,0
583,75,290,123,0,-261,0
583,78,436,153,0,-107,1
583,85,601,597,0,-264,0
583,88,551,172,0,-135,1
583,89,292,513,0,-83,1
583,92,230,501,0,45,1
583,94,211,291,0,12,1
583,99,323,176,0,-224,0
583,100,116,223,0,54,1
583,101,453,15,0,-179,1
583,103,164,559,0,-226,1
583,104,333,134,0,89,1
583,105,540,241,0,-14,1
583,106,103,499,0,0,1
583,107,212,367,0,84,1
583,108,398,71,0,-109,1
583,111,130,492,0,-5,1
583,112,502,264,0,44,1
583,113,335,249,0,-266,1
583,114,67,559,0,41,0
583,115,617,235,0,-85,1
583,116,333,134,0,89,1
584,0,317,394,0,49,0
584,1,300,746,0,-267,0
584,2,717,480,0,45,0
584,3,190,181,0,-162,0
584,4,9,329,0,-100,0
584,5,591,432,0,-3,0
584,6,15,58,0,0,0
584,7,384,215,0,-238,0
584,8,442,470,0,-201,0
584,9,261,633,0,-66,0
584,10,557,650,0,53,0
584,11,448,715,0,-214,0
584,12,94,555,0,-156,0
584,13,470,738,0,-234,0
584,14,92,545,0,20,0
584,15,216,538,0,-208,0
584,16,538,398,0,33,0
584,17,342,342,0,-121,0
584,18,652,569,0,30,0
584,19,15,661,0,-13,0
584,23,221,245,0,19,1
584,39,220,644,0,25,1
584,46,232,397,0,-77,1
584,53,541,252,0,42,1
584,54,615,262,0,-127,1
584,64,338,248,0,-240,1
584,68,197,313,0,-222,1
584,69,467,337,0,-270,1
584,72,689,147,0,-227,1
584,74,617,49,0,-152,0
584,75,287,124,0,-261,0
584,78,439,154,0,-107,1
584,85,598,598,0,-264,0
584,88,553,174,0,-135,1
584,89,295,512,0,-83,1
584,92,228,499,0,63,1
584,94,211,288,0,12,1
584,99,321,178,0,-224,0
584,100,113,221,0,54,1
584,101,453,18,0,-179,1
584,103,162,561,0,-233,1
584,104,330,134,0,89,1
584,105,540,238,0,-14,1
584,106,103,496,0,0,1
584,107,209,367,0,84,1
584,108,401,72,0,-109,1
584,111,130,489,0,-5,1
584,112,500,262,0,44,1
584,113,332,249,0,-266,1
584,114,65,556,0,41,0
584,115,620,234,0,-70,1
584,116,330,134,0,89,1
585,0,315,392,0,59,0
585,1,297,746,0,-267,0
585,2,715,477,0,31,0
585,3,189,184,0,-189,0
585,4,12,329,0,-100,0
585,5,591,429,0,-3,0
585,6,15,55,0,0,0
585,7,382,216,0,-235,0
585,8,440,473,0,-220,0
585,9,264,631,0,-66,0
585,10,554,649,0,79,0
585,11,447,718,0,-214,0
585,12,95,558,0,-156,0
585,13,468,739,0,-234,0
585,14,91,542,0,20,0
585,15,214,540,0,-208,0
585,16,536,396,0,33,0
585,17,345,344,0,-121,0
585,18,651,566,0,20,0
585,19,15,658,0,5,0
585,23,220,242,0,19,1
585,39,219,641,0,25,1
585,46,234,396,0,-58,1
585,53,539,250,0,42,1
585,54,618,264,0,-127,1
585,64,335,250,0,-240,1
585,68,195,316,0,-222,1
585,69,464,337,0,-270,1
585,72,686,150,0,-227,1
585,74,618,52,0,-152,0
585,75,284,124,0,-261,0
585,78,442,155,0,-107,1
585,85,595,598,0,-264,0
585,88,555,176,0,-135,1
585,89,298,512,0,-83,1
585,92,225,498,0,63,1
585,94,211,285,0,-7,1
585,99,319,180,0,-224,0
585,100,111,219,0,54,1
585,101,453,21,0,-179,1
585,103,159,562,0,-233,1
585,104,327,134,0,89,1
585,105,540,235,0,5,1
585,106,104,493,0,-21,1
585,107,206,366,0,77,1
585,108,403,73,0,-109,1
585,111,131,486,0,-5,1
585,112,497,260,0,44,1
585,113,329,249,0,83,1
585,114,62,554,0,47,0
585,115,623,233,0,-70,1
585,116,327,135,0,-247,1
586,0,312,392,0,88,0
586,1,294,747,0,-267,0
586,2,714,474,0,31,0
586,3,189,187,0,-189,0
586,4,15,330,0,-100,0
586,5,592,426,0,-3,0
586,6,16,52,0,-15,0
586,7,379,218,0,-235,0
586,8,438,475,0,-220,0
586,9,267,631,0,-79,0
586,10,551,649,0,81,0
586,11,445,720,0,-214,0
586,12,96,561,0,-156,0
586,13,465,741,0,-234,0
586,14,90,540,0,20,0
586,15,213,543,0,-208,0
586,16,534,393,0,33,0
586,17,347,345,0,-121,0
586,18,650,563,0,20,0
586,19,15,655,0,5,0
586,23,219,239,0,19,1
586,39,218,638,0,25,1
586,46,236,394,0,-41,1
586,53,537,247,0,42,1
586,54,620,267,0,-139,1
586,64,333,251,0,-240,1
586,68,193,318,0,-222,1
586,69,461,337,0,-270,1
586,72,684,152,0,-227,1
586,74,620,54,0,-152,0
586,75,281,125,0,-261,0
586,78,445,156,0,-107,1
586,85,592,598,0,-264,0
586,88,557,178,0,-135,1
586,89,301,511,0,-65,1
586,92,222,497,0,63,1
586,94,212,282,0,-7,1
586,99,317,182,0,-224,0
586,100,108,217,0,54,1
586,101,453,24,0,-179,1
586,103,157,564,0,-233,1
586,104,324,132,0,62,1
586,105,540,232,0,5,1
586,106,105,491,0,-18,1
586,107,203,366,0,77,1
586,108,406,74,0,-109,1
586,111,131,483,0,-5,1
586,112,495,257,0,44,1
586,113,326,248,0,83,1
586,114,60,552,0,47,0
586,115,626,232,0,-71,1
586,116,325,136,0,-247,1
586,117,108,217,0,54,1
587,0,309,391,0,60,0
587,1,291,747,0,-267,0
587,2,713,472,0,22,0
587,3,188,190,0,-189,0
587,4,18,330,0,-100,0
587,5,591,423,0,13,0
587,6,17,49,0,-15,0
587,7,377,220,0,-235,0
587,8,436,477,0,-220,0
587,9,270,630,0,-79,0
587,10,548,648,0,81,0
587,11,443,723,0,-223,0
587,12,98,563,0,-156,0
587,13,463,743,0,-234,0
587,14,89,537,0,20,0
587,15,212,546,0,-200,0
587,16,533,391,0,33,0
587,17,350,347,0,-121,0
587,18,649,560,0,20,0
587,19,15,652,0,5,0
587,23,218,236,0,19,1
587,39,216,636,0,25,1
587,46,238,391,0,-41,1
587,53,536,245,0,18,1
587,54,622,269,0,-139,1
587,64,330,253,0,-240,1
587,68,191,320,0,-222,1
587,69,458,337,0,-270,1
587,72,682,154,0,-227,1
587,74,621,57,0,-152,0
587,75,278,125,0,-261,0
587,78,448,157,0,-111,1
587,85,589,599,0,-264,0
587,88,558,181,0,-150,1
587,89,304,509,0,-65,1
587,92,220,494,0,39,1
587,94,212,279,0,-7,1
587,99,314,184,0,-224,0
587,100,107,214,0,27,1
587,101,454,27,0,-171,1
587,103,155,566,0,-233,1
587,104,322,131,0,62,1
587,105,540,229,0,5,1
587,106,106,488,0,-18,1
587,107,200,365,0,77,1
587,108,409,76,0,-128,1
587,111,131,480,0,-5,1
587,112,493,255,0,44,1
587,113,323,248,0,83,1
587,114,58,550,0,47,0
587,115,628,231,0,-71,1
587,116,322,137,0,-247,1
587,117,106,215,0,54,1
588,0,306,389,0,60,0
588,1,288,747,0,-267,0
588,2,712,469,0,22,0
588,3,189,193,0,-160,0
588,4,21,331,0,-100,0
588,5,590,420,0,13,0
588,6,17,46,0,-15,0
588,7,374,222,0,-235,0
588,8,434,480,0,-220,0
588,9,272,629,0,-76,0
588,10,545,648,0,81,0
588,11,441,725,0,-223,0
588,12,99,566,0,-156,0
588,13,461,745,0,-234,0
588,14,88,534,0,20,0
588,15,211,549,0,-200,0
588,16,531,388,0,33,0
588,17,351,349,0,-143,0
588,18,648,557,0,20,0
588,19,14,649,0,5,0
588,23,217,234,0,19,1
588,39,216,633,0,10,1
588,46,240,389,0,-41,1
588,53,535,242,0,18,1
588,54,623,271,0,-139,1
588,64,328,254,0,-240,1
588,68,189,322,0,-237,1
588,69,455,337,0,-270,1
588,72,680,156,0,-227,1
588,74,623,60,0,-152,0
588,75,275,125,0,-261,0
588,78,450,158,0,-111,1
588,85,586,599,0,-264,0
588,88,560,184,0,-150,1
588,89,307,508,0,-65,1
588,92,218,492,0,39,1
588,94,212,276,0,-7,1
588,99,312,186,0,-224,0
588,100,106,212,0,27,1
588,101,454,30,0,-171,1
588,103,152,568,0,-233,1
588,104,319,129,0,62,1
588,105,539,226,0,5,1
588,106,107,485,0,-18,1
588,107,197,366,0,-258,1
588,108,411,78,0,-128,1
588,111,132,477,0,-5,1
588,112,491,253,0,44,1
588,113,320,249,0,-254,1
588,114,56,548,0,47,0
588,115,631,230,0,-71,1
588,116,319,139,0,-234,1
588,117,103,214,0,59,1
589,0,304,388,0,60,0
589,1,285,747,0,-267,0
589,2,711,466,0,22,0
589,3,189,196,0,-182,0
589,4,24,331,0,-100,0
589,5,589,417,0,13,0
589,6,18,43,0,-15,0
589,7,372,223,0,-235,0
589,8,432,482,0,-220,0
589,9,275,629,0,-76,0
589,10,542,648,0,81,0
589,11,438,726,0,-250,0
589,12,100,569,0,-153,0
589,13,458,747,0,-234,0
589,14,87,531,0,20,0
589,15,210,551,0,-200,0
589,16,529,386,0,33,0
589,17,353,352,0,-143,0
589,18,647,555,0,20,0
589,19,15,646,0,-20,0
589,23,216,231,0,19,1
589,39,214,630,0,36,1
589,46,242,387,0,-41,1
589,53,534,239,0,18,1
589,54,625,273,0,-139,1
589,64,325,256,0,-240,1
589,68,186,323,0,-237,1
589,69,452,337,0,-270,1
589,72,678,158,0,-227,1
589,74,624,62,0,-152,0
589,75,272,126,0,-261,0
589,78,453,159,0,-111,1
589,85,583,599,0,-264,0
589,88,560,187,0,-180,1
589,89,309,507,0,-65,1
589,92,217,490,0,39,1
589,94,212,273,0,3,1
589,99,310,189,0,-224,0
589,100,104,209,0,27,1
589,101,453,33,0,-198,1
589,103,150,570,0,-233,1
589,104,316,128,0,62,1
589,105,539,223,0,5,1
589,106,108,482,0,-18,1
589,107,194,366,0,-258,1
589,108,413,80,0,-128,1
589,111,132,474,0,-5,1
589,112,489,251,0,44,1
589,113,317,250,0,-254,1
589,114,54,546,0,35,0
589,115,634,230,0,-96,1
589,116,317,141,0,-224,1
589,117,101,212,0,59,1
590,0,301,387,0,67,0
590,1,282,747,0,-267,0
590,2,709,463,0,22,0
590,3,189,199,0,-182,0
590,4,27,331,0,-89,0
590,5,589,414,0,13,0
590,6,19,40,0,-15,0
590,7,369,225,0,-235,0
590,8,430,484,0,-220,0
590,9,278,628,0,-76,0
590,10,539,647,0,81,0
590,11,435,727,0,-250,0
590,12,101,571,0,-153,0
590,13,456,748,0,-234,0
590,14,86,528,0,20,0
590,15,209,554,0,-200,0
590,16,528,383,0,33,0
590,17,355,354,0,-143,0
590,18,646,552,0,20,0
590,19,16,643,0,-20,0
590,23,215,228,0,19,1
590,39,212,628,0,36,1
590,46,244,384,0,-41,1
590,53,533,236,0,18,1
590,54,627,276,0,-139,1
590,64,322,257,0,-240,1
590,68,184,325,0,-237,1
590,69,449,337,0,-270,1
590,72,675,160,0,-227,1
590,74,625,65,0,-152,0
590,75,269,126,0,-261,0
590,78,456,160,0,-111,1
590,85,580,600,0,-264,0
590,88,559,189,0,-191,1
590,89,312,506,0,-65,1
590,92,215,487,0,39,1
590,94,212,270,0,3,1
590,99,308,191,0,-224,0
590,100,103,206,0,27,1
590,101,453,35,0,-198,1
590,103,147,572,0,-233,1
590,104,314,127,0,62,1
590,105,539,220,0,5,1
590,106,107,479,0,11,1
590,107,191,367,0,-258,1
590,108,416,82,0,-128,1
590,111,132,471,0,-5,1
590,112,488,248,0,23,1
590,113,315,250,0,-254,1
590,114,52,543,0,35,0
590,115,637,231,0,-96,1
590,116,315,143,0,-224,1
590,117,98,211,0,59,1
591,0,298,385,0,67,0
591,1,279,747,0,-267,0
591,2,708,460,0,22,0
591,3,189,202,0,-182,0
591,4,30,331,0,-89,0
591,5,587,411,0,29,0
591,6,20,38,0,-15,0
591,7,367,227,0,-235,0
591,8,429,486,0,-220,0
591,9,281,627,0,-76,0
591,10,536,647,0,81,0
591,11,432,728,0,-250,0
591,12,103,574,0,-153,0
591,13,453,750,0,-234,0
591,14,85,525,0,20,0
591,15,208,557,0,-200,0
591,16,526,381,0,33,0
591,17,357,357,0,-143,0
591,18,645,549,0,20,0
591,19,18,640,0,-20,0
591,23,213,225,0,28,1
591,39,210,625,0,36,1
591,46,246,382,0,-41,1
591,53,532,233,0,18,1
591,54,630,277,0,-124,1
591,64,320,259,0,-240,1
591,68,181,325,0,-259,1
591,69,446,337,0,-270,1
591,72,673,162,0,-232,1
591,74,628,67,0,-129,0
591,75,266,127,0,-261,0
591,78,459,161,0,-111,1
591,85,577,598,0,68,0
591,88,559,192,0,-191,1
591,89,315,504,0,-65,1
591,92,213,485,0,39,1
591,94,212,267,0,3,1
591,99,306,193,0,-224,0
591,100,102,204,0,27,1
591,101,452,38,0,-198,1
591,103,145,573,0,-233,1
591,104,311,125,0,62,1
591,105,539,217,0,5,1
591,106,107,476,0,11,1
591,107,188,367,0,-258,1
591,108,418,83,0,-128,1
591,111,132,468,0,-5,1
591,112,487,245,0,23,1
591,113,312,252,0,-248,1
591,114,51,541,0,35,0
591,115,640,231,0,-96,1
591,116,313,145,0,-224,1
591,117,96,209,0,59,1
592,0,296,383,0,49,0
592,1,276,747,0,90,0
592,2,707,458,0,22,0
592,3,189,205,0,-182,0
592,4,33,331,0,-89,0
592,5,587,408,0,-1,0
592,6,20,35,0,-15,0
592,7,364,229,0,-235,0
592,8,427,489,0,-220,0
592,9,284,627,0,-76,0
592,10,533,648,0,-253,0
592,11,429,729,0,-250,0
592,12,104,577,0,-153,0
592,13,451,2,0,-234,0
592,14,84,523,0,20,0
592,15,206,560,0,-213,0
592,16,524,378,0,33,0
592,17,359,359,0,-143,0
592,18,644,546,0,20,0
592,19,19,638,0,-20,0
592,23,212,223,0,28,1
592,39,209,623,0,36,1
592,46,247,379,0,-13,1
592,53,532,230,0,18,1
592,54,633,278,0,-101,1
592,64,317,260,0,-236,1
592,68,178,326,0,-259,1
592,69,443,337,0,-270,1
592,72,671,163,0,-232,1
592,74,630,69,0,-129,0
592,75,263,127,0,-261,0
592,78,462,162,0,-111,1
592,85,574,597,0,66,0
592,88,558,195,0,-191,1
592,89,317,503,0,-65,1
592,92,211,483,0,39,1
592,94,212,264,0,3,1
592,99,304,195,0,-224,0
592,100,100,201,0,27,1
592,101,451,41,0,-198,1
592,103,143,575,0,-233,1
592,104,308,124,0,62,1
592,105,538,214,0,5,1
592,106,106,473,0,11,1
592,107,185,368,0,-258,1
592,108,420,85,0,-128,1
592,111,133,465,0,-5,1
592,112,486,243,0,23,1
592,113,309,253,0,-248,1
592,114,49,538,0,35,0
592,115,643,231,0,-96,1
592,116,311,148,0,-224,1
592,117,93,208,0,59,1
593,0,294,381,0,49,0
593,1,273,747,0,90,0
593,2,706,455,0,22,0
593,3,189,208,0,-182,0
593,4,35,332,0,-100,0
593,5,587,405,0,-1,0
593,6,21,32,0,-15,0
593,7,362,230,0,-235,0
593,8,425,491,0,-206,0
593,9,287,626,0,-76,0
593,10,530,648,0,-253,0
593,11,427,730,0,-250,0
593,12,105,579,0,-153,0
593,13,448,4,0,-234,0
593,14,83,520,0,20,0
593,15,205,562,0,-213,0
593,16,523,376,0,33,0
593,17,361,360,0,-114,0
593,18,643,543,0,20,0
593,19,20,635,0,-20,0
593,23,210,220,0,28,1
593,39,206,621,0,51,1
593,46,247,376,0,-13,1
593,53,531,227,0,18,1
593,54,636,278,0,-101,1
593,64,315,262,0,-243,1
593,68,175,327,0,-259,1
593,69,440,337,0,-270,1
593,72,669,166,0,-204,1
593,74,632,71,0,-129,0
593,75,260,128,0,-261,0
593,78,464,164,0,-129,1
593,85,572,596,0,66,0
593,88,558,198,0,-191,1
593,89,320,502,0,-65,1
593,92,209,480,0,39,1
593,94,211,261,0,3,1
593,99,302,197,0,-224,0
593,100,99,198,0,27,1
593,101,450,44,0,-198,1
593,103,140,577,0,-233,1
593,104,306,122,0,62,1
593,105,538,211,0,5,1
593,106,106,470,0,11,1
593,107,182,369,0,-258,1
593,108,423,87,0,-128,1
593,111,133,462,0,-5,1
593,112,485,240,0,23,1
593,113,306,254,0,-248,1
593,114,47,536,0,35,0
593,115,646,231,0,-91,1
593,116,309,150,0,-224,1
593,117,91,205,0,44,1
594,0,292,379,0,49,0
594,1,270,747,0,90,0
594,2,705,452,0,22,0
594,3,189,211,0,-182,0
594,4,38,332,0,-100,0
594,5,588,402,0,-13,0
594,6,22,29,0,-15,0
594,7,360,232,0,-235,0
594,8,424,494,0,-206,0
594,9,290,625,0,-76,0
594,10,528,649,0,-253,0
594,11,424,731,0,-237,0
594,12,107,582,0,-153,0
594,13,446,5,0,-234,0
594,14,82,517,0,20,0
594,15,203,565,0,-213,0
594,16,521,373,0,33,0
594,17,364,361,0,-114,0
594,18,642,541,0,20,0
594,19,21,632,0,-20,0
594,23,210,217,0,4,1
594,39,205,618,0,22,1
594,46,248,373,0,-13,1
594,53,530,225,0,21,1
594,54,639,279,0,-101,1
594,64,312,262,0,-255,1
594,68,172,327,0,-259,1
594,69,438,335,0,61,1
594,72,668,169,0,-204,1
594,74,635,72,0,-129,0
594,75,257,128,0,-261,0
594,78,466,166,0,-129,1
594,85,569,595,0,66,0
594,88,557,201,0,-191,1
594,89,323,501,0,-65,1
594,92,207,478,0,39,1
594,94,211,258,0,3,1
594,99,300,200,0,-207,0
594,100,97,196,0,41,1
594,101,449,47,0,-198,1
594,103,138,579,0,-233,1
594,104,303,121,0,62,1
594,105,537,208,0,24,1
594,106,104,467,0,20,1
594,107,180,369,0,-258,1
594,108,425,89,0,-128,1
594,111,133,459,0,-5,1
594,112,483,237,0,23,1
594,113,303,255,0,-248,1
594,114,45,534,0,64,0
594,115,649,231,0,-91,1
594,116,307,152,0,-224,1
594,117,89,203,0,44,1
595,0,289,377,0,49,0
595,1,267,747,0,90,0
595,2,704,449,0,22,0
595,3,188,214,0,-200,0
595,4,41,333,0,-100,0
595,5,589,399,0,-13,0
595,6,23,26,0,-15,0
595,7,357,234,0,-235,0
595,8,423,497,0,-193,0
595,9,293,624,0,-76,0
595,10,525,650,0,-253,0
595,11,422,733,0,-237,0
595,12,108,585,0,-153,0
595,13,444,7,0,-234,0
595,14,80,515,0,38,0
595,15,201,567,0,-216,0
595,16,520,371,0,33,0
595,17,367,363,0,-128,0
595,18,641,538,0,23,0
595,19,22,629,0,-20,0
595,23,210,214,0,4,1
595,39,204,616,0,22,1
595,46,249,370,0,-13,1
595,53,529,222,0,21,1
595,54,642,280,0,-111,1
595,64,309,263,0,-255,1
595,68,169,328,0,-259,1
595,69,435,334,0,61,1
595,72,667,172,0,-204,1
595,74,637,74,0,-129,0
595,75,254,129,0,-261,0
595,78,469,168,0,-129,1
595,85,567,592,0,40,0
595,88,556,204,0,-191,1
595,89,326,499,0,-65,1
595,92,206,475,0,28,1
595,94,211,255,0,3,1
595,99,299,202,0,-207,0
595,100,95,194,0,41,1
595,101,448,50,0,-198,1
595,103,135,581,0,-233,1
595,104,300,120,0,62,1
595,105,536,205,0,24,1
595,106,103,465,0,20,1
595,107,177,370,0,-258,1
595,108,428,91,0,-124,1
595,111,133,456,0,-5,1
595,112,481,235,0,40,1
595,113,301,256,0,-248,1
595,114,42,533,0,63,0
595,115,652,231,0,-91,1
595,116,305,154,0,-224,1
595,117,87,201,0,44,1
596,0,287,375,0,49,0
596,1,264,747,0,90,0
596,2,703,447,0,22,0
596,3,187,217,0,-200,0
596,4,44,333,0,-100,0
596,5,589,397,0,-13,0
596,6,23,23,0,-15,0
596,7,354,235,0,-241,0
596,8,423,500,0,-193,0
596,9,296,624,0,-76,0
596,10,522,651,0,-253,0
596,11,419,735,0,-237,0
596,12,110,588,0,-153,0
596,13,441,9,0,-234,0
596,14,79,512,0,38,0
596,15,199,569,0,-220,0
596,16,518,368,0,33,0
596,17,368,366,0,-152,0
596,18,640,535,0,23,0
596,19,22,626,0,4,0
596,23,210,211,0,4,1
596,39,203,613,0,22,1
596,46,248,368,0,10,1
596,53,527,219,0,21,1
596,54,644,281,0,-111,1
596,64,306,264,0,-255,1
596,68,166,328,0,-259,1
596,69,432,333,0,61,1
596,72,666,174,0,-196,1
596,74,639,76,0,-129,0
596,75,251,129,0,-261,0
596,78,471,170,0,-129,1
596,85,565,590,0,40,0
596,88,556,207,0,-191,1
596,89,329,499,0,-81,1
596,92,204,473,0,28,1
596,94,211,252,0,3,1
596,99,298,205,0,-207,0
596,100,93,192,0,41,1
596,101,447,53,0,-198,1
596,103,133,582,0,-233,1
596,104,298,118,0,62,1
596,105,534,203,0,24,1
596,106,102,462,0,20,1
596,107,174,370,0,-268,1
596,108,430,92,0,-124,1
596,111,134,453,0,-5,1
596,112,480,233,0,40,1
596,113,298,257,0,-248,1
596,114,40,531,0,48,0
596,115,655,231,0,-75,1
596,116,303,156,0,-224,1
596,117,85,199,0,44,1
597,0,285,374,0,49,0
597,1,261,747,0,90,0
597,2,702,444,0,22,0
597,3,185,220,0,-200,0
597,4,47,332,0,-76,0
597,5,590,394,0,-13,0
597,6,24,20,0,-15,0
597,7,352,237,0,-241,0
597,8,422,503,0,-193,0
597,9,299,623,0,-76,0
597,10,519,652,0,-253,0
597,11,417,736,0,-237,0
597,12,111,590,0,-153,0
597,13,439,11,0,-234,0
597,14,77,510,0,38,0
597,15,199,572,0,-197,0
597,16,516,366,0,33,0
597,17,369,369,0,-152,0
597,18,638,532,0,23,0
597,19,21,623,0,4,0
597,23,209,208,0,9,1
597,39,202,610,0,22,1
597,46,248,365,0,10,1
597,53,526,216,0,21,1
597,54,647,281,0,-82,1
597,64,303,265,0,-253,1
597,68,163,329,0,-259,1
597,69,430,331,0,61,1
597,72,665,177,0,-196,1
597,74,642,78,0,-129,0
597,75,248,129,0,80,0
597,78,473,172,0,-129,1
597,85,563,588,0,40,0
597,88,555,210,0,-191,1
597,89,332,498,0,-81,1
597,92,203,470,0,28,1
597,94,211,249,0,3,1
597,99,296,208,0,-207,0
597,100,91,189,0,41,1
597,101,446,55,0,-198,1
597,103,131,584,0,-233,1
597,104,295,117,0,62,1
597,105,533,200,0,33,1
597,106,101,459,0,20,1
597,107,171,370,0,-266,1
597,108,433,94,0,-124,1
597,111,134,450,0,-5,1
597,112,478,230,0,40,1
597,113,295,258,0,-248,1
597,114,37,530,0,63,0
597,115,658,230,0,-75,1
597,116,300,158,0,-224,1
597,117,84,196,0,15,1
598,0,283,372,0,49,0
598,1,259,749,0,-243,0
598,2,701,441,0,22,0
598,3,184,222,0,-200,0
598,4,50,332,0,-76,0
598,5,592,391,0,-30,0
598,6,25,17,0,-15,0
598,7,350,239,0,-231,0
598,8,421,506,0,-193,0
598,9,301,622,0,-76,0
598,10,516,653,0,-251,0
598,11,414,738,0,-237,0
598,12,112,593,0,-153,0
598,13,436,12,0,-234,0
598,14,75,507,0,38,0
598,15,198,575,0,-197,0
598,16,515,363,0,33,0
598,17,371,371,0,-152,0
598,18,637,529,0,23,0
598,19,22,620,0,-13,0
598,23,209,205,0,9,1
598,39,201,607,0,22,1
598,46,247,362,0,10,1
598,53,525,213,0,21,1
598,54,650,280,0,-82,1
598,64,301,267,0,-226,1
598,68,160,329,0,-259,1
598,69,427,329,0,57,1
598,72,664,180,0,-196,1
598,74,644,80,0,-129,0
598,75,246,127,0,59,0
598,78,476,173,0,-129,1
598,85,561,586,0,40,0
598,88,555,213,0,-191,1
598,89,335,498,0,-81,1
598,92,201,467,0,28,1
598,94,211,246,0,3,1
598,99,295,211,0,-199,0
598,100,89,187,0,37,1
598,101,445,58,0,-198,1
598,103,128,586,0,-233,1
598,104,292,117,0,-268,1
598,105,531,197,0,33,1
598,106,101,456,0,6,1
598,107,168,370,0,-266,1
598,108,435,96,0,-124,1
598,111,135,447,0,-29,1
598,112,476,228,0,40,1
598,113,292,259,0,-249,1
598,114,34,528,0,63,0
598,115,661,229,0,-75,1
598,116,298,160,0,-224,1
598,117,83,193,0,15,1
599,0,280,370,0,49,0
599,1,256,750,0,-243,0
599,2,699,438,0,22,0
599,3,183,225,0,-208,0
599,4,53,331,0,-76,0
599,5,593,389,0,-34,0
599,6,27,15,0,-37,0
599,7,348,241,0,-204,0
599,8,421,509,0,-193,0
599,9,304,621,0,-76,0
599,10,513,654,0,-251,0
599,11,412,740,0,-237,0
599,12,114,596,0,-153,0
599,13,434,14,0,-234,0
599,14,73,505,0,38,0
599,15,197,578,0,-197,0
599,16,513,361,0,33,0
599,17,372,374,0,-152,0
599,18,636,527,0,23,0
599,19,23,617,0,-13,0
599,23,208,202,0,9,1
599,39,200,604,0,22,1
599,46,247,359,0,-3,1
599,53,524,211,0,21,1
599,54,653,280,0,-86,1
599,64,300,270,0,-207,1
599,68,158,331,0,-245,1
599,69,425,328,0,57,1
599,72,662,182,0,-221,1
599,74,646,82,0,-129,0
599,75,243,126,0,59,0
599,78,478,175,0,-129,1
599,85,559,583,0,40,0
599,88,554,216,0,-191,1
599,89,338,497,0,-81,1
599,92,200,465,0,28,1
599,94,210,243,0,3,1
599,99,294,213,0,-199,0
599,100,87,185,0,37,1
599,101,444,61,0,-198,1
599,103,126,588,0,-233,1
599,104,289,117,0,-268,1
599,105,529,195,0,33,1
599,106,101,453,0,6,1
599,107,165,371,0,-266,1
599,108,437,97,0,-124,1
599,111,137,445,0,-29,1
599,112,474,226,0,40,1
599,113,290,261,0,-249,1
599,114,32,527,0,63,0
599,115,664,228,0,-75,1
599,116,296,163,0,-224,1
599,117,82,190,0,15,1
600,0,278,368,0,49,0
600,1,253,1,0,-243,0
600,2,698,435,0,22,0
600,3,182,228,0,-208,0
600,4,56,330,0,-76,0
600,5,595,386,0,-34,0
600,6,29,12,0,-37,0
600,7,347,244,0,-204,0
600,8,420,512,0,-193,0
600,9,307,621,0,-76,0
600,10,510,655,0,-251,0
600,11,409,741,0,-237,0
600,12,115,598,0,-153,0
600,13,431,16,0,-234,0
600,14,71,503,0,38,0
600,15,196,581,0,-197,0
600,16,511,358,0,33,0
600,17,373,377,0,-154,0
600,18,637,524,0,-7,0
600,19,23,615,0,-13,0
600,23,208,199,0,9,1
600,39,198,602,0,22,1
600,46,247,356,0,-3,1
600,53,523,208,0,21,1
600,54,656,279,0,-78,1
600,64,298,272,0,-207,1
600,68,155,332,0,-245,1
600,69,422,326,0,57,1
600,72,661,185,0,-221,1
600,74,649,84,0,-129,0
600,75,240,124,0,59,0
600,78,480,177,0,-129,1
600,85,557,581,0,40,0
600,88,553,219,0,-191,1
600,89,340,497,0,-81,1
600,92,199,462,0,28,1
600,94,210,240,0,3,1
600,99,293,216,0,-199,0
600,100,86,182,0,37,1
600,101,443,64,0,-198,1
600,103,123,590,0,-233,1
600,104,286,117,0,-268,1
600,105,528,192,0,33,1
600,106,101,450,0,6,1
600,107,162,371,0,-266,1
600,108,440,99,0,-124,1
600,111,138,442,0,-29,1
600,112,472,223,0,40,1
600,113,287,262,0,-249,1
600,114,29,526,0,63,0
600,115,667,228,0,-75,1
600,116,294,165,0,-224,1
600,117,83,187,0,-12,1
601,0,276,366,0,49,0
601,1,251,3,0,-243,0
601,2,697,433,0,22,0
601,3,180,230,0,-208,0
601,4,59,330,0,-76,0
601,5,597,384,0,-34,0
601,6,30,10,0,-37,0
601,7,346,247,0,-204,0
601,8,419,515,0,-193,0
601,9,310,620,0,-76,0
601,10,508,656,0,-251,0
601,11,407,743,0,-237,0
601,12,117,600,0,-127,0
601,13,429,18,0,-234,0
601,14,69,500,0,38,0
601,15,195,584,0,-197,0
601,16,510,356,0,33,0
601,17,375,379,0,-143,0
601,18,637,521,0,-7,0
601,19,24,612,0,-13,0
601,23,207,197,0,28,1
601,39,197,599,0,22,1
601,46,247,353,0,-3,1
601,53,522,205,0,21,1
601,54,659,279,0,-78,1
601,64,297,275,0,-207,1
601,68,152,333,0,-245,1
601,69,420,325,0,57,1
601,72,659,187,0,-221,1
601,74,651,86,0,-129,0
601,75,238,122,0,59,0
601,78,483,179,0,-129,1
601,85,555,580,0,63,0
601,88,553,222,0,-191,1
601,89,343,497,0,-81,1
601,92,197,459,0,28,1
601,94,210,237,0,3,1
601,99,292,219,0,-199,0
601,100,84,180,0,37,1
601,101,441,66,0,-225,1
601,104,283,118,0,-264,1
601,105,526,190,0,33,1
601,106,100,447,0,6,1
601,107,159,371,0,-258,1
601,108,442,101,0,-124,1
601,111,140,440,0,-29,1
601,112,471,220,0,22,1
601,113,284,263,0,-249,1
601,114,26,524,0,63,0
601,115,670,227,0,-75,1
601,116,292,167,0,-221,1
601,117,84,184,0,-12,1
602,0,274,364,0,49,0
602,1,248,4,0,-243,0
602,2,696,430,0,22,0
602,3,179,233,0,-208,0
602,4,62,329,0,-76,0
602,5,598,381,0,-34,0
602,6,32,8,0,-37,0
602,7,345,250,0,-204,0
602,8,419,518,0,-193,0
602,9,313,619,0,-76,0
602,10,505,657,0,-251,0
602,11,404,745,0,-237,0
602,12,117,600,0,-127,0
602,13,427,19,0,-234,0
602,14,67,498,0,38,0
602,15,194,587,0,-197,0
602,16,508,353,0,33,0
602,17,377,381,0,-143,0
602,18,637,518,0,-6,0
602,19,25,609,0,-13,0
602,23,205,194,0,28,1
602,39,196,596,0,22,1
602,46,247,350,0,12,1
602,53,521,202,0,21,1
602,54,662,278,0,-65,1
602,64,296,278,0,-207,1
602,68,149,335,0,-245,1
602,69,417,323,0,57,1
602,72,657,189,0,-221,1
602,74,653,88,0,-129,0
602,75,235,121,0,59,0
602,78,485,181,0,-129,1
602,85,552,578,0,63,0
602,88,552,225,0,-191,1
602,89,346,496,0,-81,1
602,92,197,457,0,7,1
602,94,210,234,0,3,1
602,99,291,222,0,-199,0
602,100,82,177,0,31,1
602,101,439,68,0,-225,1
602,104,280,118,0,-264,1
602,105,524,187,0,33,1
602,106,100,444,0,6,1
602,107,156,372,0,-258,1
602,108,445,103,0,-124,1
602,111,141,437,0,-29,1
602,112,470,218,0,22,1
602,113,281,264,0,-249,1
602,114,24,523,0,63,0
602,115,672,226,0,-75,1
602,116,290,169,0,-221,1
602,117,84,182,0,-12,1
603,0,271,362,0,49,0
603,1,246,6,0,-220,0
603,2,695,427,0,22,0
603,3,177,236,0,-208,0
603,4,65,328,0,-76,0
603,5,600,379,0,-34,0
603,6,34,5,0,-37,0
603,7,343,252,0,-204,0
603,8,418,520,0,-193,0
603,9,316,619,0,-76,0
603,10,502,658,0,-251,0
603,11,402,746,0,-237,0
603,12,117,600,0,-127,0
603,13,424,21,0,-234,0
603,14,66,496,0,38,0
603,15,193,589,0,-197,0
603,16,506,351,0,33,0
603,17,380,383,0,-119,0
603,18,638,515,0,-6,0
603,19,26,606,0,-13,0
603,23,204,191,0,28,1
603,39,195,593,0,22,1
603,46,248,347,0,-18,1
603,53,520,199,0,22,1
603,54,665,276,0,-65,1
603,64,295,281,0,-192,1
603,68,147,336,0,-245,1
603,69,415,321,0,57,1
603,72,655,192,0,-221,1
603,74,655,90,0,-129,0
603,75,233,119,0,59,0
603,78,487,183,0,-126,1
603,85,549,577,0,73,0
603,88,552,228,0,-191,1
603,89,349,496,0,-81,1
603,92,196,454,0,7,1
603,94,210,231,0,3,1
603,99,292,225,0,-169,0
603,100,81,175,0,31,1
603,101,437,70,0,-225,1
603,104,277,118,0,-264,1
603,105,522,186,0,52,1
603,106,100,441,0,6,1
603,107,153,373,0,-250,1
603,108,447,104,0,-124,1
603,111,143,434,0,-29,1
603,112,469,215,0,5,1
603,113,279,266,0,-222,1
603,114,21,522,0,63,0
603,115,675,225,0,-75,1
603,116,288,171,0,-221,1
603,117,85,179,0,-12,1
604,0,269,360,0,49,0
604,1,244,9,0,-220,0
604,2,694,424,0,15,0
604,3,176,238,0,-208,0
604,4,68,328,0,-76,0
604,5,601,376,0,-34,0
604,6,36,3,0,-37,0
604,7,342,255,0,-204,0
604,8,417,523,0,-193,0
604,9,319,618,0,-76,0
604,10,499,659,0,-251,0
604,11,399,748,0,-237,0
604,12,117,600,0,-127,0
604,13,422,23,0,-234,0
604,14,64,493,0,38,0
604,15,192,592,0,-197,0
604,16,504,349,0,51,0
604,17,382,384,0,-119,0
604,18,638,512,0,1,0
604,19,26,603,0,-13,0
604,23,202,189,0,28,1
604,46,249,344,0,-18,1
604,53,518,197,0,45,1
604,54,667,275,0,-65,1
604,64,294,284,0,-192,1
604,68,144,337,0,-245,1
604,69,412,320,0,65,1
604,72,653,194,0,-221,1
604,74,658,92,0,-129,0
604,75,230,118,0,59,0
604,78,490,184,0,-126,1
604,85,546,577,0,73,0
604,88,551,231,0,-191,1
604,89,352,495,0,-81,1
604,92,196,451,0,7,1
604,94,210,228,0,3,1
604,99,293,228,0,-169,0
604,100,79,172,0,31,1
604,101,436,73,0,-202,1
604,104,274,119,0,-264,1
604,105,520,184,0,52,1
604,106,99,438,0,6,1
604,107,150,374,0,-250,1
604,108,450,105,0,-105,1
604,111,144,432,0,-29,1
604,112,469,212,0,5,1
604,113,277,268,0,-222,1
604,114,18,520,0,63,0
604,115,678,224,0,-75,1
604,116,286,174,0,-221,1
604,117,85,176,0,-12,1
605,0,267,358,0,49,0
605,1,242,11,0,-220,0
605,2,693,421,0,18,0
605,3,175,241,0,-208,0
605,4,71,327,0,-76,0
605,5,603,374,0,-40,0
605,6,38,0,0,-37,0
605,7,341,258,0,-204,0
605,8,416,526,0,-193,0
605,9,322,618,0,-91,0
605,10,496,660,0,-251,0
605,11,396,749,0,-241,0
605,12,117,600,0,-127,0
605,13,419,25,0,-234,0
605,14,62,491,0,38,0
605,15,192,592,0,-197,0
605,16,502,346,0,44,0
605,17,385,386,0,-119,0
605,18,637,509,0,1,0
605,19,27,600,0,-13,0
605,23,201,186,0,28,1
605,46,250,341,0,-18,1
605,53,516,195,0,45,1
605,54,670,274,0,-65,1
605,64,294,287,0,-192,1
605,68,141,338,0,-245,1
605,69,410,318,0,45,1
605,72,651,196,0,-221,1
605,74,660,93,0,-129,0
605,75,228,116,0,59,0
605,78,492,187,0,-133,1
605,85,543,576,0,73,0
605,88,551,234,0,-191,1
605,89,355,495,0,-81,1
605,92,196,448,0,7,1
605,94,209,225,0,3,1
605,99,293,231,0,-169,0
605,100,78,170,0,31,1
605,101,435,76,0,-202,1
605,104,271,119,0,-264,1
605,105,517,183,0,68,1
605,106,99,435,0,6,1
605,107,147,375,0,-250,1
605,108,453,105,0,-98,1
605,111,145,429,0,-29,1
605,112,469,209,0,5,1
605,113,275,271,0,-222,1
605,114,16,519,0,63,0
605,115,681,224,0,-75,1
605,116,285,176,0,-206,1
605,117,87,173,0,-20,1
606,0,266,355,0,24,0
606,1,240,13,0,-220,0
606,2,694,418,0,-6,0
606,3,173,244,0,-208,0
606,4,74,326,0,-76,0
606,5,605,371,0,-40,0
606,6,39,-2,0,-37,0
606,7,340,260,0,-204,0
606,8,416,529,0,-193,0
606,9,325,618,0,-91,0
606,10,493,661,0,-251,0
606,11,394,751,0,-241,0
606,12,117,600,0,-127,0
606,13,417,27,0,-234,0
606,14,60,489,0,38,0
606,15,192,592,0,-197,0
606,16,500,344,0,44,0
606,17,388,387,0,-119,0
606,18,638,506,0,-11,0
606,19,28,597,0,-12,0
606,23,201,183,0,1,1
606,46,250,338,0,-11,1
606,53,513,194,0,75,1
606,54,673,272,0,-65,1
606,64,293,289,0,-192,1
606,68,139,340,0,-245,1
606,69,408,316,0,45,1
606,72,649,198,0,-221,1
606,74,662,95,0,-129,0
606,75,225,115,0,59,0
606,78,494,189,0,-133,1
606,85,540,575,0,73,0
606,88,550,237,0,-191,1
606,89,358,494,0,-81,1
606,92,195,445,0,7,1
606,94,209,222,0,0,1
606,99,294,234,0,-169,0
606,100,76,167,0,31,1
606,101,434,79,0,-202,1
606,104,268,119,0,-264,1
606,105,514,182,0,68,1
606,106,99,432,0,6,1
606,107,144,376,0,-250,1
606,108,456,106,0,-98,1
606,111,147,426,0,-29,1
606,112,469,206,0,5,1
606,113,273,273,0,-222,1
606,114,13,517,0,63,0
606,115,684,223,0,-75,1
606,116,284,179,0,-206,1
606,117,88,170,0,-20,1
607,0,264,353,0,46,0
607,1,238,15,0,-229,0
607,2,695,415,0,-21,0
607,3,172,246,0,-210,0
607,4,76,326,0,-79,0
607,5,607,369,0,-40,0
607,6,41,748,0,-37,0
607,7,338,263,0,-204,0
607,8,415,532,0,-193,0
607,9,328,618,0,-91,0
607,10,491,662,0,-251,0
607,11,391,0,0,-264,0
607,12,117,600,0,-127,0
607,13,414,28,0,-234,0
607,14,58,486,0,38,0
607,15,192,592,0,-197,0
607,16,498,342,0,44,0
607,17,390,388,0,-110,0
607,18,639,503,0,-11,0
607,19,28,594,0,-12,0
607,23,201,180,0,1,1
607,46,251,335,0,-11,1
607,53,510,194,0,75,1
607,54,675,271,0,-65,1
607,64,293,292,0,-192,1
607,68,136,341,0,-245,1
607,69,405,314,0,45,1
607,72,647,201,0,-221,1
607,74,665,97,0,-129,0
607,75,223,113,0,59,0
607,78,496,191,0,-133,1
607,85,538,574,0,73,0
607,88,549,239,0,-191,1
607,89,361,494,0,-81,1
607,92,195,442,0,7,1
607,94,208,220,0,20,1
607,99,294,237,0,-184,0
607,100,74,164,0,31,1
607,101,432,81,0,-216,1
607,104,265,119,0,-264,1
607,105,511,180,0,68,1
607,106,98,429,0,6,1
607,107,142,377,0,-255,1
607,108,459,106,0,-98,1
607,111,148,424,0,-29,1
607,112,468,203,0,5,1
607,113,271,275,0,-222,1
607,114,10,516,0,63,0
607,115,687,222,0,-75,1
607,116,282,182,0,-206,1
607,117,89,167,0,-20,1
608,0,261,351,0,46,0
608,1,236,17,0,-229,0
608,2,697,413,0,-39,0
608,3,170,249,0,-210,0
608,4,79,325,0,-79,0
608,5,610,367,0,-50,0
608,6,43,745,0,-37,0
608,7,336,265,0,-227,0
608,8,414,535,0,-193,0
608,9,331,618,0,-91,0
608,10,488,662,0,-260,0
608,11,388,1,0,-264,0
608,12,117,600,0,-127,0
608,13,412,30,0,-234,0
608,14,56,484,0,38,0
608,15,192,592,0,-197,0
608,16,496,340,0,39,0
608,17,393,389,0,-110,0
608,18,639,500,0,-11,0
608,19,30,592,0,-33,0
608,23,201,177,0,1,1
608,46,251,332,0,-11,1
608,53,507,193,0,75,1
608,54,678,270,0,-77,1
608,64,292,295,0,-192,1
608,68,133,342,0,-245,1
608,69,403,311,0,45,1
608,72,645,203,0,-221,1
608,74,667,99,0,-134,0
608,75,220,112,0,59,0
608,78,499,193,0,-133,1
608,85,535,573,0,73,0
608,88,549,242,0,-191,1
608,89,364,495,0,-107,1
608,92,195,439,0,7,1
608,94,207,217,0,20,1
608,99,293,240,0,-184,0
608,100,73,162,0,31,1
608,101,431,84,0,-190,1
608,104,262,120,0,-259,1
608,105,509,179,0,68,1
608,106,98,426,0,6,1
608,107,139,378,0,-255,1
608,108,462,107,0,-98,1
608,111,150,421,0,-29,1
608,112,468,200,0,5,1
608,113,269,277,0,-222,1
608,114,8,515,0,63,0
608,115,690,221,0,-75,1
608,116,281,185,0,-206,1
608,117,90,164,0,-20,1
609,0,259,349,0,46,0
609,1,234,20,0,-219,0
609,2,698,411,0,-39,0
609,3,169,251,0,-210,0
609,4,82,324,0,-79,0
609,5,612,365,0,-50,0
609,6,45,743,0,-37,0
609,7,334,267,0,-227,0
609,8,414,538,0,-193,0
609,9,334,617,0,-61,0
609,10,485,663,0,-260,0
609,11,385,1,0,-264,0
609,12,117,600,0,-127,0
609,13,410,32,0,-234,0
609,14,54,481,0,38,0
609,15,192,592,0,-197,0
609,16,494,337,0,39,0
609,17,396,390,0,-110,0
609,18,639,497,0,1,0
609,19,31,589,0,-33,0
609,23,201,174,0,1,1
609,46,252,329,0,-11,1
609,53,504,192,0,75,1
609,54,681,270,0,-77,1
609,64,291,298,0,-192,1
609,68,130,344,0,-245,1
609,69,401,309,0,45,1
609,72,644,206,0,-200,1
609,74,669,101,0,-134,0
609,75,217,110,0,59,0
609,78,501,195,0,-133,1
609,85,532,572,0,73,0
609,88,547,245,0,-209,1
609,89,367,495,0,-107,1
609,92,194,436,0,7,1
609,94,206,214,0,20,1
609,99,293,243,0,-184,0
609,100,71,159,0,31,1
609,101,431,87,0,-190,1
609,104,259,121,0,-259,1
609,105,506,178,0,68,1
609,106,98,423,0,6,1
609,107,136,378,0,-255,1
609,108,465,107,0,-98,1
609,111,151,418,0,-18,1
609,112,468,197,0,5,1
609,113,267,279,0,-222,1
609,114,5,513,0,63,0
609,115,693,220,0,-75,1
609,116,280,187,0,-206,1
609,117,90,161,0,-12,1
610,0,258,346,0,29,0
610,1,232,22,0,-219,0
610,2,700,408,0,-39,0
610,3,167,254,0,-210,0
610,4,85,323,0,-64,0
610,5,614,363,0,-53,0
610,6,48,741,0,-62,0
610,7,332,269,0,-227,0
610,8,414,541,0,-170,0
610,9,336,615,0,-61,0
610,10,482,663,0,-260,0
610,11,382,0,0,70,0
610,12,117,600,0,-127,0
610,13,408,35,0,-206,0
610,14,53,479,0,38,0
610,15,192,592,0,-197,0
610,16,492,335,0,39,0
610,17,399,391,0,-110,0
610,18,639,494,0,1,0
610,19,34,587,0,-56,0
610,23,201,171,0,1,1
610,46,253,326,0,-11,1
610,53,501,191,0,75,1
610,54,684,269,0,-77,1
610,64,291,301,0,-192,1
610,68,128,345,0,-245,1
610,69,399,307,0,45,1
610,72,644,209,0,-172,1
610,74,671,104,0,-134,0
610,75,214,109,0,78,0
610,78,503,197,0,-133,1
610,85,529,571,0,73,0
610,88,546,248,0,-209,1
610,89,370,496,0,-107,1
610,92,194,433,0,7,1
610,94,206,211,0,13,1
610,99,293,246,0,-184,0
610,100,70,157,0,31,1
610,101,430,90,0,-202,1
610,104,256,121,0,-259,1
610,105,503,176,0,54,1
610,106,98,420,0,6,1
610,107,133,379,0,-255,1
610,108,468,107,0,-98,1
610,111,152,415,0,-18,1
610,112,468,194,0,5,1
610,113,265,282,0,-222,1
610,114,2,512,0,63,0
610,115,696,220,0,-75,1
610,116,279,190,0,-192,1
610,117,91,159,0,-12,1
611,0,256,343,0,29,0
611,1,230,24,0,-219,0
611,2,702,406,0,-39,0
611,3,166,257,0,-210,0
611,4,88,322,0,-64,0
611,5,617,362,0,-53,0
611,6,50,740,0,-62,0
611,7,330,271,0,-227,0
611,8,415,544,0,-170,0
611,9,339,614,0,-61,0
611,10,479,664,0,-260,0
611,11,379,749,0,70,0
611,12,117,600,0,-127,0
611,13,407,37,0,-206,0
611,14,51,477,0,38,0
611,15,192,592,0,-197,0
611,16,490,333,0,39,0
611,17,402,392,0,-110,0
611,18,639,491,0,1,0
611,19,37,587,0,-86,0
611,23,201,168,0,1,1
611,46,253,323,0,-11,1
611,53,498,190,0,75,1
611,54,687,268,0,-77,1
611,64,289,304,0,-206,1
611,68,125,346,0,-245,1
611,69,396,306,0,66,1
611,72,645,212,0,-172,1
611,74,673,106,0,-134,0
611,75,212,109,0,78,0
611,78,505,199,0,-133,1
611,85,526,570,0,73,0
611,88,544,250,0,-209,1
611,89,373,497,0,-107,1
611,92,193,430,0,7,1
611,94,204,208,0,23,1
611,99,293,249,0,-184,0
611,100,67,155,0,59,1
611,101,429,93,0,-202,1
611,104,253,122,0,-259,1
611,105,501,175,0,54,1
611,106,97,417,0,6,1
611,107,130,380,0,-255,1
611,108,471,108,0,-98,1
611,111,153,413,0,-18,1
611,112,466,191,0,25,1
611,113,264,284,0,-205,1
611,114,0,511,0,61,0
611,115,699,219,0,-75,1
611,116,279,193,0,-192,1
611,117,90,156,0,7,1
612,0,255,341,0,29,0
612,1,228,27,0,-219,0
612,2,704,404,0,-39,0
612,3,164,259,0,-210,0
612,4,90,320,0,-64,0
612,5,619,360,0,-53,0
612,6,53,739,0,-62,0
612,7,327,273,0,-237,0
612,8,416,546,0,-147,0
612,9,341,612,0,-61,0
612,10,476,665,0,-239,0
612,11,376,748,0,70,0
612,12,117,600,0,-127,0
612,13,406,40,0,-206,0
612,14,49,474,0,38,0
612,15,192,592,0,-197,0
612,16,488,330,0,39,0
612,17,405,393,0,-110,0
612,18,639,488,0,1,0
612,19,40,587,0,-83,0
612,23,201,165,0,1,1
612,46,255,321,0,-40,1
612,53,495,190,0,75,1
612,54,690,268,0,-77,1
612,64,288,307,0,-206,1
612,68,122,347,0,-245,1
612,69,394,305,0,66,1
612,72,645,215,0,-172,1
612,74,676,108,0,-131,0
612,75,209,108,0,78,0
612,78,507,201,0,-133,1
612,85,523,569,0,73,0
612,88,543,253,0,-209,1
612,89,376,498,0,-107,1
612,92,193,427,0,7,1
612,94,203,206,0,23,1
612,99,293,252,0,-184,0
612,100,65,154,0,59,1
612,101,427,95,0,-202,1
612,104,251,122,0,-259,1
612,105,499,173,0,54,1
612,106,97,414,0,6,1
612,107,127,379,0,81,1
612,108,474,107,0,-79,1
612,111,154,410,0,-18,1
612,112,465,188,0,22,1
612,113,263,287,0,-205,1
612,114,747,510,0,76,0
612,115,701,218,0,-75,1
612,116,278,196,0,-192,1
612,117,90,153,0,11,1
613,0,253,338,0,29,0
613,1,226,29,0,-219,0
613,2,706,402,0,-39,0
613,3,163,262,0,-210,0
613,4,93,319,0,-64,0
613,5,622,358,0,-62,0
613,6,55,737,0,-62,0
613,7,325,275,0,-237,0
613,8,418,549,0,-147,0
613,9,344,611,0,-61,0
613,10,474,667,0,-239,0
613,11,374,747,0,70,0
613,12,117,600,0,-127,0
613,13,404,42,0,-224,0
613,14,47,472,0,38,0
613,15,192,592,0,-197,0
613,16,487,328,0,39,0
613,17,407,394,0,-110,0
613,18,639,485,0,-2,0
613,19,43,586,0,-83,0
613,23,201,162,0,1,1
613,46,257,319,0,-40,1
613,53,493,189,0,75,1
613,54,693,267,0,-77,1
613,64,287,309,0,-206,1
613,68,120,349,0,-245,1
613,69,391,304,0,66,1
613,72,645,218,0,-172,1
613,74,678,109,0,-131,0
613,75,206,107,0,78,0
613,78,508,204,0,-159,1
613,85,520,569,0,73,0
613,88,542,256,0,-195,1
613,89,379,498,0,-85,1
613,92,193,424,0,7,1
613,94,202,203,0,23,1
613,99,292,255,0,-184,0
613,100,62,152,0,59,1
613,101,426,98,0,-202,1
613,104,248,123,0,-259,1
613,105,496,171,0,54,1
613,106,97,411,0,-6,1
613,107,124,379,0,81,1
613,108,477,107,0,-95,1
613,111,153,407,0,5,1
613,112,464,186,0,22,1
613,113,261,290,0,-205,1
613,114,744,509,0,76,0
613,115,704,219,0,-101,1
613,116,277,199,0,-192,1
613,117,89,150,0,11,1
614,0,252,336,0,29,0
614,1,225,31,0,-219,0
614,2,708,399,0,-45,0
614,3,161,264,0,-210,0
614,4,96,318,0,-64,0
614,5,625,358,0,-80,0
614,6,58,736,0,-62,0
614,7,322,276,0,-237,0
614,8,420,551,0,-147,0
614,9,347,610,0,-69,0
614,10,471,668,0,-239,0
614,11,371,746,0,70,0
614,12,117,600,0,-127,0
614,13,402,44,0,-224,0
614,14,45,470,0,55,0
614,15,192,592,0,-197,0
614,16,485,326,0,39,0
614,17,410,395,0,-110,0
614,18,639,482,0,-2,0
614,19,46,586,0,-83,0
614,23,201,159,0,1,1
614,46,259,317,0,-40,1
614,53,490,188,0,75,1
614,54,696,266,0,-77,1
614,64,285,312,0,-206,1
614,68,117,350,0,-245,1
614,69,389,301,0,43,1
614,72,646,221,0,-172,1
614,74,681,110,0,-101,0
614,75,203,107,0,78,0
614,78,510,207,0,-159,1
614,85,518,568,0,73,0
614,88,541,259,0,-206,1
614,89,382,498,0,-85,1
614,92,192,421,0,7,1
614,94,201,200,0,23,1
614,99,292,258,0,-184,0
614,100,60,151,0,59,1
614,101,425,101,0,-202,1
614,104,245,123,0,-259,1
614,105,494,169,0,54,1
614,106,98,408,0,-6,1
614,107,121,378,0,81,1
614,108,480,108,0,-95,1
614,111,153,404,0,5,1
614,112,463,183,0,22,1
614,113,260,292,0,-205,1
614,114,742,507,0,55,0
614,115,707,219,0,-101,1
614,116,277,202,0,-192,1
614,117,90,147,0,-17,1
615,0,250,333,0,29,0
615,1,223,34,0,-219,0
615,2,710,397,0,-45,0
615,3,160,267,0,-210,0
615,4,99,316,0,-64,0
615,5,628,357,0,-80,0
615,6,61,734,0,-67,0
615,7,320,278,0,-221,0
615,8,421,554,0,-147,0
615,9,350,609,0,-69,0
615,10,468,670,0,-239,0
615,11,368,745,0,70,0
615,12,117,600,0,-127,0
615,13,400,47,0,-210,0
615,14,43,468,0,44,0
615,15,192,592,0,-197,0
615,16,483,323,0,39,0
615,17,413,397,0,-111,0
615,18,639,479,0,-2,0
615,19,49,586,0,-83,0
615,23,201,156,0,1,1
615,46,261,314,0,-40,1
615,53,487,187,0,75,1
615,54,698,265,0,-55,1
615,64,284,315,0,-206,1
615,68,114,351,0,-245,1
615,69,387,299,0,43,1
615,72,646,224,0,-172,1
615,74,684,111,0,-101,0
615,75,200,106,0,78,0
615,78,511,209,0,-159,1
615,85,515,567,0,73,0
615,88,540,261,0,-206,1
615,89,385,497,0,-85,1
615,92,192,418,0,7,1
615,94,199,197,0,30,1
615,99,292,261,0,-184,0
615,100,57,149,0,64,1
615,101,424,104,0,-202,1
615,104,242,124,0,-248,1
615,105,491,168,0,56,1
615,106,98,405,0,-6,1
615,107,118,378,0,81,1
615,108,483,108,0,-95,1
615,111,153,401,0,5,1
615,112,462,180,0,25,1
615,113,259,295,0,-205,1
615,114,739,506,0,55,0
615,115,710,220,0,-101,1
615,116,276,205,0,-192,1
615,117,91,144,0,-17,1
616,0,249,330,0,29,0
616,1,221,36,0,-219,0
616,2,712,395,0,-45,0
616,3,158,270,0,-210,0
616,4,100,314,0,-39,0
616,5,631,357,0,-80,0
616,6,64,733,0,-67,0
616,7,318,281,0,-221,0
616,8,423,556,0,-147,0
616,9,353,607,0,-69,0
616,10,466,672,0,-239,0
616,11,365,744,0,70,0
616,12,117,600,0,-127,0
616,13,399,50,0,-210,0
616,14,40,467,0,71,0
616,15,192,592,0,-197,0
616,16,481,321,0,39,0
616,17,416,398,0,-111,0
616,18,639,476,0,-2,0
616,19,52,585,0,-83,0
616,23,201,153,0,1,1
616,46,263,312,0,-40,1
616,53,484,187,0,75,1
616,54,701,263,0,-55,1
616,64,283,317,0,-206,1
616,68,111,353,0,-245,1
616,69,384,298,0,64,1
616,72,647,227,0,-172,1
616,74,687,111,0,-101,0
616,75,197,106,0,78,0
616,78,512,212,0,-159,1
616,85,512,566,0,73,0
616,88,538,264,0,-206,1
616,89,387,498,0,-105,1
616,92,192,415,0,7,1
616,94,198,195,0,30,1
616,99,292,264,0,-184,0
616,100,54,148,0,64,1
616,101,423,107,0,-202,1
616,104,240,127,0,-226,1
616,105,489,166,0,56,1
616,106,98,402,0,-6,1
616,107,115,377,0,81,1
616,108,486,108,0,-95,1
616,111,152,398,0,5,1
616,112,460,177,0,25,1
616,113,257,298,0,-205,1
616,114,737,504,0,55,0
616,115,713,220,0,-101,1
616,116,275,208,0,-192,1
616,117,92,141,0,-17,1
617,0,248,327,0,16,0
617,1,219,38,0,-219,0
617,2,714,393,0,-45,0
617,3,157,272,0,-210,0
617,4,102,312,0,-39,0
617,5,634,356,0,-80,0
617,6,66,732,0,-67,0
617,7,316,283,0,-221,0
617,8,425,559,0,-147,0
617,9,355,606,0,-69,0
617,10,463,673,0,-239,0
617,11,362,743,0,70,0
617,12,117,600,0,-127,0
617,13,397,52,0,-210,0
617,14,37,466,0,71,0
617,15,192,592,0,-197,0
617,16,479,319,0,39,0
617,17,419,399,0,-111,0
617,18,640,473,0,-13,0
617,19,55,586,0,-101,0
617,23,200,150,0,1,1
617,46,266,311,0,-64,1
617,53,481,186,0,75,1
617,54,703,261,0,-55,1
617,64,282,320,0,-206,1
617,68,109,354,0,-245,1
617,69,381,297,0,64,1
617,72,647,230,0,-172,1
617,74,690,112,0,-101,0
617,75,194,105,0,78,0
617,78,513,215,0,-159,1
617,85,509,565,0,71,0
617,88,537,267,0,-206,1
617,89,390,500,0,-122,1
617,92,191,412,0,7,1
617,94,196,192,0,30,1
617,99,291,267,0,-184,0
617,100,51,148,0,89,1
617,101,421,109,0,-214,1
617,104,238,129,0,-214,1
617,105,486,164,0,56,1
617,106,99,399,0,-6,1
617,107,112,378,0,-261,1
617,108,489,108,0,-95,1
617,111,152,395,0,7,1
617,112,459,175,0,25,1
617,113,256,301,0,-205,1
617,114,734,502,0,55,0
617,115,716,221,0,-101,1
617,116,275,211,0,-192,1
617,117,93,138,0,-17,1
618,0,247,325,0,26,0
618,1,217,41,0,-219,0
618,2,717,391,0,-45,0
618,3,155,275,0,-210,0
618,4,104,309,0,-39,0
618,5,636,357,0,-102,0
618,6,69,731,0,-67,0
618,7,314,285,0,-221,0
618,8,426,561,0,-147,0
618,9,358,605,0,-69,0
618,10,461,675,0,-239,0
618,11,360,742,0,70,0
618,12,117,600,0,-127,0
618,13,396,55,0,-210,0
618,14,34,465,0,71,0
618,15,192,592,0,-197,0
618,16,479,316,0,9,0
618,17,421,400,0,-111,0
618,18,641,470,0,-13,0
618,19,58,586,0,-101,0
618,23,200,147,0,1,1
618,46,268,309,0,-64,1
618,53,478,185,0,75,1
618,54,706,259,0,-55,1
618,64,280,323,0,-206,1
618,68,106,355,0,-245,1
618,69,378,296,0,78,1
618,72,647,233,0,-186,1
618,74,693,112,0,-101,0
618,75,191,104,0,78,0
618,78,514,218,0,-159,1
618,85,506,564,0,71,0
618,88,536,269,0,-206,1
618,89,393,501,0,-122,1
618,92,191,409,0,-5,1
618,94,195,190,0,30,1
618,99,291,270,0,-184,0
618,100,48,148,0,89,1
618,101,420,111,0,-214,1
618,104,236,131,0,-214,1
618,105,484,163,0,56,1
618,106,99,396,0,-6,1
618,107,109,378,0,-261,1
618,108,492,109,0,-95,1
618,111,152,392,0,7,1
618,112,458,172,0,25,1
618,113,255,303,0,-205,1
618,114,732,500,0,55,0
618,115,719,221,0,-101,1
618,116,274,214,0,-192,1
618,117,94,135,0,-17,1
619,0,245,322,0,26,0
619,1,216,43,0,-208,0
619,2,719,389,0,-45,0
619,3,153,277,0,-235,0
619,4,106,307,0,-39,0
619,5,639,358,0,-102,0
619,6,72,730,0,-67,0
619,7,312,287,0,-221,0
619,8,427,564,0,-156,0
619,9,361,604,0,-69,0
619,10,458,676,0,-239,0
619,11,357,741,0,70,0
619,12,117,600,0,-127,0
619,13,394,57,0,-210,0
619,14,31,464,0,71,0
619,15,192,592,0,-197,0
619,16,478,313,0,9,0
619,17,424,401,0,-111,0
619,18,641,467,0,-13,0
619,19,61,587,0,-101,0
619,23,200,144,0,1,1
619,46,271,308,0,-64,1
619,53,476,183,0,60,1
619,54,708,258,0,-55,1
619,64,280,326,0,-180,1
619,68,103,356,0,-245,1
619,69,375,295,0,78,1
619,72,646,236,0,-186,1
619,74,696,113,0,-101,0
619,75,188,104,0,78,0
619,78,515,221,0,-159,1
619,85,503,563,0,71,0
619,88,534,272,0,-206,1
619,89,395,501,0,-96,1
619,92,192,406,0,-5,1
619,94,193,187,0,30,1
619,99,292,272,0,-156,0
619,100,45,148,0,89,1
619,101,417,113,0,-229,1
619,104,235,134,0,-214,1
619,105,481,161,0,56,1
619,106,98,393,0,11,1
619,107,106,379,0,-261,1
619,108,495,109,0,-95,1
619,111,151,389,0,7,1
619,112,457,169,0,26,1
619,113,254,306,0,-205,1
619,114,729,499,0,55,0
619,115,722,222,0,-101,1
619,116,274,217,0,-192,1
619,117,95,132,0,-17,1
620,0,244,319,0,26,0
620,1,214,46,0,-208,0
620,2,721,386,0,-41,0
620,3,151,278,0,-235,0
620,4,108,305,0,-39,0
620,5,642,358,0,-102,0
620,6,75,729,0,-67,0
620,7,310,290,0,-221,0
620,8,429,567,0,-156,0
620,9,364,604,0,-88,0
620,10,456,678,0,-239,0
620,11,354,740,0,70,0
620,12,117,600,0,-127,0
620,13,393,60,0,-210,0
620,14,28,463,0,71,0
620,15,192,592,0,-197,0
620,16,478,310,0,9,0
620,17,427,402,0,-111,0
620,18,642,464,0,-13,0
620,19,63,588,0,-101,0
620,23,200,141,0,1,1
620,46,274,307,0,-64,1
620,53,473,182,0,60,1
620,54,711,256,0,-55,1
620,64,280,329,0,-180,1
620,68,101,358,0,-233,1
620,69,373,295,0,78,1
620,72,646,239,0,-186,1
620,74,699,114,0,-101,0
620,75,185,102,0,65,0
620,78,516,223,0,-159,1
620,85,500,562,0,71,0
620,88,533,275,0,-206,1
620,89,398,502,0,-96,1
620,92,192,403,0,-5,1
620,94,192,184,0,30,1
620,99,294,275,0,-156,0
620,100,42,148,0,89,1
620,101,415,115,0,-229,1
620,104,233,136,0,-214,1
620,105,479,159,0,56,1
620,106,98,390,0,11,1
620,107,103,379,0,-261,1
620,108,498,109,0,-95,1
620,111,151,386,0,7,1
620,112,455,166,0,26,1
620,113,252,309,0,-205,1
620,114,727,497,0,55,0
620,115,725,223,0,-101,1
620,116,273,220,0,-192,1
620,117,95,130,0,-17,1
621,0,242,317,0,42,0
621,1,213,49,0,-208,0
621,2,723,384,0,-41,0
621,3,148,280,0,-235,0
621,4,110,303,0,-45,0
621,5,645,359,0,-102,0
621,6,77,727,0,-67,0
621,7,308,292,0,-221,0
621,8,430,569,0,-144,0
621,9,367,604,0,-88,0
621,10,453,679,0,-239,0
621,11,351,739,0,71,0
621,12,117,600,0,-127,0
621,13,391,63,0,-210,0
621,14,25,462,0,71,0
621,15,192,592,0,-197,0
621,16,477,307,0,9,0
621,17,430,403,0,-111,0
621,18,643,461,0,-13,0
621,19,66,588,0,-101,0
621,23,200,138,0,1,1
621,46,276,305,0,-64,1
621,53,470,180,0,60,1
621,54,713,255,0,-65,1
621,64,282,331,0,-151,1
621,68,99,360,0,-233,1
621,69,370,294,0,78,1
621,72,646,241,0,-186,1
621,74,701,114,0,-101,0
621,75,183,101,0,65,0
621,78,517,226,0,-159,1
621,85,498,561,0,71,0
621,88,532,277,0,-206,1
621,89,401,502,0,-96,1
621,92,191,400,0,18,1
621,94,190,182,0,30,1
621,99,295,278,0,-156,0
621,100,39,148,0,89,1
621,101,413,117,0,-229,1
621,104,231,139,0,-214,1
621,105,476,158,0,56,1
621,106,97,387,0,11,1
621,107,100,380,0,-261,1
621,108,501,109,0,-95,1
621,111,150,383,0,16,1
621,112,454,164,0,26,1
621,113,252,312,0,-189,1
621,114,724,495,0,55,0
621,115,728,223,0,-101,1
621,116,272,222,0,-202,1
621,117,97,127,0,-42,1
622,0,239,316,0,65,0
622,1,211,51,0,-208,0
622,2,725,382,0,-41,0
622,3,145,280,0,-263,0
622,4,112,301,0,-45,0
622,5,648,360,0,-102,0
622,6,80,726,0,-67,0
622,7,306,294,0,-221,0
622,8,432,572,0,-144,0
622,9,370,604,0,-88,0
622,10,451,682,0,-218,0
622,11,348,738,0,71,0
622,12,117,600,0,-127,0
622,13,390,65,0,-210,0
622,14,23,461,0,71,0
622,15,192,592,0,-197,0
622,16,478,304,0,-13,0
622,17,433,404,0,-111,0
622,18,644,458,0,-13,0
622,19,69,589,0,-101,0
622,23,199,135,0,21,1
622,46,279,304,0,-64,1
622,53,469,178,0,34,1
622,54,716,253,0,-65,1
622,64,283,334,0,-151,1
622,68,96,362,0,-233,1
622,69,367,294,0,78,1
622,72,646,244,0,-186,1
622,74,704,115,0,-101,0
622,75,180,101,0,85,0
622,78,518,229,0,-159,1
622,85,495,560,0,71,0
622,88,530,280,0,-206,1
622,89,404,502,0,-96,1
622,92,191,397,0,-9,1
622,94,189,179,0,30,1
622,99,296,281,0,-156,0
622,100,36,148,0,89,1
622,101,410,119,0,-229,1
622,104,230,141,0,-214,1
622,105,473,157,0,67,1
622,106,97,384,0,11,1
622,107,97,380,0,-261,1
622,108,504,110,0,-105,1
622,111,149,380,0,16,1
622,112,453,161,0,26,1
622,114,722,494,0,67,0
622,115,731,224,0,-101,1
622,116,271,225,0,-202,1
622,117,99,125,0,-42,1
623,0,237,315,0,65,0
623,1,210,54,0,-208,0
623,2,727,380,0,-41,0
623,3,142,281,0,-263,0
623,4,114,298,0,-45,0
623,5,651,360,0,-102,0
623,6,83,726,0,-90,0
623,7,304,296,0,-237,0
623,8,434,574,0,-144,0
623,9,373,604,0,-88,0
623,10,449,684,0,-222,0
623,11,345,737,0,71,0
623,12,117,600,0,-127,0
623,13,388,68,0,-210,0
623,14,20,460,0,69,0
623,15,192,592,0,-197,0
623,16,479,301,0,-13,0
623,17,435,406,0,-122,0
623,18,645,456,0,-20,0
623,19,72,589,0,-101,0
623,23,198,132,0,21,1
623,46,282,303,0,-64,1
623,53,467,175,0,34,1
623,54,719,252,0,-65,1
623,64,285,337,0,-151,1
623,68,94,364,0,-223,1
623,69,364,293,0,78,1
623,72,645,247,0,-186,1
623,74,707,115,0,-101,0
623,75,177,101,0,85,0
623,78,519,232,0,-159,1
623,85,493,558,0,42,0
623,88,529,283,0,-206,1
623,89,407,503,0,-96,1
623,92,192,394,0,-9,1
623,94,187,177,0,49,1
623,99,297,283,0,-156,0
623,100,33,148,0,89,1
623,101,408,121,0,-229,1
623,104,228,144,0,-208,1
623,105,471,155,0,67,1
623,106,96,382,0,11,1
623,107,94,381,0,-261,1
623,108,507,111,0,-105,1
623,111,148,377,0,16,1
623,112,451,158,0,26,1
623,114,719,493,0,67,0
623,115,734,224,0,-101,1
623,116,270,228,0,-202,1
623,117,101,123,0,-42,1
624,0,234,313,0,65,0
624,1,209,56,0,-208,0
624,2,729,377,0,-41,0
624,3,139,281,0,-263,0
624,4,116,296,0,-45,0
624,5,654,361,0,-102,0
624,6,86,726,0,-90,0
624,7,301,298,0,-237,0
624,8,436,577,0,-144,0
624,9,376,603,0,-69,0
624,10,447,686,0,-222,0
624,11,342,736,0,71,0
624,12,117,600,0,-127,0
624,13,387,70,0,-210,0
624,14,17,459,0,69,0
624,15,192,592,0,-197,0
624,16,479,298,0,-13,0
624,17,438,407,0,-122,0
624,18,646,453,0,-20,0
624,19,75,590,0,-101,0
624,23,197,130,0,21,1
624,46,285,302,0,-64,1
624,53,465,173,0,34,1
624,54,721,251,0,-65,1
624,64,286,339,0,-151,1
624,68,92,366,0,-225,1
624,69,361,292,0,72,1
624,72,645,250,0,-186,1
624,74,710,116,0,-101,0
624,75,174,101,0,85,0
624,78,520,235,0,-159,1
624,85,491,556,0,42,0
624,88,528,285,0,-206,1
624,89,410,503,0,-96,1
624,92,192,391,0,-9,1
624,94,184,175,0,49,1
624,99,299,286,0,-156,0
624,100,30,148,0,89,1
624,101,406,124,0,-217,1
624,104,227,147,0,-208,1
624,105,468,154,0,67,1
624,106,96,379,0,-6,1
624,107,91,381,0,-261,1
624,108,510,112,0,-105,1
624,111,148,374,0,16,1
624,112,450,156,0,26,1
624,114,716,492,0,67,0
624,115,737,225,0,-101,1
624,116,269,231,0,-202,1
624,117,103,121,0,-42,1
625,0,231,312,0,65,0
625,1,207,59,0,-208,0
625,2,730,375,0,-41,0
625,3,136,282,0,-263,0
625,4,119,294,0,-45,0
625,5,657,362,0,-102,0
625,6,89,726,0,-90,0
625,7,299,299,0,-237,0
625,8,438,578,0,-121,0
625,9,378,602,0,-69,0
625,10,445,688,0,-222,0
625,11,340,737,0,-259,0
625,12,117,600,0,-127,0
625,13,385,73,0,-210,0
625,14,14,458,0,69,0
625,15,192,592,0,-197,0
625,16,481,295,0,-23,0
625,17,440,409,0,-122,0
625,18,647,450,0,-19,0
625,19,78,591,0,-101,0
625,23,195,128,0,49,1
625,46,287,300,0,-64,1
625,53,464,171,0,34,1
625,54,724,249,0,-65,1
625,64,288,342,0,-151,1
625,68,90,368,0,-225,1
625,69,359,290,0,43,1
625,72,645,253,0,-186,1
625,74,713,117,0,-101,0
625,75,171,100,0,85,0
625,78,521,237,0,-159,1
625,85,489,553,0,42,0
625,88,526,288,0,-206,1
625,89,413,505,0,-122,1
625,92,193,388,0,-9,1
625,94,182,173,0,49,1
625,99,300,289,0,-156,0
625,100,27,148,0,89,1
625,101,405,126,0,-217,1
625,104,225,149,0,-208,1
625,105,465,153,0,67,1
625,106,97,376,0,-6,1
625,107,88,382,0,-261,1
625,108,513,112,0,-105,1
625,111,147,371,0,16,1
625,112,449,153,0,26,1
625,114,713,491,0,67,0
625,115,740,224,0,-77,1
625,116,267,233,0,-202,1
625,117,105,118,0,-42,1
625,118,449,153,0,26,1
626,0,229,311,0,65,0
626,1,206,62,0,-208,0
626,2,732,373,0,-41,0
626,3,133,282,0,-267,0
626,4,120,292,0,-35,0
626,5,660,362,0,-102,0
626,6,92,726,0,-90,0
626,7,296,301,0,-237,0
626,8,441,580,0,-121,0
626,9,381,601,0,-69,0
626,10,443,691,0,-222,0
626,11,337,737,0,-259,0
626,12,117,600,0,-127,0
626,13,384,76,0,-210,0
626,14,11,457,0,69,0
626,15,192,592,0,-197,0
626,16,481,292,0,-1,0
626,17,443,411,0,-122,0
626,18,648,447,0,-19,0
626,19,81,591,0,-101,0
626,23,193,126,0,49,1
626,46,290,299,0,-64,1
626,53,462,168,0,34,1
626,54,727,248,0,-65,1
626,64,289,344,0,-151,1
626,68,88,371,0,-225,1
626,69,357,288,0,43,1
626,72,644,256,0,-186,1
626,74,716,117,0,-101,0
626,75,168,100,0,85,0
626,78,522,240,0,-159,1
626,85,487,551,0,42,0
626,88,525,291,0,-206,1
626,89,415,506,0,-122,1
626,92,193,385,0,-9,1
626,94,180,171,0,49,1
626,99,301,292,0,-156,0
626,100,24,148,0,89,1
626,101,403,128,0,-217,1
626,104,225,152,0,-195,1
626,105,462,152,0,74,1
626,106,97,373,0,-6,1
626,107,85,382,0,-261,1
626,108,515,113,0,-105,1
626,111,146,369,0,16,1
626,112,447,150,0,26,1
626,114,711,489,0,67,0
626,115,743,223,0,-70,1
626,116,266,236,0,-202,1
626,117,107,116,0,-42,1
626,118,447,150,0,26,1
627,0,226,309,0,42,0
627,1,204,64,0,-208,0
627,2,734,370,0,-37,0
627,3,130,282,0,-267,0
627,4,122,289,0,-35,0
627,5,663,363,0,-102,0
627,6,95,726,0,-90,0
627,7,294,302,0,-237,0
627,8,443,581,0,-121,0
627,9,383,598,0,-41,0
627,10,441,693,0,-222,0
627,11,334,738,0,-259,0
627,12,117,600,0,-127,0
627,13,382,78,0,-210,0
627,14,9,456,0,69,0
627,15,192,592,0,-197,0
627,16,480,290,0,20,0
627,17,446,411,0,-103,0
627,18,648,444,0,-12,0
627,19,83,593,0,-131,0
627,23,190,124,0,49,1
627,46,293,298,0,-64,1
627,53,460,166,0,34,1
627,54,729,246,0,-51,1
627,64,291,347,0,-151,1
627,68,86,373,0,-225,1
627,69,355,285,0,43,1
627,72,644,259,0,-186,1
627,74,719,118,0,-101,0
627,75,165,100,0,86,0
627,78,523,243,0,-159,1
627,85,485,549,0,42,0
627,88,524,293,0,-206,1
627,89,418,508,0,-122,1
627,92,194,382,0,-9,1
627,94,178,169,0,49,1
627,99,302,294,0,-156,0
627,100,21,148,0,89,1
627,101,401,131,0,-217,1
627,104,224,155,0,-195,1
627,105,459,151,0,73,1
627,106,97,370,0,-6,1
627,107,82,382,0,-261,1
627,108,518,114,0,-105,1
627,111,145,366,0,16,1
627,112,446,148,0,26,1
627,114,708,488,0,67,0
627,115,745,222,0,-70,1
627,116,265,239,0,-202,1
627,117,109,114,0,-42,1
627,118,445,149,0,55,1
627,119,518,114,0,-105,1
628,0,225,306,0,28,0
628,1,203,67,0,-212,0
628,2,736,368,0,-37,0
628,3,127,282,0,-267,0
628,4,124,287,0,-35,0
628,5,666,363,0,-102,0
628,6,98,726,0,-90,0
628,7,291,304,0,-237,0
628,8,446,583,0,-121,0
628,9,385,596,0,-41,0
628,10,439,695,0,-222,0
628,11,331,738,0,-259,0
628,12,117,600,0,-127,0
628,13,381,81,0,-210,0
628,14,6,455,0,69,0
628,15,192,592,0,-197,0
628,16,478,287,0,20,0
628,17,449,412,0,-103,0
628,18,648,441,0,12,0
628,19,86,594,0,-105,0
628,23,188,122,0,49,1
628,53,458,163,0,34,1
628,54,732,244,0,-51,1
628,64,292,350,0,-147,1
628,68,84,375,0,-225,1
628,69,353,283,0,43,1
628,72,644,262,0,-186,1
628,74,722,117,0,-73,0
628,75,162,100,0,86,0
628,78,525,246,0,-159,1
628,85,483,547,0,42,0
628,88,522,296,0,-206,1
628,89,421,510,0,-122,1
628,92,194,379,0,-2,1
628,94,175,168,0,49,1
628,99,303,297,0,-156,0
628,100,18,147,0,89,1
628,101,399,133,0,-217,1
628,104,223,158,0,-195,1
628,105,457,150,0,73,1
628,106,97,367,0,15,1
628,107,80,383,0,-261,1
628,108,521,115,0,-105,1
628,111,145,363,0,-5,1
628,112,446,145,0,6,1
628,114,705,487,0,57,0
628,115,748,221,0,-70,1
628,116,266,242,0,-173,1
628,117,111,112,0,-42,1
628,118,442,147,0,55,1
628,119,521,115,0,-105,1
629,0,224,303,0,28,0
629,1,201,70,0,-212,0
629,2,738,366,0,-37,0
629,3,124,282,0,-267,0
629,4,125,284,0,-35,0
629,5,669,364,0,-102,0
629,6,101,726,0,-90,0
629,7,288,305,0,-246,0
629,8,449,584,0,-121,0
629,9,387,594,0,-41,0
629,10,437,697,0,-241,0
629,11,328,739,0,-259,0
629,12,117,600,0,-127,0
629,13,378,83,0,-231,0
629,14,3,454,0,69,0
629,15,192,592,0,-197,0
629,16,477,284,0,20,0
629,17,451,413,0,-103,0
629,18,646,439,0,39,0
629,19,89,595,0,-105,0
629,23,186,120,0,49,1
629,53,458,160,0,17,1
629,54,734,242,0,-51,1
629,64,294,352,0,-147,1
629,68,81,377,0,-225,1
629,69,351,281,0,43,1
629,72,643,265,0,-186,1
629,74,725,116,0,-73,0
629,75,159,99,0,86,0
629,78,526,249,0,-159,1
629,85,481,545,0,42,0
629,88,521,299,0,-206,1
629,89,423,511,0,-122,1
629,92,194,376,0,-2,1
629,94,173,166,0,49,1
629,99,305,300,0,-156,0
629,100,15,147,0,89,1
629,101,398,136,0,-198,1
629,104,224,161,0,-167,1
629,105,454,150,0,73,1
629,106,96,364,0,15,1
629,107,77,383,0,-261,1
629,108,524,116,0,-105,1
629,111,146,360,0,-14,1
629,112,445,142,0,6,1
629,114,703,485,0,57,0
629,115,751,220,0,-70,1
629,116,266,245,0,-165,1
629,117,112,109,0,-15,1
629,118,440,145,0,54,1
629,119,524,116,0,-105,1
630,0,221,302,0,55,0
630,1,200,72,0,-212,0
630,2,740,363,0,-37,0
630,3,121,282,0,-267,0
630,4,126,282,0,-18,0
630,5,672,365,0,-102,0
630,6,104,726,0,-90,0
630,7,285,305,0,-268,0
630,8,451,586,0,-121,0
630,9,389,591,0,-41,0
630,10,434,698,0,-241,0
630,11,325,740,0,-247,0
630,12,117,600,0,-127,0
630,13,375,83,0,-259,0
630,14,0,453,0,69,0
630,15,192,592,0,-197,0
630,16,476,281,0,20,0
630,17,454,413,0,-103,0
630,18,644,437,0,43,0
630,19,92,595,0,-105,0
630,23,184,118,0,49,1
630,53,457,157,0,17,1
630,54,736,241,0,-51,1
630,64,295,355,0,-147,1
630,68,79,379,0,-225,1
630,69,348,280,0,72,1
630,72,643,268,0,-186,1
630,74,728,115,0,-73,0
630,75,156,99,0,86,0
630,78,526,252,0,-177,1
630,85,479,542,0,42,0
630,88,520,302,0,-206,1
630,89,426,513,0,-122,1
630,92,194,373,0,-2,1
630,94,171,164,0,49,1
630,99,306,303,0,-156,0
630,100,12,147,0,89,1
630,101,397,139,0,-198,1
630,104,225,164,0,-167,1
630,105,451,149,0,73,1
630,106,95,361,0,12,1
630,107,74,384,0,-261,1
630,108,527,116,0,-105,1
630,111,145,357,0,15,1
630,112,445,139,0,6,1
630,114,700,483,0,57,0
630,115,3,219,0,-64,1
630,116,266,248,0,-191,1
630,117,113,106,0,-15,1
630,118,438,143,0,54,1
630,119,527,116,0,-105,1
631,0,218,301,0,74,0
631,1,198,75,0,-211,0
631,2,740,360,0,-8,0
631,3,118,281,0,65,0
631,4,127,279,0,-6,0
631,5,675,365,0,-102,0
631,6,107,726,0,-90,0
631,7,282,305,0,-268,0
631,8,454,588,0,-121,0
631,9,391,589,0,-41,0
631,10,431,699,0,-241,0
631,11,322,740,0,-266,0
631,12,117,600,0,-127,0
631,13,372,84,0,-259,0
631,14,-3,452,0,69,0
631,15,192,592,0,-197,0
631,16,475,278,0,20,0
631,17,457,414,0,-103,0
631,18,642,435,0,43,0
631,19,95,596,0,-105,0
631,23,181,116,0,49,1
631,53,456,155,0,17,1
631,54,738,239,0,-51,1
631,64,296,358,0,-171,1
631,68,77,381,0,-225,1
631,69,345,279,0,72,1
631,72,643,271,0,-186,1
631,74,731,114,0,-73,0
631,75,153,99,0,86,0
631,78,526,255,0,-177,1
631,85,477,540,0,42,0
631,88,518,304,0,-206,1
631,89,428,514,0,-122,1
631,92,194,370,0,-2,1
631,94,168,162,0,49,1
631,99,307,305,0,-156,0
631,100,9,147,0,89,1
631,101,396,142,0,-198,1
631,104,225,167,0,-167,1
631,105,448,148,0,73,1
631,106,94,358,0,31,1
631,107,71,385,0,-244,1
631,108,530,117,0,-105,1
631,111,145,354,0,15,1
631,112,445,136,0,6,1
631,114,698,482,0,57,0
631,115,5,217,0,-64,1
631,116,265,251,0,-191,1
631,117,114,103,0,-15,1
631,118,435,142,0,54,1
631,119,530,117,0,-105,1
631,120,518,304,0,-206,1
632,0,215,300,0,74,0
632,1,197,77,0,-211,0
632,2,740,357,0,5,0
632,3,116,280,0,65,0
632,4,128,276,0,-17,0
632,5,678,366,0,-102,0
632,6,110,726,0,-90,0
632,7,279,306,0,-268,0
632,8,456,589,0,-121,0
632,9,393,587,0,-41,0
632,10,429,701,0,-236,0
632,11,319,740,0,-266,0
632,12,117,600,0,-127,0
632,13,370,83,0,72,0
632,14,747,451,0,69,0
632,15,192,592,0,-197,0
632,16,474,275,0,20,0
632,17,460,415,0,-103,0
632,18,640,432,0,24,0
632,19,98,597,0,-105,0
632,23,179,114,0,49,1
632,53,455,152,0,17,1
632,54,741,237,0,-51,1
632,64,296,361,0,-171,1
632,68,74,382,0,-245,1
632,69,342,278,0,63,1
632,72,643,274,0,-170,1
632,74,733,114,0,-73,0
632,75,150,99,0,86,0
632,78,527,257,0,-151,1
632,85,475,538,0,42,0
632,88,517,307,0,-206,1
632,89,431,516,0,-122,1
632,92,194,367,0,-2,1
632,94,166,160,0,49,1
632,99,308,308,0,-156,0
632,100,6,147,0,89,1
632,101,395,145,0,-198,1
632,104,226,170,0,-167,1
632,105,445,147,0,73,1
632,106,92,356,0,31,1
632,107,68,386,0,-244,1
632,108,533,118,0,-105,1
632,111,144,351,0,15,1
632,112,446,133,0,-15,1
632,114,695,480,0,57,0
632,115,8,216,0,-64,1
632,116,265,254,0,-191,1
632,117,114,100,0,-15,1
632,118,433,140,0,54,1
632,119,533,118,0,-105,1
632,120,517,307,0,-206,1
633,0,213,299,0,74,0
633,1,194,79,0,-226,0
633,2,740,354,0,5,0
633,3,113,279,0,65,0
633,4,129,273,0,-17,0
633,5,680,367,0,-102,0
633,6,113,725,0,-69,0
633,7,276,306,0,-268,0
633,8,459,591,0,-121,0
633,9,395,585,0,-41,0
633,10,426,703,0,-236,0
633,11,316,741,0,-266,0
633,12,117,600,0,-127,0
633,13,367,82,0,72,0
633,14,745,449,0,44,0
633,15,192,592,0,-197,0
633,16,473,273,0,16,0
633,17,463,415,0,-103,0
633,18,639,429,0,24,0
633,19,101,598,0,-105,0
633,23,178,111,0,29,1
633,53,454,149,0,17,1
633,54,743,235,0,-51,1
633,64,297,364,0,-171,1
633,68,72,384,0,-234,1
633,69,340,276,0,63,1
633,72,644,277,0,-170,1
633,74,736,113,0,-73,0
633,75,147,99,0,86,0
633,78,529,260,0,-151,1
633,85,473,536,0,42,0
633,88,516,310,0,-206,1
633,89,433,518,0,-136,1
633,92,194,364,0,0,1
633,94,164,158,0,49,1
633,99,309,311,0,-156,0
633,100,3,147,0,89,1
633,101,395,147,0,-195,1
633,104,227,173,0,-167,1
633,105,443,145,0,56,1
633,106,90,353,0,31,1
633,107,65,388,0,-246,1
633,108,536,119,0,-105,1
633,111,143,348,0,15,1
633,112,446,130,0,-15,1
633,114,693,478,0,57,0
633,115,11,215,0,-64,1
633,116,264,257,0,-191,1
633,117,115,97,0,-15,1
633,118,430,138,0,54,1
633,119,536,119,0,-105,1
633,120,516,310,0,-206,1
634,0,210,298,0,74,0
634,1,192,81,0,-226,0
634,2,739,351,0,5,0
634,3,110,277,0,65,0
634,4,129,270,0,-17,0
634,5,683,367,0,-102,0
634,6,116,724,0,-69,0
634,7,273,306,0,-268,0
634,8,461,592,0,-121,0
634,9,397,582,0,-41,0
634,10,424,704,0,-236,0
634,11,313,741,0,-266,0
634,12,117,600,0,-127,0
634,13,364,81,0,72,0
634,14,743,447,0,44,0
634,15,192,592,0,-197,0
634,16,473,270,0,16,0
634,17,466,416,0,-103,0
634,18,638,426,0,24,0
634,19,104,598,0,-105,0
634,23,176,108,0,29,1
634,53,453,146,0,17,1
634,54,745,233,0,-51,1
634,64,297,367,0,-171,1
634,68,70,387,0,-214,1
634,69,337,275,0,63,1
634,72,644,280,0,-170,1
634,74,739,112,0,-73,0
634,75,144,97,0,61,0
634,78,530,262,0,-151,1
634,85,471,533,0,42,0
634,88,514,312,0,-215,1
634,89,434,521,0,-156,1
634,92,194,361,0,0,1
634,94,162,156,0,49,1
634,99,311,314,0,-156,0
634,100,0,147,0,89,1
634,101,394,150,0,-187,1
634,104,227,176,0,-167,1
634,105,440,144,0,69,1
634,106,89,351,0,31,1
634,107,63,389,0,-246,1
634,108,539,119,0,-105,1
634,111,144,345,0,-13,1
634,112,448,127,0,-37,1
634,114,690,477,0,57,0
634,115,14,214,0,-64,1
634,116,263,260,0,-191,1
634,117,116,94,0,-15,1
634,118,428,136,0,53,1
634,119,539,120,0,-115,1
634,120,514,312,0,-206,1
635,0,207,297,0,74,0
635,1,190,84,0,-226,0
635,2,739,348,0,5,0
635,3,108,276,0,65,0
635,4,130,267,0,-17,0
635,5,686,368,0,-102,0
635,6,119,723,0,-69,0
635,7,270,306,0,-268,0
635,8,464,594,0,-121,0
635,9,399,580,0,-40,0
635,10,421,706,0,-236,0
635,11,310,741,0,-266,0
635,12,117,600,0,-127,0
635,13,361,80,0,72,0
635,14,741,444,0,44,0
635,15,192,592,0,-197,0
635,16,472,267,0,16,0
635,17,469,417,0,-103,0
635,18,637,424,0,24,0
635,19,107,599,0,-105,0
635,23,175,106,0,29,1
635,53,452,143,0,36,1
635,54,748,231,0,-51,1
635,64,297,369,0,-195,1
635,68,69,389,0,-214,1
635,69,334,274,0,63,1
635,72,645,283,0,-170,1
635,74,742,111,0,-73,0
635,75,141,96,0,61,0
635,78,532,265,0,-151,1
635,85,468,531,0,42,0
635,88,512,315,0,-215,1
635,89,435,524,0,-156,1
635,92,196,359,0,-28,1
635,94,159,154,0,49,1
635,99,312,316,0,-144,0
635,100,-3,147,0,89,1
635,101,394,153,0,-187,1
635,104,228,179,0,-167,1
635,105,437,143,0,74,1
635,106,87,348,0,31,1
635,107,60,390,0,-246,1
635,108,542,120,0,-105,1
635,111,144,342,0,-13,1
635,112,450,125,0,-44,1
635,114,688,475,0,57,0
635,115,16,212,0,-64,1
635,116,263,263,0,-191,1
635,117,117,91,0,-15,1
635,118,426,134,0,53,1
635,119,541,121,0,-115,1
635,120,513,315,0,-206,1
636,0,204,297,0,74,0
636,1,188,86,0,-216,0
636,2,739,345,0,5,0
636,3,105,275,0,65,0
636,4,131,264,0,-15,0
636,5,689,369,0,-102,0
636,6,121,722,0,-69,0
636,7,267,306,0,-268,0
636,8,467,595,0,-121,0
636,9,401,578,0,-40,0
636,10,419,708,0,-236,0
636,11,307,741,0,-260,0
636,12,117,600,0,-127,0
636,13,359,78,0,52,0
636,14,738,443,0,64,0
636,15,192,592,0,-197,0
636,16,471,264,0,16,0
636,17,472,417,0,-103,0
636,18,635,421,0,24,0
636,19,110,600,0,-105,0
636,23,173,103,0,29,1
636,53,449,141,0,45,1
636,54,750,229,0,-51,1
636,64,297,372,0,-179,1
636,68,67,392,0,-214,1
636,69,332,272,0,63,1
636,72,646,286,0,-170,1
636,74,745,110,0,-73,0
636,75,139,94,0,61,0
636,78,534,267,0,-134,1
636,85,466,529,0,42,0
636,88,510,316,0,-233,1
636,89,436,526,0,-156,1
636,92,197,356,0,-28,1
636,94,157,152,0,49,1
636,99,314,318,0,-144,0
636,100,747,147,0,89,1
636,101,394,156,0,-187,1
636,104,229,181,0,-167,1
636,105,434,142,0,74,1
636,106,86,345,0,25,1
636,107,57,391,0,-246,1
636,108,544,121,0,-105,1
636,111,145,339,0,-13,1
636,112,452,123,0,-44,1
636,114,685,474,0,57,0
636,115,19,210,0,-50,1
636,116,262,266,0,-191,1
636,117,118,88,0,-15,1
636,118,423,133,0,53,1
636,119,544,122,0,-115,1
636,120,512,318,0,-206,1
637,0,201,296,0,74,0
637,1,187,88,0,-216,0
637,2,738,342,0,5,0
637,3,102,274,0,65,0
637,4,132,261,0,-15,0
637,5,692,369,0,-102,0
637,6,124,721,0,-69,0
637,7,265,307,0,-250,0
637,8,469,597,0,-121,0
637,9,403,576,0,-40,0
637,10,416,708,0,-257,0
637,11,304,742,0,-260,0
637,12,117,600,0,-127,0
637,13,356,76,0,52,0
637,14,736,442,0,64,0
637,15,192,592,0,-197,0
637,16,470,261,0,16,0
637,17,475,418,0,-103,0
637,18,634,418,0,24,0
637,19,112,601,0,-105,0
637,23,172,101,0,29,1
637,53,447,139,0,45,1
637,54,2,227,0,-51,1
637,64,297,375,0,-179,1
637,68,65,394,0,-214,1
637,69,330,270,0,42,1
637,72,646,289,0,-170,1
637,74,747,109,0,-57,0
637,75,136,93,0,61,0
637,78,536,269,0,-134,1
637,85,464,527,0,42,0
637,88,507,318,0,-233,1
637,89,438,529,0,-156,1
637,92,199,353,0,-28,1
637,94,155,150,0,49,1
637,99,316,321,0,-144,0
637,100,744,147,0,89,1
637,101,393,159,0,-187,1
637,104,229,184,0,-167,1
637,105,431,142,0,74,1
637,106,85,343,0,25,1
637,107,54,392,0,-246,1
637,108,547,120,0,-81,1
637,111,146,337,0,-13,1
637,112,455,122,0,-67,1
637,114,683,472,0,57,0
637,115,21,210,0,-79,1
637,116,263,268,0,-163,1
637,117,118,86,0,-15,1
637,118,421,131,0,53,1
637,119,547,124,0,-115,1
637,120,510,320,0,-223,1
638,0,198,295,0,74,0
638,1,186,91,0,-194,0
638,2,739,340,0,-15,0
638,3,99,272,0,65,0
638,4,133,259,0,-26,0
638,5,695,370,0,-102,0
638,6,127,720,0,-69,0
638,7,262,308,0,-250,0
638,8,471,599,0,-130,0
638,9,405,573,0,-40,0
638,10,413,708,0,84,0
638,11,301,743,0,-260,0
638,12,117,600,0,-127,0
638,13,354,74,0,52,0
638,14,733,440,0,65,0
638,15,192,592,0,-197,0
638,16,469,258,0,16,0
638,17,478,419,0,-103,0
638,18,633,415,0,24,0
638,19,115,602,0,-109,0
638,23,170,98,0,29,1
638,53,445,137,0,45,1
638,54,4,225,0,-45,1
638,64,297,378,0,-179,1
638,68,64,397,0,-214,1
638,69,327,269,0,70,1
638,72,647,292,0,-170,1
638,74,750,107,0,-57,0
638,75,134,91,0,61,0
638,78,538,271,0,-134,1
638,85,462,525,0,42,0
638,88,505,320,0,-234,1
638,89,439,532,0,-156,1
638,92,200,351,0,-28,1
638,94,153,148,0,49,1
638,99,318,323,0,-144,0
638,100,741,147,0,89,1
638,101,393,162,0,-187,1
638,104,231,187,0,-143,1
638,105,428,141,0,74,1
638,106,84,340,0,25,1
638,107,52,393,0,-255,1
638,108,550,120,0,-81,1
638,111,146,334,0,-13,1
638,112,458,121,0,-79,1
638,114,680,470,0,57,0
638,115,24,208,0,-56,1
638,116,264,271,0,-163,1
638,117,119,83,0,-15,1
638,118,418,129,0,53,1
638,119,549,126,0,-130,1
638,120,507,322,0,-223,1
639,0,195,294,0,74,0
639,1,185,94,0,-194,0
639,2,741,337,0,-28,0
639,3,97,271,0,65,0
639,4,134,256,0,-26,0
639,5,698,369,0,-81,0
639,6,130,720,0,-93,0
639,7,259,309,0,-250,0
639,8,474,601,0,-130,0
639,9,407,571,0,-40,0
639,10,410,708,0,84,0
639,11,298,743,0,-260,0
639,12,117,600,0,-127,0
639,13,352,73,0,52,0
639,14,730,439,0,53,0
639,15,192,592,0,-197,0
639,16,469,255,0,16,0
639,17,481,419,0,-103,0
639,18,631,413,0,49,0
639,19,118,603,0,-109,0
639,23,169,95,0,29,1
639,53,444,134,0,20,1
639,54,7,223,0,-45,1
639,64,297,381,0,-179,1
639,68,62,399,0,-214,1
639,69,324,268,0,70,1
639,72,647,295,0,-179,1
639,74,3,105,0,-57,0
639,75,131,90,0,61,0
639,78,540,273,0,-134,1
639,85,460,522,0,42,0
639,88,502,322,0,-234,1
639,89,440,535,0,-156,1
639,92,201,348,0,-28,1
639,94,150,146,0,49,1
639,99,319,326,0,-144,0
639,100,738,147,0,89,1
639,101,393,165,0,-187,1
639,104,233,189,0,-143,1
639,105,425,140,0,74,1
639,106,82,337,0,25,1
639,107,49,394,0,-255,1
639,108,553,121,0,-106,1
639,111,147,331,0,-13,1
639,112,461,121,0,-79,1
639,114,678,469,0,57,0
639,115,27,206,0,-58,1
639,116,265,274,0,-163,1
639,117,120,80,0,-15,1
639,118,416,127,0,53,1
639,119,551,128,0,-130,1
639,120,505,324,0,-223,1
640,0,192,293,0,74,0
640,1,184,97,0,-194,0
640,2,742,334,0,-28,0
640,3,94,270,0,65,0
640,4,136,253,0,-26,0
640,5,701,369,0,-75,0
640,6,133,720,0,-93,0
640,7,256,310,0,-250,0
640,8,476,603,0,-130,0
640,9,409,569,0,-40,0
640,10,407,707,0,84,0
640,11,295,744,0,-260,0
640,12,117,600,0,-127,0
640,13,349,72,0,75,0
640,14,728,437,0,51,0
640,15,192,592,0,-197,0
640,16,468,252,0,16,0
640,17,484,419,0,-77,0
640,18,628,411,0,49,0
640,19,121,604,0,-109,0
640,23,167,93,0,29,1
640,53,443,131,0,20,1
640,54,9,221,0,-52,1
640,64,297,384,0,-179,1
640,68,60,402,0,-214,1
640,69,321,267,0,70,1
640,72,647,298,0,-179,1
640,74,5,104,0,-57,0
640,75,128,88,0,61,0
640,78,543,275,0,-134,1
640,85,458,520,0,42,0
640,88,500,323,0,-234,1
640,89,441,537,0,-156,1
640,92,202,345,0,-4,1
640,94,148,144,0,49,1
640,99,321,328,0,-144,0
640,100,735,147,0,89,1
640,101,392,168,0,-187,1
640,104,235,192,0,-143,1
640,105,422,139,0,74,1
640,106,81,334,0,25,1
640,107,46,395,0,-255,1
640,108,556,122,0,-114,1
640,111,148,328,0,-13,1
640,112,464,120,0,-79,1
640,114,675,468,0,70,0
640,115,29,205,0,-58,1
640,116,266,277,0,-163,1
640,117,121,77,0,-15,1
640,118,414,125,0,53,1
640,119,554,129,0,-130,1
640,120,503,326,0,-223,1
641,0,189,292,0,74,0
641,1,184,100,0,-194,0
641,2,745,332,0,-53,0
641,3,91,269,0,65,0
641,4,137,251,0,-26,0
641,5,704,368,0,-75,0
641,6,136,720,0,-93,0
641,7,253,311,0,-250,0
641,8,478,605,0,-130,0
641,9,410,566,0,-40,0
641,10,404,708,0,-250,0
641,11,292,744,0,-266,0
641,12,117,600,0,-127,0
641,13,346,71,0,75,0
641,14,726,435,0,51,0
641,15,192,592,0,-197,0
641,16,467,249,0,16,0
641,17,486,418,0,-74,0
641,18,626,409,0,49,0
641,19,124,605,0,-109,0
641,23,166,90,0,29,1
641,53,442,129,0,20,1
641,54,11,219,0,-52,1
641,64,297,387,0,-179,1
641,68,59,404,0,-214,1
641,69,319,265,0,55,1
641,72,647,301,0,-179,1
641,74,8,102,0,-57,0
641,75,126,87,0,61,0
641,78,545,277,0,-134,1
641,85,456,518,0,42,0
641,88,498,325,0,-234,1
641,89,442,540,0,-156,1
641,92,202,342,0,-4,1
641,94,146,142,0,49,1
641,99,324,330,0,-121,0
641,100,732,147,0,89,1
641,101,392,171,0,-178,1
641,104,237,194,0,-138,1
641,105,420,138,0,74,1
641,106,80,332,0,25,1
641,107,43,396,0,-255,1
641,108,558,124,0,-133,1
641,111,148,325,0,-13,1
641,112,467,120,0,-79,1
641,114,672,467,0,75,0
641,115,32,203,0,-58,1
641,116,267,280,0,-163,1
641,118,411,124,0,53,1
641,119,556,131,0,-130,1
641,120,501,329,0,-223,1
642,0,187,292,0,74,0
642,1,183,103,0,-192,0
642,2,747,331,0,-69,0
642,3,88,267,0,65,0
642,4,138,248,0,-26,0
642,5,707,367,0,-75,0
642,6,139,721,0,-107,0
642,7,250,312,0,-250,0
642,8,481,606,0,-115,0
642,9,412,564,0,-40,0
642,10,401,710,0,-250,0
642,11,289,743,0,70,0
642,12,117,600,0,-127,0
642,13,343,70,0,75,0
642,14,723,433,0,51,0
642,15,192,592,0,-197,0
642,16,465,247,0,33,0
642,17,489,417,0,-74,0
642,18,624,407,0,47,0
642,19,127,605,0,-88,0
642,23,164,87,0,29,1
642,53,441,126,0,20,1
642,54,14,217,0,-52,1
642,64,297,390,0,-179,1
642,68,58,407,0,-188,1
642,69,316,264,0,55,1
642,72,647,304,0,-179,1
642,74,10,100,0,-57,0
642,75,123,85,0,61,0
642,78,547,280,0,-134,1
642,85,454,517,0,63,0
642,88,495,327,0,-234,1
642,89,444,543,0,-156,1
642,92,202,339,0,-4,1
642,94,144,140,0,49,1
642,99,326,331,0,-121,0
642,100,729,147,0,89,1
642,101,392,174,0,-178,1
642,104,239,196,0,-138,1
642,105,417,137,0,74,1
642,106,79,329,0,25,1
642,107,40,396,0,-255,1
642,108,560,126,0,-133,1
642,111,149,322,0,-13,1
642,112,470,119,0,-79,1
642,114,669,466,0,75,0
642,115,34,202,0,-58,1
642,116,268,283,0,-163,1
642,118,409,122,0,53,1
642,119,558,133,0,-130,1
642,120,499,331,0,-223,1
642,121,149,322,0,-13,1
643,0,184,290,0,67,0
643,1,182,106,0,-192,0
643,2,750,330,0,-69,0
643,3,86,266,0,65,0
643,4,140,245,0,-26,0
643,5,710,368,0,-102,0
643,6,142,722,0,-107,0
643,7,248,313,0,-250,0
643,8,484,607,0,-115,0
643,9,414,562,0,-40,0
643,10,399,711,0,-250,0
643,11,287,742,0,70,0
643,12,117,600,0,-127,0
643,13,340,70,0,75,0
643,14,721,431,0,51,0
643,15,192,592,0,-197,0
643,16,464,244,0,33,0
643,17,492,416,0,-74,0
643,18,622,405,0,47,0
643,19,130,604,0,-88,0
643,23,163,85,0,29,1
643,53,440,123,0,20,1
643,54,16,216,0,-52,1
643,64,297,393,0,-179,1
643,68,58,410,0,-188,1
643,69,314,262,0,55,1
643,72,647,307,0,-179,1
643,74,13,99,0,-57,0
643,75,121,84,0,61,0
643,78,549,282,0,-134,1
643,85,451,515,0,63,0
643,88,493,329,0,-234,1
643,89,446,545,0,-128,1
643,92,202,336,0,-4,1
643,94,141,138,0,49,1
643,99,329,333,0,-121,0
643,100,726,147,0,89,1
643,101,393,177,0,-178,1
643,104,241,198,0,-138,1
643,105,414,137,0,74,1
643,106,77,326,0,25,1
643,107,37,397,0,-255,1
643,108,562,129,0,-146,1
643,111,150,319,0,-13,1
643,112,473,119,0,-79,1
643,114,666,465,0,75,0
643,115,37,200,0,-55,1
643,116,268,286,0,-163,1
643,118,406,120,0,53,1
643,119,560,136,0,-141,1
643,120,497,333,0,-223,1
643,121,150,319,0,-13,1
644,0,181,289,0,67,0
644,1,182,109,0,-192,0
644,2,3,329,0,-69,0
644,3,83,265,0,65,0
644,4,141,242,0,-26,0
644,5,713,368,0,-102,0
644,6,145,723,0,-107,0
644,7,245,314,0,-250,0
644,8,486,608,0,-115,0
644,9,416,559,0,-40,0
644,10,396,712,0,-250,0
644,11,284,741,0,70,0
644,12,117,600,0,-127,0
644,13,337,68,0,58,0
644,14,719,429,0,51,0
644,15,192,592,0,-197,0
644,16,462,242,0,33,0
644,17,495,415,0,-74,0
644,18,620,403,0,47,0
644,19,133,604,0,-88,0
644,23,161,82,0,29,1
644,53,439,120,0,20,1
644,54,18,214,0,-52,1
644,64,298,396,0,-153,1
644,68,57,413,0,-188,1
644,69,311,260,0,55,1
644,72,647,310,0,-179,1
644,74,15,97,0,-57,0
644,75,118,83,0,61,0
644,78,551,284,0,-134,1
644,85,448,514,0,63,0
644,88,491,331,0,-218,1
644,89,448,546,0,-128,1
644,92,202,333,0,-1,1
644,94,139,137,0,63,1
644,99,332,334,0,-121,0
644,100,723,147,0,89,1
644,101,393,180,0,-178,1
644,104,243,201,0,-138,1
644,105,411,136,0,74,1
644,106,76,323,0,17,1
644,107,34,398,0,-255,1
644,108,564,131,0,-146,1
644,111,150,316,0,-13,1
644,112,476,118,0,-79,1
644,114,663,465,0,75,0
644,115,39,198,0,-55,1
644,116,269,288,0,-163,1
644,118,404,118,0,53,1
644,119,562,138,0,-141,1
644,120,495,335,0,-223,1
644,121,150,316,0,-13,1
645,0,178,288,0,64,0
645,1,181,112,0,-192,0
645,2,6,328,0,-69,0
645,3,80,264,0,65,0
645,4,142,240,0,-26,0
645,5,716,369,0,-102,0
645,6,147,724,0,-107,0
645,7,242,315,0,-250,0
645,8,489,610,0,-115,0
645,9,418,557,0,-40,0
645,10,393,713,0,-250,0
645,11,281,740,0,70,0
645,12,117,600,0,-127,0
645,13,335,66,0,58,0
645,14,716,427,0,51,0
645,15,192,592,0,-197,0
645,16,460,239,0,33,0
645,17,498,415,0,-74,0
645,18,617,401,0,47,0
645,19,136,604,0,-88,0
645,23,160,80,0,29,1
645,53,438,117,0,20,1
645,54,21,212,0,-52,1
645,64,300,399,0,-153,1
645,68,57,416,0,-188,1
645,69,309,258,0,55,1
645,72,645,313,0,-208,1
645,74,18,96,0,-57,0
645,75,115,81,0,61,0
645,78,553,286,0,-134,1
645,85,446,512,0,63,0
645,88,489,333,0,-218,1
645,89,451,548,0,-128,1
645,92,203,330,0,-1,1
645,94,136,135,0,63,1
645,99,334,336,0,-121,0
645,100,720,147,0,-268,1
645,101,393,183,0,-175,1
645,104,245,203,0,-138,1
645,105,408,135,0,74,1
645,106,76,321,0,17,1
645,107,31,399,0,-255,1
645,108,565,133,0,-146,1
645,111,151,313,0,-13,1
645,112,479,118,0,-79,1
645,114,660,464,0,75,0
645,115,41,196,0,-36,1
645,116,269,291,0,-184,1
645,118,402,116,0,53,1
645,119,564,140,0,-141,1
645,120,493,337,0,-223,1
645,121,151,313,0,-13,1
646,0,176,287,0,64,0
646,1,181,115,0,-192,0
646,2,8,327,0,-67,0
646,3,77,263,0,80,0
646,4,144,237,0,-26,0
646,5,719,370,0,-102,0
646,6,150,725,0,-118,0
646,7,239,316,0,-250,0
646,8,492,611,0,-115,0
646,9,420,555,0,-40,0
646,10,390,714,0,-250,0
646,11,278,739,0,70,0
646,12,117,600,0,-127,0
646,13,332,65,0,58,0
646,14,714,427,0,72,0
646,15,192,592,0,-197,0
646,16,459,237,0,33,0
646,17,501,414,0,-74,0
646,18,615,399,0,47,0
646,19,139,604,0,-88,0
646,23,159,77,0,29,1
646,53,437,115,0,20,1
646,54,23,210,0,-52,1
646,64,301,401,0,-153,1
646,68,57,419,0,-188,1
646,69,306,257,0,55,1
646,72,644,315,0,-208,1
646,74,20,94,0,-57,0
646,75,112,80,0,70,0
646,78,556,288,0,-134,1
646,85,443,511,0,63,0
646,88,487,336,0,-218,1
646,89,453,550,0,-128,1
646,92,203,327,0,-1,1
646,94,133,134,0,63,1
646,99,337,336,0,-99,0
646,100,717,147,0,-268,1
646,101,393,186,0,-177,1
646,104,247,205,0,-138,1
646,105,405,134,0,74,1
646,106,75,318,0,17,1
646,107,28,399,0,-255,1
646,108,567,136,0,-146,1
646,111,152,310,0,-13,1
646,112,482,117,0,-79,1
646,114,658,463,0,75,0
646,115,43,194,0,-59,1
646,116,269,294,0,-184,1
646,118,399,115,0,53,1
646,119,566,143,0,-141,1
646,120,491,340,0,-223,1
646,121,152,310,0,-13,1
647,0,173,285,0,64,0
647,1,180,118,0,-192,0
647,2,11,326,0,-67,0
647,3,74,263,0,80,0
647,4,145,234,0,-26,0
647,5,721,370,0,-102,0
647,6,153,726,0,-100,0
647,7,236,317,0,-250,0
647,8,495,612,0,-115,0
647,9,422,553,0,-40,0
647,10,387,715,0,-250,0
647,11,275,738,0,70,0
647,12,117,600,0,-127,0
647,13,330,63,0,58,0
647,14,711,426,0,72,0
647,15,192,592,0,-197,0
647,16,459,234,0,3,0
647,17,504,413,0,-74,0
647,18,613,397,0,47,0
647,19,142,604,0,-88,0
647,23,159,74,0,1,1
647,53,436,112,0,20,1
647,54,25,208,0,-52,1
647,64,302,404,0,-153,1
647,68,56,422,0,-188,1
647,69,304,255,0,55,1
647,72,643,318,0,-208,1
647,74,23,92,0,-60,0
647,75,110,79,0,70,0
647,78,558,290,0,-134,1
647,85,440,510,0,63,0
647,88,485,338,0,-218,1
647,89,456,552,0,-128,1
647,92,202,324,0,5,1
647,94,131,133,0,63,1
647,99,340,337,0,-99,0
647,100,714,147,0,-268,1
647,101,392,189,0,-206,1
647,104,249,207,0,-138,1
647,105,402,133,0,74,1
647,106,74,315,0,17,1
647,107,25,400,0,-255,1
647,108,569,138,0,-146,1
647,111,152,307,0,-13,1
647,112,485,116,0,-79,1
647,114,655,462,0,75,0
647,115,46,193,0,-59,1
647,116,269,297,0,-180,1
647,118,397,113,0,53,1
647,119,568,145,0,-141,1
647,120,489,342,0,-223,1
647,121,152,307,0,-13,1
648,0,170,284,0,64,0
648,1,179,121,0,-192,0
648,2,14,325,0,-67,0
648,3,71,262,0,80,0
648,4,146,232,0,-26,0
648,5,724,371,0,-102,0
648,6,156,726,0,-100,0
648,7,234,318,0,-250,0
648,8,497,613,0,-115,0
648,9,425,551,0,-70,0
648,10,384,716,0,-250,0
648,11,272,737,0,70,0
648,12,117,600,0,-127,0
648,13,327,62,0,58,0
648,14,708,425,0,72,0
648,15,192,592,0,-197,0
648,16,459,231,0,3,0
648,17,507,412,0,-74,0
648,18,611,395,0,47,0
648,19,145,604,0,-88,0
648,23,158,71,0,1,1
648,53,435,109,0,20,1
648,54,28,206,0,-52,1
648,64,304,407,0,-153,1
648,68,57,425,0,-165,1
648,69,301,253,0,55,1
648,72,641,321,0,-208,1
648,74,25,91,0,-60,0
648,75,107,78,0,70,0
648,78,560,292,0,-134,1
648,85,438,508,0,63,0
648,88,484,341,0,-218,1
648,89,458,554,0,-128,1
648,92,202,321,0,5,1
648,94,128,131,0,63,1
648,99,343,337,0,-99,0
648,100,711,147,0,-268,1
648,101,390,191,0,-220,1
648,104,251,210,0,-138,1
648,105,399,133,0,74,1
648,106,73,312,0,17,1
648,107,23,401,0,-255,1
648,108,571,141,0,-146,1
648,111,153,304,0,-13,1
648,112,487,115,0,-71,1
648,114,652,462,0,75,0
648,115,48,191,0,-53,1
648,116,270,300,0,-155,1
648,118,395,111,0,49,1
648,119,570,147,0,-132,1
648,120,487,343,0,-234,1
648,121,153,304,0,-13,1
649,0,168,283,0,64,0
649,1,179,123,0,-192,0
649,2,17,323,0,-67,0
649,3,68,262,0,80,0
649,4,148,229,0,-26,0
649,5,727,371,0,-102,0
649,6,159,727,0,-100,0
649,7,231,319,0,-250,0
649,8,500,615,0,-115,0
649,9,428,552,0,-92,0
649,10,382,717,0,-250,0
649,11,270,736,0,74,0
649,12,117,600,0,-127,0
649,13,325,60,0,58,0
649,14,705,423,0,52,0
649,15,192,592,0,-197,0
649,16,458,228,0,3,0
649,17,510,411,0,-74,0
649,18,609,393,0,47,0
649,19,148,604,0,-88,0
649,23,158,68,0,1,1
649,53,434,106,0,20,1
649,54,30,204,0,-52,1
649,64,305,409,0,-153,1
649,68,58,428,0,-165,1
649,69,299,252,0,55,1
649,72,640,323,0,-204,1
649,74,28,89,0,-57,0
649,75,104,77,0,70,0
649,78,562,294,0,-134,1
649,85,435,507,0,63,0
649,88,482,343,0,-218,1
649,89,460,556,0,-128,1
649,92,201,318,0,20,1
649,94,125,130,0,63,1
649,99,346,338,0,-113,0
649,100,708,147,0,-268,1
649,101,388,194,0,-220,1
649,104,253,212,0,-138,1
649,105,397,132,0,74,1
649,106,72,309,0,17,1
649,107,20,402,0,-255,1
649,108,572,143,0,-146,1
649,111,154,301,0,-13,1
649,112,490,114,0,-71,1
649,114,649,461,0,75,0
649,115,51,189,0,-53,1
649,116,271,303,0,-155,1
649,118,392,109,0,49,1
649,119,572,149,0,-132,1
649,120,484,345,0,-234,1
649,121,154,301,0,-13,1
650,0,165,281,0,64,0
650,1,178,126,0,-192,0
650,2,19,322,0,-67,0
650,3,65,261,0,80,0
650,4,148,226,0,0,0
650,5,730,372,0,-102,0
650,6,162,727,0,-100,0
650,7,228,320,0,-250,0
650,8,503,616,0,-115,0
650,9,431,552,0,-92,0
650,10,379,718,0,-250,0
650,11,267,734,0,60,0
650,12,117,600,0,-127,0
650,13,322,58,0,58,0
650,14,703,421,0,52,0
650,15,192,592,0,-197,0
650,16,459,225,0,-18,0
650,17,512,410,0,-74,0
650,18,606,391,0,47,0
650,19,151,604,0,-104,0
650,23,158,65,0,1,1
650,53,433,103,0,20,1
650,54,32,203,0,-52,1
650,64,306,412,0,-153,1
650,68,59,431,0,-165,1
650,69,297,250,0,55,1
650,72,639,326,0,-204,1
650,74,30,88,0,-57,0
650,75,101,76,0,70,0
650,78,564,296,0,-134,1
650,85,432,506,0,63,0
650,88,479,345,0,-236,1
650,89,462,558,0,-143,1
650,92,200,315,0,20,1
650,94,123,128,0,48,1
650,99,349,338,0,-88,0
650,100,705,148,0,-268,1
650,101,386,196,0,-220,1
650,104,255,213,0,-125,1
650,105,394,131,0,74,1
650,106,71,306,0,17,1
650,107,17,402,0,-269,1
650,108,574,146,0,-146,1
650,111,155,299,0,-24,1
650,112,493,113,0,-71,1
650,114,646,460,0,75,0
650,115,53,187,0,-53,1
650,116,273,306,0,-155,1
650,118,390,107,0,49,1
650,119,574,151,0,-132,1
650,120,482,347,0,-234,1
650,121,155,299,0,-13,1
651,0,162,280,0,64,0
651,1,177,129,0,-192,0
651,2,22,321,0,-67,0
651,3,63,261,0,80,0
651,4,148,223,0,0,0
651,5,733,371,0,-77,0
651,6,165,728,0,-100,0
651,7,225,321,0,-250,0
651,8,506,617,0,-115,0
651,9,434,552,0,-92,0
651,10,376,719,0,-250,0
651,11,264,733,0,60,0
651,12,117,600,0,-127,0
651,13,320,57,0,58,0
651,14,701,419,0,52,0
651,15,192,592,0,-197,0
651,16,460,222,0,-18,0
651,17,515,410,0,-74,0
651,18,604,389,0,47,0
651,19,154,605,0,-104,0
651,23,158,62,0,1,1
651,53,432,101,0,20,1
651,54,35,201,0,-52,1
651,64,308,415,0,-153,1
651,68,58,434,0,-184,1
651,69,294,248,0,55,1
651,72,638,329,0,-204,1
651,74,33,86,0,-57,0
651,75,98,75,0,70,0
651,78,566,298,0,-134,1
651,85,430,504,0,63,0
651,88,477,346,0,-236,1
651,89,465,560,0,-121,1
651,92,199,313,0,20,1
651,94,121,126,0,48,1
651,99,352,338,0,-88,0
651,100,702,148,0,-268,1
651,101,384,198,0,-220,1
651,104,258,215,0,-125,1
651,105,391,130,0,74,1
651,106,70,303,0,17,1
651,107,14,402,0,-269,1
651,108,576,148,0,-146,1
651,111,156,296,0,-24,1
651,112,496,112,0,-71,1
651,114,643,459,0,75,0
651,115,56,186,0,-53,1
651,116,274,308,0,-155,1
651,118,388,105,0,49,1
651,119,577,153,0,-132,1
651,120,479,349,0,-234,1
651,121,155,296,0,-13,1
652,0,159,280,0,83,0
652,1,177,132,0,-192,0
652,2,25,320,0,-67,0
652,3,60,260,0,80,0
652,4,148,220,0,0,0
652,5,736,371,0,-77,0
652,6,168,728,0,-100,0
652,7,222,322,0,-252,0
652,8,508,618,0,-115,0
652,9,437,552,0,-92,0
652,10,373,720,0,-250,0
652,11,262,731,0,60,0
652,12,117,600,0,-127,0
652,13,317,55,0,58,0
652,14,698,417,0,52,0
652,15,192,592,0,-197,0
652,16,461,219,0,-18,0
652,17,518,409,0,-74,0
652,18,602,387,0,47,0
652,19,156,606,0,-104,0
652,23,157,59,0,19,1
652,53,431,98,0,20,1
652,54,37,199,0,-54,1
652,64,310,417,0,-142,1
652,68,58,437,0,-184,1
652,69,292,246,0,55,1
652,72,636,332,0,-203,1
652,74,35,84,0,-57,0
652,75,96,74,0,70,0
652,78,569,300,0,-134,1
652,85,427,503,0,63,0
652,88,474,348,0,-236,1
652,89,467,561,0,-121,1
652,92,198,310,0,20,1
652,94,119,124,0,48,1
652,99,355,338,0,-88,0
652,100,699,148,0,-268,1
652,101,382,200,0,-220,1
652,104,261,216,0,-97,1
652,105,388,129,0,74,1
652,106,69,300,0,17,1
652,107,11,403,0,-241,1
652,108,577,151,0,-146,1
652,111,157,293,0,-22,1
652,112,499,111,0,-71,1
652,114,640,459,0,-268,0
652,115,58,184,0,-53,1
652,116,276,310,0,-127,1
652,118,385,103,0,49,1
652,119,579,155,0,-132,1
652,120,477,351,0,-223,1
652,121,156,293,0,-13,1
653,0,156,279,0,83,0
653,1,176,135,0,-192,0
653,2,28,319,0,-67,0
653,3,57,260,0,80,0
653,4,148,217,0,0,0
653,5,739,369,0,-67,0
653,6,170,730,0,-129,0
653,7,219,323,0,-252,0
653,8,511,618,0,-88,0
653,9,440,552,0,-92,0
653,10,370,721,0,-250,0
653,11,259,730,0,60,0
653,12,117,600,0,-127,0
653,13,315,54,0,58,0
653,14,696,415,0,52,0
653,15,192,592,0,-197,0
653,16,462,216,0,-18,0
653,17,521,408,0,-74,0
653,18,600,385,0,47,0
653,19,159,607,0,-104,0
653,23,156,56,0,19,1
653,53,431,95,0,-1,1
653,54,40,197,0,-54,1
653,64,311,420,0,-154,1
653,68,58,440,0,-184,1
653,69,289,245,0,55,1
653,72,635,334,0,-203,1
653,74,38,83,0,-57,0
653,75,93,73,0,70,0
653,78,571,302,0,-134,1
653,85,424,502,0,63,0
653,88,471,348,0,-261,1
653,89,470,563,0,-121,1
653,92,197,307,0,20,1
653,94,116,122,0,48,1
653,99,358,338,0,-88,0
653,100,696,148,0,-268,1
653,101,380,203,0,-220,1
653,104,264,216,0,-97,1
653,105,385,128,0,74,1
653,106,68,298,0,17,1
653,107,8,405,0,-241,1
653,108,579,153,0,-146,1
653,111,159,290,0,-26,1
653,112,501,109,0,-45,1
653,114,637,460,0,-268,0
653,115,60,182,0,-53,1
653,116,279,312,0,-127,1
653,118,383,101,0,49,1
653,119,581,157,0,-132,1
653,120,475,353,0,-223,1
653,121,157,290,0,-13,1
654,0,153,279,0,83,0
654,1,175,138,0,-192,0
654,2,30,317,0,-67,0
654,3,54,259,0,80,0
654,4,148,214,0,0,0
654,5,742,368,0,-67,0
654,6,173,731,0,-110,0
654,7,217,324,0,-252,0
654,8,514,618,0,-76,0
654,9,443,552,0,-86,0
654,10,367,722,0,-250,0
654,11,257,729,0,60,0
654,12,117,600,0,-127,0
654,13,312,52,0,58,0
654,14,694,414,0,52,0
654,15,192,592,0,-197,0
654,16,463,214,0,-16,0
654,17,524,407,0,-74,0
654,18,597,383,0,47,0
654,19,162,607,0,-104,0
654,23,155,54,0,19,1
654,53,431,92,0,-1,1
654,54,42,195,0,-54,1
654,64,312,422,0,-154,1
654,68,58,443,0,-184,1
654,69,287,243,0,55,1
654,72,634,337,0,-203,1
654,74,40,81,0,-57,0
654,75,90,72,0,70,0
654,78,574,303,0,-104,1
654,85,422,500,0,63,0
654,88,468,349,0,-261,1
654,89,472,565,0,-145,1
654,92,196,304,0,20,1
654,94,114,120,0,48,1
654,99,361,338,0,-88,0
654,100,693,148,0,-268,1
654,101,378,205,0,-220,1
654,104,267,216,0,-97,1
654,105,382,128,0,74,1
654,106,67,295,0,17,1
654,107,6,406,0,-241,1
654,108,581,156,0,-146,1
654,111,160,288,0,-26,1
654,112,503,107,0,-45,1
654,114,634,461,0,-246,0
654,115,63,180,0,-53,1
654,116,281,314,0,-127,1
654,118,381,99,0,49,1
654,119,583,159,0,-132,1
654,120,473,355,0,-223,1
654,121,157,287,0,-13,1
655,0,150,278,0,83,0
655,1,175,141,0,-192,0
655,2,33,316,0,-67,0
655,3,51,259,0,80,0
655,4,148,211,0,0,0
655,5,744,367,0,-67,0
655,6,176,732,0,-110,0
655,7,214,325,0,-252,0
655,8,517,616,0,-63,0
655,9,446,552,0,-86,0
655,10,365,723,0,-250,0
655,11,255,726,0,38,0
655,12,117,600,0,-127,0
655,13,309,50,0,58,0
655,14,691,412,0,52,0
655,15,192,592,0,-197,0
655,16,464,211,0,-16,0
655,17,527,406,0,-74,0
655,18,595,381,0,47,0
655,19,165,608,0,-104,0
655,23,154,51,0,19,1
655,53,431,89,0,-1,1
655,54,45,194,0,-54,1
655,64,315,425,0,-133,1
655,68,58,446,0,-184,1
655,69,284,241,0,55,1
655,72,633,340,0,-203,1
655,74,43,79,0,-57,0
655,75,87,71,0,70,0
655,78,577,304,0,-104,1
655,85,419,499,0,63,0
655,88,465,349,0,-261,1
655,89,473,567,0,-145,1
655,92,195,301,0,20,1
655,94,112,118,0,48,1
655,99,364,338,0,-88,0
655,100,690,148,0,-268,1
655,101,376,207,0,-220,1
655,104,270,215,0,-73,1
655,105,379,127,0,74,1
655,106,67,292,0,17,1
655,107,3,407,0,-249,1
655,108,582,158,0,-146,1
655,112,505,105,0,-45,1
655,114,632,462,0,-246,0
655,115,65,178,0,-53,1
655,116,283,316,0,-127,1
655,118,379,97,0,49,1
655,119,585,161,0,-132,1
655,120,471,357,0,-223,1
655,121,158,284,0,-13,1
656,0,147,278,0,83,0
656,1,175,144,0,-182,0
656,2,36,315,0,-67,0
656,3,48,258,0,80,0
656,4,148,208,0,0,0
656,5,747,366,0,-67,0
656,6,179,733,0,-110,0
656,7,211,326,0,-252,0
656,8,520,615,0,-63,0
656,9,449,553,0,-113,0
656,10,362,723,0,-264,0
656,11,253,724,0,38,0
656,12,117,600,0,-127,0
656,13,307,49,0,58,0
656,14,689,410,0,52,0
656,15,192,592,0,-197,0
656,16,464,208,0,4,0
656,17,530,405,0,-74,0
656,18,593,379,0,47,0
656,19,168,608,0,-85,0
656,23,155,48,0,-3,1
656,53,431,86,0,-1,1
656,54,47,192,0,-54,1
656,64,317,427,0,-133,1
656,68,57,449,0,-184,1
656,69,282,240,0,55,1
656,72,632,343,0,-203,1
656,74,45,78,0,-57,0
656,75,84,70,0,70,0
656,78,580,305,0,-104,1
656,85,416,498,0,63,0
656,88,462,349,0,79,1
656,89,475,570,0,-145,1
656,92,194,299,0,20,1
656,94,110,116,0,48,1
656,99,367,338,0,-88,0
656,100,687,148,0,-268,1
656,101,374,210,0,-220,1
656,104,272,216,0,-102,1
656,105,376,126,0,74,1
656,106,66,289,0,17,1
656,107,1,409,0,-233,1
656,108,584,161,0,-146,1
656,112,507,103,0,-45,1
656,114,629,463,0,-246,0
656,115,67,176,0,-53,1
656,116,286,317,0,-127,1
656,118,376,95,0,49,1
656,119,588,163,0,-132,1
656,120,469,360,0,-223,1
656,121,159,281,0,-13,1
657,0,144,278,0,83,0
657,1,175,147,0,-182,0
657,2,39,314,0,-67,0
657,3,45,257,0,80,0
657,4,148,205,0,0,0
657,5,750,365,0,-67,0
657,6,181,734,0,-110,0
657,7,208,327,0,-252,0
657,8,522,613,0,-63,0
657,9,451,554,0,-113,0
657,10,359,723,0,-264,0
657,11,251,721,0,38,0
657,12,117,600,0,-127,0
657,13,304,47,0,58,0
657,14,687,408,0,52,0
657,15,192,592,0,-197,0
657,16,463,205,0,4,0
657,17,533,405,0,-74,0
657,18,591,377,0,47,0
657,19,171,609,0,-103,0
657,23,155,45,0,-3,1
657,53,431,83,0,-1,1
657,54,49,190,0,-54,1
657,64,319,429,0,-133,1
657,68,56,451,0,-201,1
657,69,279,238,0,55,1
657,72,631,345,0,-203,1
657,74,48,77,0,-74,0
657,75,81,69,0,70,0
657,78,582,305,0,-104,1
657,85,414,496,0,63,0
657,88,460,348,0,79,1
657,89,477,572,0,-145,1
657,92,193,296,0,20,1
657,94,107,114,0,48,1
657,99,370,337,0,-82,0
657,100,684,148,0,-268,1
657,101,373,212,0,-211,1
657,104,275,215,0,-79,1
657,105,373,125,0,74,1
657,106,65,286,0,17,1
657,107,-2,411,0,-233,1
657,108,586,163,0,-146,1
657,112,509,101,0,-45,1
657,114,626,464,0,-246,0
657,115,70,175,0,-53,1
657,116,288,319,0,-127,1
657,118,374,93,0,49,1
657,119,590,165,0,-132,1
657,120,467,362,0,-223,1
657,121,159,278,0,-14,1
658,0,142,277,0,73,0
658,1,175,150,0,-182,0
658,2,41,312,0,-49,0
658,3,42,257,0,80,0
658,4,148,202,0,0,0
658,5,753,364,0,-83,0
658,6,184,735,0,-110,0
658,7,205,328,0,-252,0
658,8,525,612,0,-63,0
658,9,454,554,0,-92,0
658,10,356,724,0,-264,0
658,11,249,719,0,38,0
658,12,117,600,0,-127,0
658,13,302,46,0,58,0
658,14,684,406,0,52,0
658,15,192,592,0,-197,0
658,16,463,202,0,4,0
658,17,536,404,0,-74,0
658,18,588,375,0,53,0
658,19,173,610,0,-128,0
658,23,155,42,0,2,1
658,53,431,80,0,-1,1
658,54,52,188,0,-54,1
658,64,321,431,0,-133,1
658,68,55,454,0,-201,1
658,69,277,236,0,55,1
658,72,629,348,0,-203,1
658,74,51,76,0,-74,0
658,75,79,68,0,70,0
658,78,585,306,0,-104,1
658,85,411,495,0,63,0
658,88,457,348,0,79,1
658,89,479,575,0,-145,1
658,92,192,293,0,20,1
658,94,105,112,0,48,1
658,99,373,337,0,-82,0
658,100,681,149,0,-268,1
658,101,371,215,0,-216,1
658,104,278,215,0,-79,1
658,105,371,124,0,74,1
658,106,63,284,0,29,1
658,107,748,413,0,-233,1
658,108,587,166,0,-146,1
658,112,511,99,0,-45,1
658,114,623,466,0,-246,0
658,115,73,174,0,-69,1
658,116,291,321,0,-127,1
658,118,372,91,0,49,1
658,119,592,167,0,-132,1
658,120,465,364,0,-223,1
658,121,160,275,0,-14,1
659,0,139,276,0,73,0
659,1,174,153,0,-182,0
659,2,43,310,0,-49,0
659,3,39,256,0,76,0
659,4,148,199,0,0,0
659,5,3,364,0,-85,0
659,6,187,736,0,-110,0
659,7,202,328,0,89,0
659,8,527,610,0,-36,0
659,9,457,554,0,-92,0
659,10,353,724,0,-264,0
659,11,247,717,0,38,0
659,12,117,600,0,-127,0
659,13,299,44,0,58,0
659,14,682,404,0,52,0
659,15,192,592,0,-197,0
659,16,463,199,0,4,0
659,17,538,403,0,-74,0
659,18,586,373,0,53,0
659,19,176,612,0,-132,0
659,23,155,39,0,2,1
659,53,431,77,0,-1,1
659,54,54,187,0,-54,1
659,64,323,433,0,-133,1
659,68,54,457,0,-201,1
659,69,275,234,0,38,1
659,72,628,351,0,-214,1
659,74,54,75,0,-74,0
659,75,76,67,0,70,0
659,78,588,305,0,-78,1
659,85,408,493,0,63,0
659,88,454,347,0,79,1
659,89,480,578,0,-153,1
659,92,191,290,0,20,1
659,94,103,110,0,48,1
659,99,376,336,0,-82,0
659,100,678,150,0,-239,1
659,101,370,218,0,-194,1
659,104,281,214,0,-79,1
659,105,368,124,0,74,1
659,106,62,281,0,29,1
659,107,745,415,0,-233,1
659,108,589,168,0,-146,1
659,112,514,97,0,-46,1
659,114,621,467,0,-246,0
659,115,76,174,0,-91,1
659,116,293,323,0,-133,1
659,118,370,89,0,49,1
659,119,595,168,0,-111,1
659,120,463,366,0,-223,1
659,121,161,272,0,-14,1
660,0,136,275,0,73,0
660,1,174,156,0,-182,0
660,2,45,308,0,-49,0
660,3,36,256,0,76,0
660,4,148,196,0,0,0
660,5,6,364,0,-85,0
660,6,190,737,0,-110,0
660,7,199,328,0,89,0
660,8,528,607,0,-36,0
660,9,460,554,0,-92,0
660,10,350,724,0,-264,0
660,11,246,714,0,38,0
660,12,117,600,0,-127,0
660,13,297,42,0,58,0
660,14,681,402,0,25,0
660,15,192,592,0,-197,0
660,16,463,196,0,4,0
660,17,541,402,0,-74,0
660,18,584,372,0,53,0
660,19,178,614,0,-132,0
660,23,154,36,0,2,1
660,53,430,74,0,20,1
660,54,57,185,0,-54,1
660,64,326,435,0,-126,1
660,68,53,460,0,-201,1
660,69,273,231,0,34,1
660,72,626,353,0,-214,1
660,74,57,74,0,-74,0
660,75,73,66,0,70,0
660,78,591,305,0,-78,1
660,85,406,492,0,63,0
660,88,451,347,0,79,1
660,89,481,580,0,-153,1
660,92,189,288,0,39,1
660,94,101,108,0,48,1
660,99,379,336,0,-82,0
660,100,676,152,0,-239,1
660,101,370,220,0,-194,1
660,104,284,214,0,-79,1
660,105,365,123,0,74,1
660,106,61,278,0,25,1
660,107,743,416,0,-233,1
660,108,591,171,0,-146,1
660,112,515,94,0,-25,1
660,114,618,468,0,-246,0
660,115,79,174,0,-91,1
660,116,295,325,0,-133,1
660,118,367,87,0,49,1
660,119,598,169,0,-111,1
660,120,461,369,0,-223,1
660,121,162,269,0,-14,1
661,0,133,273,0,53,0
661,1,174,159,0,-182,0
661,2,48,306,0,-49,0
661,3,33,255,0,69,0
661,4,148,193,0,-9,0
661,5,9,364,0,-85,0
661,6,193,737,0,-93,0
661,7,196,328,0,89,0
661,8,529,604,0,-17,0
661,9,463,554,0,-92,0
661,10,347,726,0,-241,0
661,11,244,712,0,38,0
661,12,117,600,0,-127,0
661,13,294,41,0,58,0
661,14,679,399,0,25,0
661,15,192,592,0,-197,0
661,16,463,193,0,4,0
661,17,544,401,0,-74,0
661,18,581,370,0,53,0
661,19,181,615,0,-104,0
661,23,154,33,0,2,1
661,53,429,71,0,20,1
661,54,59,183,0,-54,1
661,64,328,436,0,-126,1
661,68,52,463,0,-201,1
661,69,271,230,0,57,1
661,72,624,356,0,-214,1
661,74,60,74,0,-74,0
661,75,70,65,0,70,0
661,78,594,304,0,-78,1
661,85,403,491,0,63,0
661,88,448,346,0,79,1
661,89,483,583,0,-153,1
661,92,187,285,0,39,1
661,94,99,106,0,48,1
661,99,382,336,0,-82,0
661,100,673,153,0,-239,1
661,101,369,223,0,-194,1
661,104,287,213,0,-79,1
661,105,362,122,0,74,1
661,106,59,275,0,25,1
661,107,740,418,0,-233,1
661,108,592,173,0,-146,1
661,112,516,91,0,-25,1
661,114,615,469,0,-246,0
661,115,82,174,0,-91,1
661,116,298,326,0,-114,1
661,118,365,85,0,56,1
661,119,601,170,0,-111,1
661,120,459,371,0,-223,1
661,121,162,266,0,-14,1
662,0,131,271,0,53,0
662,1,174,162,0,-189,0
662,2,50,304,0,-51,0
662,3,30,253,0,69,0
662,4,148,190,0,0,0
662,5,12,364,0,-103,0
662,6,196,738,0,-93,0
662,7,193,328,0,89,0
662,8,530,602,0,-17,0
662,9,466,554,0,-92,0
662,10,344,727,0,-241,0
662,11,242,710,0,38,0
662,12,117,600,0,-127,0
662,13,292,39,0,58,0
662,14,679,396,0,11,0
662,15,192,592,0,-197,0
662,16,462,190,0,14,0
662,17,547,401,0,-74,0
662,18,579,368,0,53,0
662,19,184,616,0,-104,0
662,23,154,30,0,2,1
662,53,428,68,0,20,1
662,54,62,181,0,-54,1
662,64,331,438,0,-126,1
662,68,52,466,0,-186,1
662,69,268,228,0,57,1
662,72,623,358,0,-214,1
662,74,63,73,0,-74,0
662,75,67,64,0,70,0
662,78,597,304,0,-78,1
662,85,400,489,0,63,0
662,88,445,345,0,63,1
662,89,484,586,0,-153,1
662,92,185,283,0,39,1
662,94,96,104,0,48,1
662,99,385,335,0,-82,0
662,100,671,155,0,-239,1
662,101,368,226,0,-194,1
662,104,290,213,0,-79,1
662,105,359,121,0,74,1
662,106,58,273,0,25,1
662,107,738,420,0,-233,1
662,108,594,176,0,-142,1
662,112,517,88,0,-25,1
662,114,612,470,0,-266,0
662,115,85,174,0,-91,1
662,116,301,328,0,-114,1
662,118,362,84,0,56,1
662,119,603,171,0,-111,1
662,120,457,373,0,-223,1
662,121,163,264,0,-14,1
663,0,129,270,0,53,0
663,1,173,165,0,-189,0
663,2,53,303,0,-76,0
663,3,28,253,0,73,0
663,4,148,187,0,0,0
663,5,15,365,0,-103,0
663,6,199,738,0,-93,0
663,7,190,326,0,61,0
663,8,532,599,0,-34,0
663,9,469,554,0,-92,0
663,10,342,729,0,-241,0
663,11,240,707,0,38,0
663,12,117,600,0,-127,0
663,13,289,38,0,58,0
663,14,678,393,0,11,0
663,15,192,592,0,-197,0
663,16,461,187,0,14,0
663,17,550,400,0,-74,0
663,18,576,366,0,53,0
663,19,187,617,0,-104,0
663,23,154,27,0,2,1
663,53,427,65,0,20,1
663,54,64,180,0,-54,1
663,64,333,440,0,-122,1
663,68,52,469,0,-176,1
663,69,266,226,0,57,1
663,72,621,361,0,-214,1
663,74,66,72,0,-74,0
663,75,65,63,0,70,0
663,78,600,303,0,-78,1
663,85,398,488,0,63,0
663,88,442,343,0,63,1
663,89,485,588,0,-153,1
663,92,183,281,0,39,1
663,94,94,102,0,48,1
663,99,388,335,0,-82,0
663,100,668,156,0,-239,1
663,101,367,229,0,-194,1
663,104,293,212,0,-79,1
663,105,356,120,0,74,1
663,106,57,270,0,25,1
663,107,736,422,0,-221,1
663,108,596,178,0,-142,1
663,112,519,86,0,-25,1
663,114,609,470,0,-266,0
663,115,87,175,0,-116,1
663,116,303,329,0,-114,1
663,118,359,83,0,78,1
663,119,606,172,0,-111,1
663,120,455,375,0,-223,1
663,121,164,261,0,-14,1
664,0,126,268,0,53,0
664,1,173,168,0,-189,0
664,2,56,303,0,-76,0
664,3,25,252,0,73,0
664,4,149,184,0,-21,0
664,5,18,366,0,-103,0
664,6,202,738,0,-93,0
664,7,188,325,0,61,0
664,8,533,597,0,-34,0
664,9,472,555,0,-92,0
664,10,339,730,0,-241,0
664,11,238,705,0,38,0
664,12,117,600,0,-127,0
664,13,287,36,0,58,0
664,14,678,390,0,11,0
664,15,192,592,0,-197,0
664,16,460,184,0,14,0
664,17,553,399,0,-74,0
664,18,574,364,0,53,0
664,19,190,617,0,-104,0
664,23,154,24,0,2,1
664,53,426,63,0,20,1
664,54,66,178,0,-54,1
664,64,336,441,0,-122,1
664,68,52,472,0,-176,1
664,69,263,225,0,57,1
664,72,619,363,0,-214,1
664,74,69,71,0,-74,0
664,75,62,62,0,70,0
664,78,603,302,0,-63,1
664,85,395,487,0,63,0
664,88,440,342,0,63,1
664,89,487,591,0,-153,1
664,92,182,278,0,39,1
664,94,91,101,0,75,1
664,99,391,334,0,-82,0
664,100,666,158,0,-239,1
664,101,367,232,0,-194,1
664,104,296,211,0,-79,1
664,105,353,120,0,-269,1
664,106,56,267,0,25,1
664,107,734,424,0,-221,1
664,108,598,180,0,-142,1
664,112,520,83,0,-25,1
664,114,606,470,0,-266,0
664,115,90,176,0,-116,1
664,116,306,330,0,-114,1
664,118,357,83,0,78,1
664,119,609,173,0,-111,1
664,120,453,377,0,-223,1
664,121,164,258,0,-14,1
665,0,124,266,0,53,0
665,1,172,171,0,-189,0
665,2,59,302,0,-76,0
665,3,22,250,0,48,0
665,4,150,181,0,-21,0
665,5,20,367,0,-113,0
665,6,205,738,0,-93,0
665,7,185,323,0,61,0
665,8,534,594,0,-15,0
665,9,475,555,0,-92,0
665,10,337,732,0,-241,0
665,11,236,702,0,38,0
665,12,117,600,0,-127,0
665,13,284,34,0,58,0
665,14,678,387,0,-8,0
665,15,192,592,0,-197,0
665,16,460,181,0,14,0
665,17,556,398,0,-74,0
665,18,572,363,0,53,0
665,19,192,618,0,-104,0
665,23,154,21,0,2,1
665,53,425,60,0,20,1
665,54,69,176,0,-54,1
665,64,338,443,0,-139,1
665,68,52,475,0,-176,1
665,69,261,223,0,57,1
665,72,618,366,0,-214,1
665,74,71,72,0,-99,0
665,75,59,61,0,70,0
665,78,605,300,0,-63,1
665,85,392,485,0,63,0
665,88,437,341,0,63,1
665,89,488,594,0,-153,1
665,92,180,276,0,39,1
665,94,88,101,0,-262,1
665,99,393,334,0,-82,0
665,100,663,159,0,-239,1
665,101,366,235,0,-194,1
665,104,299,211,0,-79,1
665,105,350,119,0,67,1
665,106,54,265,0,25,1
665,107,732,427,0,-221,1
665,108,600,183,0,-142,1
665,112,521,80,0,-25,1
665,114,603,470,0,-266,0
665,115,93,177,0,-102,1
665,116,309,331,0,-114,1
665,118,354,82,0,78,1
665,119,612,174,0,-111,1
665,120,451,380,0,-223,1
665,121,165,255,0,-14,1
666,0,121,264,0,53,0
666,1,172,174,0,-189,0
666,2,62,301,0,-76,0
666,3,20,248,0,48,0
666,4,151,179,0,-21,0
666,5,23,368,0,-113,0
666,6,208,738,0,-93,0
666,7,183,322,0,61,0
666,8,535,591,0,-15,0
666,9,478,555,0,-92,0
666,10,334,732,0,-266,0
666,11,234,700,0,38,0
666,12,117,600,0,-127,0
666,13,282,32,0,43,0
666,14,678,384,0,-8,0
666,15,192,592,0,-197,0
666,16,459,178,0,14,0
666,17,559,398,0,-91,0
666,18,569,361,0,53,0
666,19,195,619,0,-104,0
666,23,154,18,0,2,1
666,53,424,57,0,20,1
666,54,71,174,0,-54,1
666,64,340,446,0,-139,1
666,68,54,477,0,-149,1
666,69,259,221,0,31,1
666,72,616,368,0,-214,1
666,74,74,71,0,-76,0
666,75,56,60,0,70,0
666,78,608,299,0,-63,1
666,85,389,484,0,63,0
666,88,434,339,0,63,1
666,89,489,596,0,-153,1
666,92,178,274,0,39,1
666,94,85,102,0,-262,1
666,99,396,334,0,-95,0
666,100,660,161,0,-247,1
666,101,365,238,0,-194,1
666,104,302,210,0,-79,1
666,105,348,118,0,67,1
666,106,53,262,0,25,1
666,107,730,429,0,-221,1
666,108,602,185,0,-142,1
666,112,522,78,0,-24,1
666,114,600,470,0,90,0
666,115,96,176,0,-77,1
666,116,312,331,0,-89,1
666,118,351,81,0,78,1
666,119,615,176,0,-111,1
666,120,449,382,0,-223,1
666,121,166,252,0,-14,1
667,0,119,262,0,53,0
667,1,171,177,0,-189,0
667,2,65,301,0,-76,0
667,3,17,247,0,68,0
667,4,152,176,0,-21,0
667,5,26,369,0,-113,0
667,6,211,738,0,-88,0
667,7,180,320,0,61,0
667,8,536,588,0,-15,0
667,9,481,555,0,-92,0
667,10,331,732,0,-266,0
667,11,233,698,0,38,0
667,12,117,600,0,-127,0
667,13,280,30,0,43,0
667,14,680,382,0,-34,0
667,15,192,592,0,-197,0
667,16,457,176,0,36,0
667,17,562,399,0,-100,0
667,18,567,359,0,53,0
667,19,198,620,0,-104,0
667,23,154,15,0,2,1
667,53,423,54,0,20,1
667,54,74,174,0,-82,1
667,64,341,448,0,-153,1
667,68,56,479,0,-139,1
667,69,258,218,0,31,1
667,72,614,371,0,-214,1
667,74,77,70,0,-83,0
667,75,53,59,0,70,0
667,78,611,298,0,-63,1
667,85,387,483,0,74,0
667,88,432,338,0,63,1
667,89,491,599,0,-153,1
667,92,176,271,0,39,1
667,94,82,102,0,-261,1
667,99,399,335,0,-95,0
667,100,658,162,0,-247,1
667,101,364,241,0,-194,1
667,104,305,210,0,-79,1
667,105,345,117,0,67,1
667,106,52,259,0,22,1
667,107,728,431,0,-221,1
667,108,604,186,0,-118,1
667,112,524,75,0,-24,1
667,114,597,470,0,90,0
667,115,99,175,0,-59,1
667,116,315,331,0,-85,1
667,118,348,81,0,78,1
667,119,617,177,0,-111,1
667,120,447,384,0,-223,1
667,121,167,249,0,-14,1
668,0,117,261,0,53,0
668,1,171,180,0,-189,0
668,2,68,301,0,-99,0
668,3,15,245,0,68,0
668,4,153,173,0,-21,0
668,5,29,370,0,-113,0
668,6,214,738,0,-88,0
668,7,177,319,0,61,0
668,8,537,585,0,-15,0
668,10,328,732,0,-266,0
668,11,231,695,0,38,0
668,12,120,602,0,-127,0
668,13,278,28,0,43,0
668,14,682,379,0,-34,0
668,15,192,595,0,-197,0
668,16,456,173,0,36,0
668,17,565,399,0,-100,0
668,18,564,357,0,53,0
668,19,201,622,0,-128,0
668,23,154,12,0,2,1
668,53,421,52,0,36,1
668,54,77,173,0,-82,1
668,64,342,451,0,-153,1
668,68,58,482,0,-139,1
668,69,255,216,0,46,1
668,72,613,373,0,-214,1
668,74,80,70,0,-88,0
668,75,50,58,0,70,0
668,78,614,297,0,-84,1
668,85,384,482,0,74,0
668,88,429,337,0,63,1
668,89,492,602,0,-153,1
668,92,175,269,0,27,1
668,94,79,103,0,-261,1
668,99,402,335,0,-95,0
668,100,655,163,0,-247,1
668,101,364,244,0,-194,1
668,104,308,209,0,-79,1
668,105,342,115,0,60,1
668,106,51,256,0,22,1
668,107,726,433,0,-235,1
668,108,607,188,0,-118,1
668,112,525,72,0,-24,1
668,114,594,469,0,76,0
668,115,101,173,0,-59,1
668,116,318,331,0,-85,1
668,118,345,80,0,78,1
668,119,620,178,0,-111,1
668,120,445,386,0,-223,1
668,121,167,246,0,-14,1
669,0,114,259,0,53,0
669,1,170,183,0,-189,0
669,2,71,302,0,-99,0
669,3,12,244,0,58,0
669,4,155,170,0,-21,0
669,5,32,372,0,-113,0
669,6,217,738,0,-88,0
669,7,175,317,0,61,0
669,8,537,582,0,-15,0
669,10,325,732,0,-266,0
669,11,229,693,0,48,0
669,12,122,604,0,-127,0
669,13,276,26,0,43,0
669,14,684,377,0,-34,0
669,15,191,598,0,-197,0
669,16,454,171,0,36,0
669,17,568,400,0,-100,0
669,18,562,355,0,53,0
669,19,203,623,0,-128,0
669,23,154,9,0,2,1
669,53,419,49,0,36,1
669,54,80,173,0,-82,1
669,64,344,454,0,-153,1
669,68,60,484,0,-139,1
669,69,253,215,0,68,1
669,72,611,375,0,-214,1
669,74,83,70,0,-88,0
669,75,48,57,0,70,0
669,78,617,297,0,-84,1
669,85,381,482,0,74,0
669,88,426,335,0,63,1
669,89,493,604,0,-153,1
669,92,173,266,0,27,1
669,94,76,103,0,-261,1
669,99,405,335,0,-95,0
669,100,652,164,0,-247,1
669,101,363,247,0,-194,1
669,104,311,208,0,-79,1
669,105,339,114,0,73,1
669,106,50,253,0,22,1
669,107,724,435,0,-220,1
669,108,610,189,0,-118,1
669,112,526,69,0,-24,1
669,114,591,469,0,76,0
669,115,104,172,0,-59,1
669,116,321,330,0,-85,1
669,118,342,80,0,78,1
669,119,622,180,0,-136,1
669,120,443,388,0,-223,1
669,121,168,243,0,-14,1
670,0,111,258,0,76,0
670,1,170,186,0,-189,0
670,2,74,302,0,-99,0
670,3,10,242,0,58,0
670,4,156,167,0,-21,0
670,5,34,373,0,-113,0
670,6,220,737,0,-74,0
670,7,172,316,0,61,0
670,8,539,580,0,-43,0
670,10,322,733,0,-266,0
670,11,226,691,0,48,0
670,12,125,605,0,-127,0
670,13,274,23,0,43,0
670,14,685,374,0,-34,0
670,15,190,601,0,-197,0
670,16,452,168,0,36,0
670,17,570,400,0,-100,0
670,18,560,353,0,35,0
670,19,205,625,0,-128,0
670,23,154,6,0,2,1
670,53,416,48,0,65,1
670,54,83,172,0,-62,1
670,64,345,456,0,-153,1
670,68,62,486,0,-139,1
670,69,250,214,0,64,1
670,72,609,378,0,-214,1
670,74,86,70,0,-88,0
670,75,45,56,0,70,0
670,78,620,297,0,-84,1
670,85,378,481,0,74,0
670,88,424,333,0,42,1
670,89,495,607,0,-153,1
670,92,172,263,0,27,1
670,94,74,104,0,-261,1
670,99,408,334,0,-69,0
670,100,649,165,0,-247,1
670,101,362,250,0,-194,1
670,104,314,208,0,-79,1
670,105,337,113,0,73,1
670,106,49,251,0,22,1
670,107,723,438,0,-203,1
670,108,612,191,0,-118,1
670,112,527,67,0,-24,1
670,114,588,468,0,76,0
670,115,106,170,0,-59,1
670,116,324,330,0,-79,1
670,118,339,78,0,58,1
670,119,624,182,0,-147,1
670,120,440,391,0,-223,1
670,121,169,240,0,-14,1
671,0,108,257,0,76,0
671,1,169,189,0,-189,0
671,2,77,302,0,-99,0
671,3,7,241,0,58,0
671,4,157,164,0,-21,0
671,5,37,374,0,-113,0
671,6,223,736,0,-74,0
671,7,169,314,0,61,0
671,8,541,578,0,-43,0
671,10,319,733,0,-266,0
671,11,224,689,0,48,0
671,12,127,607,0,-127,0
671,13,271,22,0,58,0
671,14,686,371,0,-6,0
671,15,189,604,0,-197,0
671,16,450,166,0,36,0
671,17,573,401,0,-100,0
671,18,559,350,0,23,0
671,19,208,626,0,-100,0
671,23,153,3,0,2,1
671,53,414,47,0,65,1
671,54,85,170,0,-62,1
671,64,346,459,0,-153,1
671,68,64,488,0,-139,1
671,69,248,212,0,55,1
671,72,607,380,0,-214,1
671,74,89,70,0,-88,0
671,75,42,55,0,70,0
671,78,623,296,0,-84,1
671,85,375,481,0,88,0
671,88,422,331,0,42,1
671,89,496,610,0,-153,1
671,92,170,261,0,27,1
671,94,71,105,0,-249,1
671,99,411,333,0,-69,0
671,100,647,166,0,-250,1
671,101,362,252,0,-194,1
671,104,316,206,0,-57,1
671,105,334,113,0,73,1
671,106,47,248,0,22,1
671,107,721,441,0,-203,1
671,108,615,192,0,-118,1
671,112,529,64,0,-24,1
671,114,586,467,0,76,0
671,115,109,169,0,-59,1
671,116,327,329,0,-79,1
671,118,336,77,0,71,1
671,119,626,185,0,-147,1
671,120,438,393,0,-223,1
671,121,169,237,0,-9,1
672,0,106,257,0,76,0
672,1,169,192,0,-189,0
672,2,79,303,0,-99,0
672,3,5,239,0,58,0
672,4,157,161,0,2,0
672,5,39,376,0,-134,0
672,6,226,736,0,-87,0
672,7,167,313,0,61,0
672,8,544,575,0,-43,0
672,10,316,733,0,-266,0
672,11,222,687,0,48,0
672,12,129,610,0,-146,0
672,13,269,20,0,58,0
672,14,686,368,0,-6,0
672,15,188,607,0,-197,0
672,16,448,164,0,52,0
672,17,576,401,0,-100,0
672,18,558,347,0,23,0
672,19,211,626,0,-100,0
672,23,153,0,0,2,1
672,53,411,46,0,65,1
672,54,88,169,0,-62,1
672,64,348,462,0,-153,1
672,68,66,491,0,-139,1
672,69,245,210,0,55,1
672,72,606,383,0,-214,1
672,74,92,70,0,-88,0
672,75,39,54,0,70,0
672,78,626,296,0,-84,1
672,85,372,481,0,88,0
672,88,420,329,0,42,1
672,89,497,612,0,-153,1
672,92,169,258,0,34,1
672,94,68,106,0,-238,1
672,99,414,332,0,-69,0
672,100,644,167,0,-250,1
672,101,361,255,0,-194,1
672,104,318,204,0,-36,1
672,105,331,112,0,73,1
672,106,46,245,0,22,1
672,107,720,443,0,-203,1
672,108,618,193,0,-118,1
672,112,530,61,0,-24,1
672,114,583,466,0,76,0
672,115,111,167,0,-59,1
672,116,330,329,0,-79,1
672,118,333,77,0,-267,1
672,119,627,187,0,-147,1
672,120,437,395,0,-205,1
672,121,170,234,0,-21,1
673,0,103,256,0,76,0
673,1,169,195,0,-189,0
673,2,82,303,0,-99,0
673,3,2,237,0,58,0
673,4,156,158,0,2,0
673,5,41,378,0,-134,0
673,6,229,736,0,-85,0
673,7,164,312,0,61,0
673,8,546,573,0,-43,0
673,10,313,733,0,84,0
673,11,220,685,0,48,0
673,12,129,613,0,-171,0
673,13,266,19,0,58,0
673,14,686,365,0,-6,0
673,15,187,610,0,-197,0
673,16,446,162,0,49,0
673,17,579,401,0,-91,0
673,18,557,345,0,23,0
673,19,214,627,0,-100,0
673,23,153,747,0,2,1
673,53,408,44,0,65,1
673,54,90,167,0,-46,1
673,64,349,464,0,-153,1
673,68,68,493,0,-139,1
673,69,243,208,0,55,1
673,72,604,385,0,-214,1
673,74,95,70,0,-88,0
673,75,36,53,0,70,0
673,78,629,296,0,-84,1
673,85,369,480,0,88,0
673,89,499,615,0,-153,1
673,92,167,256,0,34,1
673,94,66,108,0,-238,1
673,99,417,331,0,-66,0
673,100,641,168,0,-250,1
673,101,360,258,0,-194,1
673,104,319,201,0,-18,1
673,105,328,111,0,80,1
673,106,45,242,0,22,1
673,107,719,446,0,-206,1
673,108,620,195,0,-118,1
673,112,531,58,0,-24,1
673,114,580,466,0,76,0
673,115,114,166,0,-59,1
673,116,333,329,0,-92,1
673,118,330,77,0,-267,1
673,119,629,190,0,-147,1
673,120,436,398,0,-205,1
673,121,171,232,0,-21,1
674,0,100,255,0,76,0
674,1,168,198,0,-189,0
674,2,85,304,0,-107,0
674,3,-1,236,0,58,0
674,4,156,155,0,0,0
674,5,44,380,0,-134,0
674,6,232,735,0,-85,0
674,7,162,310,0,61,0
674,8,548,571,0,-43,0
674,10,310,732,0,84,0
674,11,217,683,0,48,0
674,12,129,616,0,-171,0
674,13,264,17,0,58,0
674,14,686,362,0,-6,0
674,15,186,612,0,-197,0
674,16,443,160,0,49,0
674,17,582,401,0,-91,0
674,18,556,342,0,27,0
674,19,217,627,0,-100,0
674,23,153,744,0,2,1
674,53,406,43,0,65,1
674,54,93,166,0,-73,1
674,64,351,467,0,-153,1
674,68,70,495,0,-139,1
674,69,240,207,0,55,1
674,72,602,388,0,-214,1
674,74,98,70,0,-88,0
674,75,33,51,0,70,0
674,78,632,295,0,-84,1
674,85,366,481,0,-268,0
674,89,500,618,0,-153,1
674,92,165,253,0,34,1
674,94,63,109,0,-239,1
674,99,417,331,0,-66,0
674,100,638,170,0,-250,1
674,101,359,261,0,-194,1
674,104,320,198,0,-30,1
674,105,325,112,0,-251,1
674,106,44,240,0,22,1
674,107,718,449,0,-206,1
674,108,623,196,0,-118,1
674,112,531,55,0,-5,1
674,114,577,465,0,76,0
674,115,117,165,0,-86,1
674,116,335,330,0,-119,1
674,118,327,77,0,-267,1
674,119,630,192,0,-147,1
674,120,435,401,0,-199,1
674,121,172,229,0,-21,1
675,0,97,254,0,76,0
675,1,168,201,0,-189,0
675,2,88,305,0,-107,0
675,3,747,234,0,58,0
675,4,156,153,0,16,0
675,5,46,381,0,-115,0
675,6,235,735,0,-85,0
675,7,159,310,0,79,0
675,8,550,569,0,-43,0
675,10,307,732,0,84,0
675,11,215,681,0,48,0
675,12,130,619,0,-171,0
675,13,261,15,0,58,0
675,14,687,359,0,-6,0
675,15,185,615,0,-197,0
675,16,441,158,0,49,0
675,17,585,402,0,-91,0
675,18,554,339,0,28,0
675,19,220,628,0,-100,0
675,23,153,741,0,2,1
675,53,403,42,0,65,1
675,54,96,165,0,-73,1
675,64,352,470,0,-153,1
675,68,72,496,0,-111,1
675,69,238,205,0,55,1
675,72,601,390,0,-214,1
675,74,101,70,0,-88,0
675,75,31,50,0,70,0
675,78,635,295,0,-84,1
675,85,363,481,0,-268,0
675,89,501,620,0,-153,1
675,92,164,251,0,34,1
675,94,61,111,0,-239,1
675,99,417,331,0,-66,0
675,100,635,171,0,-250,1
675,101,359,264,0,-194,1
675,104,322,196,0,-30,1
675,105,322,113,0,-251,1
675,106,43,237,0,22,1
675,107,716,452,0,-206,1
675,108,626,198,0,-118,1
675,112,533,53,0,-29,1
675,114,574,464,0,76,0
675,115,120,165,0,-86,1
675,116,338,332,0,-119,1
675,118,324,77,0,-267,1
675,119,632,195,0,-147,1
675,120,434,404,0,-199,1
675,121,173,226,0,-21,1
676,0,94,254,0,76,0
676,1,167,203,0,-189,0
676,2,91,306,0,-107,0
676,3,745,232,0,58,0
676,4,154,150,0,43,0
676,5,49,382,0,-109,0
676,6,237,734,0,-63,0
676,7,156,309,0,79,0
676,8,552,567,0,-43,0
676,10,304,733,0,-259,0
676,11,213,679,0,48,0
676,12,130,622,0,-171,0
676,13,259,14,0,58,0
676,14,687,356,0,-6,0
676,15,185,618,0,-197,0
676,16,439,156,0,49,0
676,17,588,402,0,-91,0
676,18,553,337,0,28,0
676,19,223,628,0,-86,0
676,23,153,738,0,2,1
676,53,400,41,0,65,1
676,54,99,163,0,-58,1
676,64,354,472,0,-135,1
676,68,75,497,0,-111,1
676,69,235,204,0,80,1
676,72,599,393,0,-214,1
676,74,104,69,0,-88,0
676,75,28,49,0,70,0
676,78,638,295,0,-84,1
676,85,360,480,0,83,0
676,89,503,623,0,-153,1
676,92,162,248,0,39,1
676,94,58,112,0,-239,1
676,99,417,331,0,-66,0
676,100,632,172,0,-250,1
676,101,357,267,0,-203,1
676,104,324,194,0,-44,1
676,105,319,114,0,-251,1
676,106,41,234,0,35,1
676,107,715,454,0,-206,1
676,108,628,199,0,-118,1
676,112,534,50,0,-29,1
676,114,571,463,0,76,0
676,115,123,164,0,-63,1
676,116,339,334,0,-148,1
676,118,321,78,0,-267,1
676,119,634,198,0,-147,1
676,120,433,407,0,-199,1
676,121,174,223,0,-21,1
677,0,91,253,0,76,0
677,1,167,206,0,-179,0
677,2,94,307,0,-107,0
677,3,742,231,0,58,0
677,4,151,148,0,43,0
677,5,52,383,0,-109,0
677,6,240,732,0,-63,0
677,7,153,308,0,79,0
677,8,554,564,0,-43,0
677,10,301,733,0,-259,0
677,11,211,677,0,48,0
677,12,131,625,0,-171,0
677,13,256,12,0,58,0
677,14,687,353,0,-6,0
677,15,184,621,0,-197,0
677,16,437,154,0,49,0
677,17,591,402,0,-91,0
677,18,551,334,0,28,0
677,19,226,628,0,-86,0
677,23,153,735,0,2,1
677,53,397,39,0,65,1
677,54,101,162,0,-58,1
677,64,356,474,0,-135,1
677,68,77,499,0,-134,1
677,69,232,204,0,80,1
677,72,597,395,0,-214,1
677,74,107,69,0,-88,0
677,75,25,48,0,70,0
677,78,640,293,0,-66,1
677,85,357,480,0,83,0
677,89,503,626,0,-177,1
677,92,160,246,0,39,1
677,94,55,114,0,-239,1
677,99,417,331,0,-66,0
677,100,630,173,0,-250,1
677,101,356,270,0,-203,1
677,104,326,191,0,-44,1
677,105,316,115,0,-251,1
677,106,39,232,0,35,1
677,107,714,457,0,-206,1
677,108,631,200,0,-118,1
677,112,536,48,0,-29,1
677,114,568,463,0,76,0
677,115,125,162,0,-63,1
677,116,341,337,0,-148,1
677,118,318,78,0,-267,1
677,119,635,200,0,-146,1
677,120,432,409,0,-205,1
677,121,176,220,0,-21,1
678,0,89,251,0,52,0
678,1,167,209,0,-179,0
678,2,97,308,0,-107,0
678,3,740,229,0,58,0
678,4,149,146,0,43,0
678,5,55,384,0,-109,0
678,6,243,731,0,-63,0
678,7,150,307,0,52,0
678,8,556,562,0,-43,0
678,10,298,734,0,-259,0
678,11,208,675,0,48,0
678,12,131,628,0,-171,0
678,13,254,11,0,58,0
678,14,688,350,0,-6,0
678,15,184,624,0,-184,0
678,16,434,152,0,49,0
678,17,594,402,0,-103,0
678,18,550,331,0,28,0
678,19,229,627,0,-86,0
678,23,153,732,0,2,1
678,53,395,38,0,65,1
678,54,104,160,0,-58,1
678,64,357,477,0,-155,1
678,68,80,501,0,-134,1
678,69,229,203,0,80,1
678,72,596,398,0,-214,1
678,74,110,69,0,-88,0
678,75,22,47,0,70,0
678,78,643,292,0,-66,1
678,85,354,480,0,83,0
678,89,503,629,0,-177,1
678,92,158,244,0,39,1
678,94,53,116,0,-239,1
678,99,417,331,0,-66,0
678,100,627,174,0,-250,1
678,101,355,272,0,-203,1
678,104,328,189,0,-44,1
678,105,314,116,0,-251,1
678,106,38,229,0,35,1
678,107,712,460,0,-206,1
678,108,634,202,0,-118,1
678,112,537,45,0,-29,1
678,114,565,462,0,76,0
678,115,128,161,0,-63,1
678,116,343,339,0,-148,1
678,118,315,78,0,-267,1
678,119,637,203,0,-146,1
678,120,430,412,0,-205,1
678,121,177,218,0,-21,1
679,0,86,249,0,52,0
679,1,166,212,0,-198,0
679,2,100,309,0,-107,0
679,3,737,228,0,58,0
679,4,148,143,0,24,0
679,5,58,386,0,-114,0
679,6,245,729,0,-43,0
679,7,148,305,0,52,0
679,8,558,560,0,-43,0
679,10,295,734,0,-259,0
679,11,206,673,0,48,0
679,12,131,631,0,-179,0
679,13,251,9,0,58,0
679,14,688,347,0,-3,0
679,15,183,627,0,-184,0
679,16,432,150,0,49,0
679,17,597,403,0,-103,0
679,18,548,329,0,28,0
679,19,232,627,0,-86,0
679,23,153,729,0,2,1
679,53,392,37,0,72,1
679,54,106,159,0,-58,1
679,68,82,504,0,-134,1
679,69,226,203,0,80,1
679,74,113,69,0,-88,0
679,75,19,46,0,70,0
679,78,646,291,0,-66,1
679,85,351,479,0,83,0
679,89,503,632,0,-177,1
679,92,156,241,0,39,1
679,94,50,117,0,-239,1
679,99,417,331,0,-66,0
679,100,624,175,0,-250,1
679,101,354,275,0,-195,1
679,104,330,187,0,-44,1
679,105,311,117,0,-251,1
679,106,36,227,0,35,1
679,107,711,462,0,-206,1
679,108,636,203,0,-118,1
679,112,538,42,0,-25,1
679,114,562,461,0,81,0
679,115,131,160,0,-63,1
679,116,344,342,0,-148,1
679,118,312,78,0,-267,1
679,119,638,205,0,-156,1
679,120,429,415,0,-205,1
679,121,178,215,0,-21,1
680,0,83,249,0,80,0
680,1,165,215,0,-198,0
680,2,103,309,0,-107,0
680,3,735,226,0,58,0
680,4,147,141,0,24,0
680,5,60,387,0,-114,0
680,6,247,727,0,-43,0
680,7,146,303,0,52,0
680,8,560,558,0,-43,0
680,10,292,735,0,-259,0
680,11,203,672,0,70,0
680,12,131,634,0,-179,0
680,13,249,7,0,58,0
680,14,688,344,0,-3,0
680,15,183,630,0,-184,0
680,16,430,148,0,49,0
680,17,600,404,0,-103,0
680,18,547,326,0,28,0
680,19,235,627,0,-86,0
680,23,153,726,0,2,1
680,53,389,36,0,72,1
680,54,109,157,0,-58,1
680,68,84,506,0,-132,1
680,69,223,203,0,-268,1
680,74,116,69,0,-88,0
680,75,17,45,0,70,0
680,78,649,290,0,-66,1
680,85,348,479,0,83,0
680,89,505,635,0,-148,1
680,92,154,239,0,36,1
680,94,48,119,0,-239,1
680,99,417,331,0,-66,0
680,100,621,176,0,-250,1
680,101,354,278,0,-195,1
680,104,333,185,0,-55,1
680,105,308,117,0,-266,1
680,106,34,225,0,35,1
680,107,709,464,0,-232,1
680,108,639,205,0,-118,1
680,112,540,40,0,-25,1
680,114,559,461,0,81,0
680,115,133,158,0,-63,1
680,116,345,345,0,-161,1
680,118,309,78,0,-266,1
680,119,639,208,0,-156,1
680,120,428,418,0,-205,1
680,121,179,212,0,-21,1
681,0,80,248,0,84,0
681,1,164,218,0,-198,0
681,2,105,310,0,-107,0
681,3,732,224,0,58,0
681,4,146,138,0,24,0
681,5,63,388,0,-114,0
681,6,248,724,0,-18,0
681,7,143,301,0,52,0
681,8,562,556,0,-43,0
681,10,289,734,0,77,0
681,11,201,671,0,70,0
681,12,131,637,0,-179,0
681,13,246,6,0,58,0
681,14,688,341,0,-3,0
681,15,183,633,0,-184,0
681,16,428,146,0,49,0
681,17,603,404,0,-103,0
681,18,546,323,0,28,0
681,19,238,627,0,-86,0
681,23,151,723,0,28,1
681,53,386,35,0,72,1
681,54,111,155,0,-58,1
681,68,86,508,0,-132,1
681,69,220,203,0,-268,1
681,74,119,69,0,-88,0
681,75,14,44,0,70,0
681,78,651,289,0,-66,1
681,85,345,478,0,68,0
681,89,507,637,0,-148,1
681,92,153,237,0,36,1
681,94,45,120,0,-239,1
681,99,417,331,0,-66,0
681,100,618,177,0,-250,1
681,101,353,281,0,-192,1
681,104,335,184,0,-55,1
681,105,305,118,0,-266,1
681,106,33,222,0,35,1
681,107,706,466,0,-232,1
681,108,641,206,0,-118,1
681,112,541,37,0,-25,1
681,114,556,460,0,81,0
681,115,136,157,0,-63,1
681,116,346,348,0,-161,1
681,118,306,78,0,-266,1
681,119,641,211,0,-156,1
681,120,427,420,0,-205,1
681,121,180,209,0,-21,1
682,0,77,248,0,84,0
682,1,164,221,0,-185,0
682,2,108,311,0,-107,0
682,3,730,223,0,58,0
682,4,145,135,0,19,0
682,5,66,389,0,-114,0
682,6,249,721,0,-18,0
682,7,140,300,0,71,0
682,8,564,553,0,-43,0
682,10,286,734,0,77,0
682,11,198,671,0,79,0
682,12,131,640,0,-186,0
682,13,243,4,0,58,0
682,14,688,338,0,-3,0
682,15,184,636,0,-161,0
682,16,425,144,0,49,0
682,17,606,405,0,-103,0
682,18,544,321,0,28,0
682,19,241,627,0,-86,0
682,23,150,721,0,28,1
682,53,383,34,0,72,1
682,54,114,154,0,-58,1
682,68,88,510,0,-132,1
682,69,217,203,0,-268,1
682,74,122,69,0,-88,0
682,75,11,43,0,59,0
682,78,654,287,0,-66,1
682,85,342,477,0,68,0
682,89,508,640,0,-148,1
682,92,151,234,0,36,1
682,94,43,122,0,-239,1
682,99,417,331,0,-66,0
682,100,616,178,0,-250,1
682,101,352,284,0,-192,1
682,104,337,181,0,-42,1
682,105,302,119,0,-237,1
682,106,31,219,0,28,1
682,107,704,468,0,-232,1
682,108,644,207,0,-118,1
682,112,542,34,0,-25,1
682,114,553,461,0,-253,0
682,115,139,157,0,-84,1
682,116,347,350,0,-161,1
682,118,303,79,0,-266,1
682,119,642,214,0,-156,1
682,120,425,423,0,-205,1
682,121,181,206,0,-21,1
683,0,74,248,0,84,0
683,1,164,224,0,-185,0
683,2,111,312,0,-107,0
683,3,727,221,0,58,0
683,4,144,132,0,19,0
683,5,69,390,0,-114,0
683,6,249,718,0,-18,0
683,7,138,299,0,68,0
683,8,566,551,0,-43,0
683,10,283,733,0,77,0
683,11,195,670,0,79,0
683,12,131,642,0,-186,0
683,13,241,3,0,58,0
683,14,689,335,0,-3,0
683,15,185,639,0,-161,0
683,16,424,142,0,29,0
683,17,609,406,0,-103,0
683,18,543,318,0,28,0
683,19,244,626,0,-86,0
683,23,148,718,0,28,1
683,53,380,33,0,72,1
683,54,116,152,0,-58,1
683,68,91,512,0,-132,1
683,69,214,203,0,-268,1
683,74,125,69,0,-88,0
683,75,9,41,0,59,0
683,78,657,286,0,-66,1
683,85,340,475,0,58,0
683,89,510,642,0,-148,1
683,92,148,233,0,61,1
683,94,40,123,0,-239,1
683,99,417,331,0,-66,0
683,100,613,179,0,-250,1
683,101,352,287,0,-192,1
683,104,339,179,0,-42,1
683,105,300,121,0,-237,1
683,106,30,217,0,28,1
683,107,702,470,0,-232,1
683,108,647,209,0,-118,1
683,112,543,31,0,-25,1
683,114,551,462,0,-253,0
683,115,142,156,0,-84,1
683,116,348,353,0,-161,1
683,118,300,79,0,-266,1
683,119,643,216,0,-156,1
683,120,424,426,0,-205,1
683,121,182,204,0,-21,1
684,0,71,247,0,83,0
684,1,162,227,0,-210,0
684,2,114,313,0,-107,0
684,3,725,220,0,58,0
684,4,143,129,0,19,0
684,5,71,392,0,-114,0
684,6,250,715,0,-18,0
684,7,135,298,0,68,0
684,8,568,549,0,-43,0
684,10,281,731,0,54,0
684,11,192,671,0,-260,0
684,12,131,645,0,-170,0
684,13,238,1,0,58,0
684,14,689,332,0,-3,0
684,15,186,641,0,-161,0
684,16,422,139,0,29,0
684,17,612,406,0,-103,0
684,18,541,315,0,28,0
684,19,247,627,0,-104,0
684,23,147,715,0,28,1
684,53,378,32,0,72,1
684,54,119,151,0,-58,1
684,68,93,514,0,-132,1
684,69,211,203,0,-268,1
684,74,128,69,0,-88,0
684,75,6,40,0,59,0
684,78,660,286,0,-95,1
684,85,338,473,0,35,0
684,89,511,645,0,-148,1
684,92,146,231,0,61,1
684,94,37,125,0,-239,1
684,99,417,331,0,-66,0
684,100,610,180,0,-250,1
684,101,351,290,0,-192,1
684,104,341,177,0,-42,1
684,105,297,123,0,-237,1
684,106,28,214,0,28,1
684,107,699,472,0,-232,1
684,108,649,210,0,-118,1
684,112,545,29,0,-25,1
684,114,548,463,0,-253,0
684,115,145,156,0,-84,1
684,116,349,356,0,-172,1
684,118,297,79,0,-266,1
684,119,645,218,0,-130,1
684,120,423,428,0,-205,1
684,121,183,201,0,-24,1
685,0,69,246,0,69,0
685,1,161,229,0,-210,0
685,2,117,314,0,-107,0
685,3,723,217,0,39,0
685,4,142,126,0,19,0
685,5,73,394,0,-139,0
685,6,251,712,0,-18,0
685,7,132,297,0,68,0
685,8,570,547,0,-53,0
685,10,278,729,0,54,0
685,11,189,671,0,-265,0
685,12,132,648,0,-171,0
685,13,235,0,0,76,0
685,14,689,329,0,-3,0
685,15,186,644,0,-170,0
685,16,421,136,0,29,0
685,17,615,407,0,-109,0
685,18,540,313,0,28,0
685,19,250,628,0,-104,0
685,23,146,713,0,28,1
685,53,375,32,0,72,1
685,54,122,149,0,-58,1
685,68,95,516,0,-132,1
685,69,208,203,0,-268,1
685,74,131,68,0,-88,0
685,75,3,38,0,59,0
685,78,663,285,0,-71,1
685,85,337,470,0,30,0
685,89,513,647,0,-148,1
685,92,143,230,0,61,1
685,94,35,126,0,-239,1
685,99,417,331,0,-66,0
685,100,607,181,0,-250,1
685,101,350,293,0,-192,1
685,104,343,175,0,-42,1
685,105,295,124,0,-237,1
685,106,27,212,0,28,1
685,107,697,474,0,-232,1
685,108,652,211,0,-118,1
685,112,546,26,0,-25,1
685,114,545,464,0,-253,0
685,115,148,156,0,-84,1
685,116,349,359,0,-172,1
685,118,294,79,0,-266,1
685,119,648,220,0,-130,1
685,120,422,431,0,-205,1
685,121,184,198,0,-24,1
686,0,66,245,0,69,0
686,1,159,232,0,-210,0
686,2,120,315,0,-107,0
686,3,721,215,0,39,0
686,4,141,124,0,19,0
686,5,75,396,0,-139,0
686,6,252,710,0,-18,0
686,7,129,297,0,87,0
686,8,573,545,0,-53,0
686,10,276,728,0,67,0
686,11,186,672,0,-250,0
686,12,132,651,0,-171,0
686,13,233,0,0,76,0
686,14,690,327,0,-23,0
686,15,187,647,0,-164,0
686,16,420,134,0,29,0
686,17,618,408,0,-109,0
686,18,539,310,0,28,0
686,19,253,628,0,-104,0
686,23,144,710,0,28,1
686,53,372,31,0,72,1
686,54,124,148,0,-58,1
686,68,97,518,0,-132,1
686,69,205,203,0,-268,1
686,74,134,68,0,-88,0
686,75,1,37,0,59,0
686,78,665,284,0,-71,1
686,85,335,467,0,30,0
686,89,514,650,0,-148,1
686,92,140,228,0,61,1
686,94,32,128,0,-239,1
686,99,417,331,0,-66,0
686,100,604,182,0,-250,1
686,101,350,296,0,-192,1
686,104,345,173,0,-42,1
686,105,292,126,0,-237,1
686,106,26,209,0,28,1
686,107,694,475,0,-232,1
686,108,655,213,0,-118,1
686,112,547,23,0,-25,1
686,114,542,465,0,-253,0
686,115,151,156,0,-84,1
686,116,349,362,0,-172,1
686,118,291,79,0,-266,1
686,119,650,221,0,-109,1
686,120,420,434,0,-205,1
686,121,186,195,0,-24,1
687,0,63,244,0,73,0
687,1,158,234,0,-210,0
687,2,122,317,0,-133,0
687,3,719,213,0,39,0
687,4,140,121,0,19,0
687,5,77,398,0,-139,0
687,6,253,707,0,-18,0
687,7,126,297,0,-264,0
687,8,575,544,0,-53,0
687,10,273,727,0,67,0
687,11,183,673,0,-250,0
687,12,133,654,0,-171,0
687,13,230,749,0,76,0
687,14,691,324,0,-23,0
687,15,187,650,0,-188,0
687,16,418,131,0,29,0
687,17,620,409,0,-109,0
687,18,537,308,0,28,0
687,19,256,629,0,-104,0
687,23,142,708,0,52,1
687,53,369,30,0,72,1
687,54,127,146,0,-58,1
687,68,100,520,0,-132,1
687,69,202,203,0,78,1
687,74,137,68,0,-88,0
687,75,-2,35,0,59,0
687,78,668,283,0,-71,1
687,85,334,465,0,30,0
687,89,516,652,0,-148,1
687,92,138,227,0,61,1
687,94,30,130,0,-231,1
687,99,417,331,0,-66,0
687,100,601,182,0,-266,1
687,101,349,299,0,-192,1
687,104,347,170,0,-42,1
687,105,290,128,0,-237,1
687,106,24,206,0,28,1
687,107,692,477,0,-232,1
687,108,657,214,0,-118,1
687,112,548,20,0,-25,1
687,114,539,466,0,-253,0
687,115,154,155,0,-84,1
687,116,350,365,0,-172,1
687,118,289,80,0,-266,1
687,119,653,222,0,-109,1
687,120,419,437,0,-205,1
687,121,187,193,0,-24,1
688,0,60,243,0,73,0
688,1,156,237,0,-210,0
688,2,124,319,0,-133,0
688,3,717,210,0,39,0
688,4,139,118,0,19,0
688,5,79,401,0,-139,0
688,6,253,704,0,-2,0
688,7,123,297,0,-264,0
688,8,577,542,0,-53,0
688,10,270,726,0,67,0
688,11,180,674,0,-250,0
688,12,133,657,0,-171,0
688,13,227,749,0,76,0
688,14,693,321,0,-23,0
688,15,186,653,0,-188,0
688,16,417,129,0,29,0
688,17,623,410,0,-109,0
688,18,535,305,0,38,0
688,19,259,630,0,-104,0
688,23,139,706,0,52,1
688,53,366,29,0,72,1
688,54,129,144,0,-58,1
688,68,102,522,0,-132,1
688,69,199,202,0,78,1
688,74,140,68,0,-88,0
688,75,747,33,0,59,0
688,78,671,282,0,-71,1
688,85,332,462,0,30,0
688,89,518,655,0,-148,1
688,92,136,225,0,48,1
688,94,28,132,0,-231,1
688,99,417,331,0,-66,0
688,100,598,182,0,-266,1
688,101,348,302,0,-192,1
688,104,349,168,0,-42,1
688,105,287,129,0,-237,1
688,106,22,204,0,52,1
688,107,690,479,0,-232,1
688,108,660,214,0,-92,1
688,112,550,18,0,-25,1
688,114,536,467,0,-253,0
688,115,157,155,0,-84,1
688,116,350,368,0,-172,1
688,118,286,80,0,-266,1
688,119,656,223,0,-109,1
688,120,418,439,0,-205,1
688,121,188,190,0,-24,1
689,0,57,242,0,73,0
689,1,155,240,0,-210,0
689,2,126,321,0,-133,0
689,3,715,208,0,39,0
689,4,138,115,0,19,0
689,5,81,403,0,-147,0
689,6,254,701,0,-12,0
689,7,120,298,0,-264,0
689,8,580,540,0,-53,0
689,10,267,725,0,67,0
689,11,177,675,0,-250,0
689,12,134,660,0,-171,0
689,13,224,748,0,76,0
689,14,694,318,0,-23,0
689,15,186,656,0,-188,0
689,16,415,126,0,29,0
689,17,626,411,0,-109,0
689,18,533,303,0,38,0
689,19,262,630,0,-96,0
689,23,137,705,0,52,1
689,53,363,28,0,72,1
689,54,132,143,0,-58,1
689,68,104,524,0,-132,1
689,69,196,202,0,78,1
689,74,143,68,0,-88,0
689,75,745,32,0,59,0
689,78,674,281,0,-71,1
689,85,331,459,0,30,0
689,89,519,658,0,-148,1
689,92,133,223,0,48,1
689,94,25,134,0,-231,1
689,99,417,331,0,-66,0
689,100,595,183,0,-266,1
689,101,349,305,0,-177,1
689,104,351,166,0,-42,1
689,105,285,131,0,-239,1
689,106,19,203,0,52,1
689,107,687,481,0,-232,1
689,108,663,215,0,-92,1
689,112,551,15,0,-24,1
689,114,533,468,0,-253,0
689,115,160,155,0,-84,1
689,116,351,371,0,-159,1
689,118,283,80,0,-266,1
689,119,659,225,0,-120,1
689,120,417,442,0,-201,1
689,121,189,187,0,-24,1
690,0,54,242,0,73,0
690,1,153,242,0,-210,0
690,2,129,323,0,-133,0
690,3,714,205,0,30,0
690,4,137,112,0,19,0
690,5,82,406,0,-147,0
690,6,253,698,0,14,0
690,7,117,298,0,-264,0
690,8,582,538,0,-53,0
690,10,265,723,0,67,0
690,11,175,676,0,-250,0
690,12,134,663,0,-171,0
690,13,221,747,0,76,0
690,14,694,315,0,-5,0
690,15,186,659,0,-188,0
690,16,415,123,0,3,0
690,17,629,412,0,-109,0
690,18,532,300,0,38,0
690,19,265,631,0,-96,0
690,23,135,703,0,52,1
690,53,360,27,0,72,1
690,54,134,141,0,-58,1
690,68,106,526,0,-132,1
690,69,193,201,0,78,1
690,74,146,68,0,-88,0
690,75,742,30,0,59,0
690,78,676,280,0,-55,1
690,85,330,456,0,6,0
690,89,521,660,0,-148,1
690,92,131,221,0,48,1
690,94,23,136,0,-231,1
690,99,417,331,0,-66,0
690,100,592,183,0,-266,1
690,101,349,308,0,-177,1
690,104,353,164,0,-42,1
690,105,282,132,0,-239,1
690,106,17,201,0,52,1
690,107,685,483,0,-232,1
690,108,666,215,0,-92,1
690,112,552,12,0,-22,1
690,114,531,468,0,-253,0
690,115,163,154,0,-84,1
690,116,352,374,0,-159,1
690,118,280,80,0,-266,1
690,119,661,226,0,-120,1
690,120,416,445,0,-201,1
690,121,190,184,0,-24,1
691,0,51,241,0,85,0
691,1,152,245,0,-210,0
691,2,131,325,0,-133,0
691,3,712,203,0,30,0
691,4,136,109,0,19,0
691,5,84,408,0,-147,0
691,6,252,695,0,14,0
691,7,114,297,0,80,0
691,8,585,536,0,-53,0
691,10,262,722,0,67,0
691,11,172,677,0,-246,0
691,12,135,666,0,-171,0
691,13,218,746,0,76,0
691,14,694,312,0,-5,0
691,15,185,662,0,-188,0
691,16,415,120,0,3,0
691,17,632,413,0,-109,0
691,18,530,298,0,38,0
691,19,268,631,0,-96,0
691,23,132,701,0,52,1
691,53,358,26,0,72,1
691,54,137,140,0,-58,1
691,68,109,527,0,-132,1
691,69,190,200,0,78,1
691,74,149,68,0,-88,0
691,75,740,29,0,59,0
691,78,679,278,0,-55,1
691,85,330,454,0,6,0
691,89,522,663,0,-148,1
691,92,129,219,0,48,1
691,94,20,137,0,-240,1
691,99,417,331,0,-66,0
691,100,589,183,0,-269,1
691,101,349,311,0,-177,1
691,104,356,162,0,-58,1
691,105,280,134,0,-239,1
691,106,15,199,0,52,1
691,107,684,486,0,-205,1
691,108,669,214,0,-74,1
691,112,553,9,0,-22,1
691,114,528,468,0,77,0
691,115,166,154,0,-84,1
691,116,354,377,0,-159,1
691,118,277,80,0,-266,1
691,119,664,228,0,-120,1
691,120,415,448,0,-201,1
691,121,192,182,0,-24,1
692,0,48,241,0,85,0
692,1,150,247,0,-210,0
692,2,134,326,0,-106,0
692,3,711,200,0,33,0
692,4,135,107,0,19,0
692,5,86,411,0,-147,0
692,6,252,692,0,14,0
692,7,111,297,0,80,0
692,8,587,534,0,-53,0
692,10,259,721,0,67,0
692,11,169,678,0,-246,0
692,12,135,669,0,-171,0
692,13,215,746,0,76,0
692,14,695,309,0,-5,0
692,15,185,665,0,-188,0
692,16,415,117,0,3,0
692,17,635,414,0,-109,0
692,18,528,296,0,38,0
692,19,271,631,0,-96,0
692,23,130,699,0,54,1
692,53,355,24,0,55,1
692,54,139,138,0,-58,1
692,68,111,529,0,-132,1
692,69,187,200,0,78,1
692,74,152,68,0,-88,0
692,75,737,27,0,50,0
692,78,681,276,0,-55,1
692,85,330,451,0,6,0
692,89,524,665,0,-148,1
692,92,127,217,0,48,1
692,94,18,139,0,-240,1
692,99,417,331,0,-66,0
692,100,586,183,0,-269,1
692,101,349,314,0,-177,1
692,104,358,160,0,-58,1
692,105,277,135,0,-239,1
692,106,12,197,0,52,1
692,107,683,488,0,-205,1
692,108,672,214,0,-90,1
692,112,554,7,0,-22,1
692,114,525,466,0,58,0
692,115,169,154,0,-84,1
692,116,355,379,0,-159,1
692,118,274,80,0,75,1
692,119,667,229,0,-120,1
692,120,413,450,0,-201,1
692,121,193,179,0,-24,1
693,0,45,241,0,85,0
693,1,148,250,0,-214,0
693,2,137,326,0,-106,0
693,3,709,198,0,33,0
693,4,135,104,0,9,0
693,5,87,413,0,-147,0
693,6,251,689,0,14,0
693,7,108,296,0,80,0
693,8,589,533,0,-53,0
693,10,256,721,0,82,0
693,11,166,680,0,-246,0
693,12,136,672,0,-160,0
693,13,212,745,0,76,0
693,14,695,306,0,-4,0
693,15,184,668,0,-188,0
693,16,415,114,0,3,0
693,17,637,415,0,-109,0
693,18,526,293,0,38,0
693,19,273,632,0,-96,0
693,23,127,697,0,54,1
693,53,353,23,0,55,1
693,54,141,136,0,-39,1
693,68,113,531,0,-132,1
693,69,184,199,0,78,1
693,74,155,68,0,-88,0
693,75,735,25,0,50,0
693,78,684,275,0,-55,1
693,85,330,448,0,6,0
693,89,525,668,0,-148,1
693,92,124,215,0,48,1
693,94,15,140,0,-240,1
693,99,417,331,0,-66,0
693,100,583,183,0,-269,1
693,101,349,317,0,-186,1
693,104,361,159,0,-49,1
693,105,275,137,0,-239,1
693,106,10,195,0,52,1
693,107,681,491,0,-205,1
693,108,675,214,0,-90,1
693,112,555,4,0,-22,1
693,114,523,465,0,58,0
693,115,172,154,0,-84,1
693,116,356,382,0,-159,1
693,118,271,79,0,75,1
693,119,669,230,0,-120,1
693,120,412,453,0,-220,1
693,121,194,176,0,-24,1
694,0,42,241,0,85,0
694,1,147,252,0,-214,0
694,2,139,327,0,-106,0
694,3,707,195,0,33,0
694,4,134,101,0,9,0
694,5,89,416,0,-147,0
694,6,250,686,0,14,0
694,7,105,297,0,-262,0
694,8,592,531,0,-53,0
694,10,253,720,0,82,0
694,11,164,681,0,-246,0
694,12,137,675,0,-160,0
694,13,209,744,0,76,0
694,14,694,303,0,15,0
694,15,184,671,0,-188,0
694,16,414,111,0,3,0
694,17,640,416,0,-109,0
694,18,524,291,0,50,0
694,19,276,632,0,-96,0
694,23,125,696,0,54,1
694,53,350,21,0,55,1
694,54,144,134,0,-57,1
694,68,115,533,0,-132,1
694,69,181,198,0,78,1
694,74,158,67,0,-88,0
694,75,733,23,0,50,0
694,78,686,273,0,-55,1
694,85,330,445,0,-2,0
694,89,527,670,0,-148,1
694,92,123,212,0,34,1
694,94,13,142,0,-240,1
694,99,417,331,0,-66,0
694,100,580,183,0,-269,1
694,101,348,320,0,-189,1
694,104,363,157,0,-49,1
694,105,272,139,0,-239,1
694,106,8,193,0,30,1
694,107,680,494,0,-205,1
694,108,678,214,0,-90,1
694,112,557,1,0,-22,1
694,114,520,463,0,58,0
694,115,175,153,0,-84,1
694,116,357,385,0,-159,1
694,118,268,78,0,75,1
694,119,672,232,0,-120,1
694,120,410,455,0,-220,1
694,121,195,173,0,-24,1
695,0,39,240,0,85,0
695,1,145,255,0,-214,0
695,2,142,328,0,-106,0
695,3,706,193,0,33,0
695,4,134,98,0,9,0
695,5,91,417,0,-120,0
695,6,249,683,0,14,0
695,7,102,297,0,-262,0
695,8,594,529,0,-53,0
695,10,251,718,0,53,0
695,11,161,682,0,-246,0
695,12,138,678,0,-160,0
695,13,206,743,0,76,0
695,14,693,300,0,15,0
695,15,184,674,0,-188,0
695,16,414,108,0,3,0
695,17,643,416,0,-85,0
695,18,522,289,0,42,0
695,19,279,632,0,-96,0
695,23,123,693,0,39,1
695,53,348,19,0,55,1
695,54,146,132,0,-57,1
695,68,118,535,0,-132,1
695,69,179,197,0,53,1
695,74,161,67,0,-88,0
695,75,731,21,0,50,0
695,78,689,271,0,-55,1
695,85,330,442,0,-2,0
695,89,529,673,0,-148,1
695,92,121,210,0,34,1
695,94,10,143,0,-240,1
695,99,417,331,0,-66,0
695,100,577,183,0,-269,1
695,101,349,322,0,-164,1
695,104,365,155,0,-49,1
695,105,269,140,0,-239,1
695,106,7,190,0,30,1
695,107,679,496,0,-205,1
695,108,681,215,0,-117,1
695,112,557,-2,0,-9,1
695,114,517,461,0,58,0
695,115,178,153,0,-84,1
695,116,358,388,0,-162,1
695,118,265,77,0,75,1
695,119,674,233,0,-120,1
695,120,408,457,0,-220,1
695,121,196,171,0,-17,1
696,0,36,240,0,85,0
696,1,143,257,0,-214,0
696,2,145,329,0,-106,0
696,3,704,190,0,33,0
696,4,133,95,0,9,0
696,5,94,419,0,-120,0
696,6,249,680,0,14,0
696,7,99,298,0,-262,0
696,8,597,527,0,-53,0
696,10,250,716,0,23,0
696,11,158,683,0,-246,0
696,12,139,680,0,-160,0
696,13,203,743,0,76,0
696,14,692,298,0,15,0
696,15,183,677,0,-188,0
696,16,414,105,0,3,0
696,17,646,416,0,-85,0
696,18,520,287,0,42,0
696,19,282,633,0,-96,0
696,23,121,691,0,39,1
696,53,345,17,0,55,1
696,54,149,131,0,-57,1
696,68,120,537,0,-132,1
696,69,177,195,0,53,1
696,74,164,67,0,-88,0
696,75,728,19,0,50,0
696,78,691,269,0,-51,1
696,85,330,439,0,-2,0
696,89,530,675,0,-148,1
696,92,119,207,0,34,1
696,94,7,145,0,-240,1
696,99,417,331,0,-66,0
696,100,574,183,0,-269,1
696,101,350,325,0,-164,1
696,104,368,153,0,-57,1
696,105,267,142,0,-239,1
696,106,5,188,0,43,1
696,107,678,499,0,-205,1
696,108,684,216,0,-111,1
696,112,557,747,0,-9,1
696,114,515,460,0,58,0
696,115,181,153,0,-84,1
696,116,359,391,0,-162,1
696,118,262,77,0,75,1
696,119,677,235,0,-120,1
696,120,405,459,0,-228,1
696,121,197,168,0,-17,1
697,0,33,240,0,85,0
697,1,142,260,0,-214,0
697,2,148,330,0,-106,0
697,3,702,188,0,33,0
697,4,133,92,0,9,0
697,5,97,420,0,-106,0
697,6,248,678,0,14,0
697,7,96,298,0,-262,0
697,8,599,525,0,-53,0
697,10,248,713,0,23,0
697,11,155,685,0,-246,0
697,12,140,683,0,-172,0
697,13,201,742,0,76,0
697,14,692,295,0,15,0
697,15,183,680,0,-188,0
697,16,414,102,0,3,0
697,17,649,416,0,-85,0
697,18,518,285,0,42,0
697,19,285,632,0,-79,0
697,23,119,689,0,39,1
697,53,343,15,0,48,1
697,54,151,129,0,-57,1
697,68,122,539,0,-132,1
697,69,174,193,0,53,1
697,74,167,67,0,-88,0
697,75,726,17,0,50,0
697,78,693,267,0,-51,1
697,85,330,436,0,-2,0
697,89,532,678,0,-148,1
697,92,118,205,0,34,1
697,94,5,146,0,-240,1
697,99,417,331,0,-66,0
697,100,571,183,0,-269,1
697,101,352,328,0,-142,1
697,104,369,150,0,-34,1
697,105,264,143,0,-239,1
697,106,3,186,0,43,1
697,107,676,502,0,-205,1
697,108,687,217,0,-110,1
697,112,558,744,0,-9,1
697,114,512,460,0,84,0
697,115,184,152,0,-84,1
697,116,360,393,0,-162,1
697,118,259,76,0,75,1
697,119,680,236,0,-120,1
697,120,403,461,0,-228,1
697,121,198,165,0,-17,1
698,0,30,239,0,85,0
698,1,140,262,0,-214,0
698,2,151,331,0,-106,0
698,3,701,185,0,33,0
698,4,132,89,0,9,0
698,5,100,421,0,-106,0
698,6,246,675,0,42,0
698,7,93,298,0,-262,0
698,8,601,523,0,-53,0
698,10,247,710,0,23,0
698,11,153,686,0,-246,0
698,12,140,686,0,-172,0
698,13,198,741,0,76,0
698,14,691,292,0,15,0
698,15,182,683,0,-188,0
698,16,415,99,0,-12,0
698,17,652,415,0,-85,0
698,18,515,284,0,70,0
698,19,288,631,0,-63,0
698,23,117,686,0,39,1
698,53,341,13,0,48,1
698,54,154,128,0,-57,1
698,68,124,541,0,-132,1
698,69,172,191,0,53,1
698,74,170,67,0,-92,0
698,75,724,15,0,47,0
698,78,696,265,0,-51,1
698,85,330,433,0,1,0
698,89,533,680,0,-148,1
698,92,116,202,0,34,1
698,94,3,149,0,-217,1
698,99,417,331,0,-66,0
698,100,568,183,0,-269,1
698,101,354,330,0,-142,1
698,104,371,148,0,-34,1
698,105,262,145,0,-239,1
698,106,1,183,0,43,1
698,107,675,505,0,-205,1
698,108,689,218,0,-110,1
698,112,558,741,0,-9,1
698,114,509,459,0,84,0
698,115,187,152,0,-84,1
698,116,361,396,0,-162,1
698,118,256,75,0,75,1
698,119,682,238,0,-120,1
698,120,401,463,0,-228,1
698,121,199,162,0,-17,1
699,0,27,239,0,85,0
699,1,138,265,0,-214,0
699,2,154,332,0,-116,0
699,3,699,183,0,33,0
699,4,132,86,0,9,0
699,5,103,421,0,-106,0
699,6,244,673,0,42,0
699,7,91,299,0,-262,0
699,8,604,522,0,-53,0
699,10,246,707,0,23,0
699,11,150,687,0,-252,0
699,12,141,689,0,-172,0
699,13,195,740,0,76,0
699,14,690,289,0,18,0
699,15,182,686,0,-188,0
699,16,415,96,0,-12,0
699,17,655,415,0,-85,0
699,18,512,283,0,70,0
699,19,291,629,0,-63,0
699,23,116,684,0,39,1
699,53,339,11,0,41,1
699,54,156,126,0,-57,1
699,68,126,543,0,-132,1
699,69,169,189,0,53,1
699,74,173,67,0,-92,0
699,75,722,13,0,47,0
699,78,698,264,0,-51,1
699,85,330,430,0,1,0
699,89,535,683,0,-148,1
699,92,114,200,0,34,1
699,94,2,151,0,-195,1
699,99,417,331,0,-66,0
699,100,565,183,0,-269,1
699,101,355,332,0,-142,1
699,104,373,146,0,-43,1
699,105,259,146,0,-239,1
699,106,-1,181,0,43,1
699,107,674,507,0,-205,1
699,108,692,219,0,-105,1
699,112,559,738,0,-9,1
699,114,506,459,0,84,0
699,115,190,152,0,-84,1
699,116,361,399,0,-162,1
699,118,253,74,0,75,1
699,119,685,239,0,-108,1
699,120,399,466,0,-213,1
699,121,200,159,0,-17,1
700,0,24,239,0,85,0
700,1,137,267,0,-214,0
700,2,156,333,0,-116,0
700,3,698,180,0,33,0
700,4,131,83,0,9,0
700,5,106,422,0,-106,0
700,6,242,671,0,42,0
700,7,88,299,0,-262,0
700,8,606,520,0,-53,0
700,10,245,705,0,20,0
700,11,147,688,0,-252,0
700,12,141,692,0,-172,0
700,13,192,741,0,-263,0
700,14,689,286,0,18,0
700,15,182,689,0,-188,0
700,16,416,93,0,-12,0
700,17,658,415,0,-85,0
700,18,509,282,0,70,0
700,19,293,628,0,-66,0
700,23,114,682,0,39,1
700,53,337,9,0,41,1
700,54,159,124,0,-57,1
700,68,129,545,0,-132,1
700,69,167,188,0,53,1
700,74,176,67,0,-92,0
700,75,719,11,0,47,0
700,78,699,261,0,-27,1
700,85,330,427,0,1,0
700,89,537,686,0,-148,1
700,92,114,197,0,11,1
700,94,1,154,0,-195,1
700,99,417,331,0,-66,0
700,100,562,183,0,83,1
700,101,357,335,0,-142,1
700,104,375,143,0,-34,1
700,105,256,147,0,-255,1
700,106,748,179,0,43,1
700,107,672,510,0,-205,1
700,108,695,220,0,-105,1
700,112,559,735,0,-9,1
700,114,503,459,0,84,0
700,115,193,152,0,-84,1
700,116,362,402,0,-162,1
700,118,250,74,0,80,1
700,119,688,240,0,-108,1
700,120,398,468,0,-213,1
700,121,201,156,0,-25,1
701,0,21,239,0,85,0
701,1,136,270,0,-198,0
701,2,158,336,0,-143,0
701,3,695,178,0,47,0
701,4,131,80,0,9,0
701,5,108,423,0,-106,0
701,6,240,669,0,42,0
701,7,85,300,0,-262,0
701,8,608,518,0,-53,0
701,10,244,702,0,20,0
701,11,144,689,0,-252,0
701,12,140,695,0,-200,0
701,13,189,741,0,-263,0
701,14,688,283,0,18,0
701,15,181,692,0,-188,0
701,16,416,90,0,-12,0
701,17,661,414,0,-85,0
701,18,506,281,0,70,0
701,19,296,627,0,-66,0
701,23,112,679,0,39,1
701,53,334,7,0,54,1
701,54,161,123,0,-57,1
701,68,130,548,0,-162,1
701,69,165,186,0,53,1
701,74,179,67,0,-82,0
701,75,717,9,0,47,0
701,78,701,258,0,-27,1
701,85,330,424,0,1,0
701,89,538,688,0,-148,1
701,92,113,194,0,11,1
701,94,1,157,0,-195,1
701,99,417,331,0,-66,0
701,100,559,182,0,83,1
701,101,359,337,0,-142,1
701,104,377,141,0,-37,1
701,105,254,148,0,-244,1
701,106,746,177,0,43,1
701,107,671,513,0,-205,1
701,108,698,221,0,-105,1
701,112,560,732,0,-9,1
701,114,500,458,0,84,0
701,115,196,151,0,-84,1
701,116,363,405,0,-162,1
701,118,247,73,0,80,1
701,119,691,241,0,-108,1
701,120,396,471,0,-213,1
701,121,202,154,0,-25,1
702,0,18,238,0,85,0
702,1,135,273,0,-198,0
702,2,161,337,0,-121,0
702,3,693,176,0,47,0
702,4,131,77,0,9,0
702,5,111,424,0,-106,0
702,6,237,667,0,57,0
702,7,82,300,0,-262,0
702,8,610,515,0,-29,0
702,10,243,699,0,20,0
702,11,141,690,0,-252,0
702,12,139,698,0,-200,0
702,13,186,741,0,-263,0
702,14,686,281,0,39,0
702,15,181,695,0,-188,0
702,16,417,87,0,-12,0
702,17,664,414,0,-82,0
702,18,504,280,0,70,0
702,19,299,627,0,-85,0
702,23,110,677,0,42,1
702,53,332,5,0,54,1
702,54,164,121,0,-57,1
702,68,131,551,0,-162,1
702,69,162,184,0,53,1
702,74,182,67,0,-82,0
702,75,715,7,0,47,0
702,78,702,256,0,-27,1
702,85,330,421,0,1,0
702,89,540,691,0,-148,1
702,92,114,191,0,-7,1
702,94,0,160,0,-195,1
702,99,417,331,0,-66,0
702,100,556,182,0,83,1
702,101,361,340,0,-142,1
702,104,378,139,0,-37,1
702,105,251,150,0,-244,1
702,106,744,175,0,43,1
702,107,670,516,0,-205,1
702,108,701,220,0,-81,1
702,112,560,729,0,-9,1
702,114,497,458,0,86,0
702,115,199,151,0,-84,1
702,116,364,408,0,-162,1
702,118,244,73,0,80,1
702,119,694,242,0,-108,1
702,120,394,473,0,-213,1
702,121,202,151,0,-1,1
703,0,16,238,0,85,0
703,1,134,276,0,-198,0
703,2,163,339,0,-127,0
703,3,691,174,0,47,0
703,4,130,74,0,9,0
703,5,114,425,0,-106,0
703,6,235,665,0,57,0
703,7,79,301,0,-262,0
703,8,611,513,0,-29,0
703,10,242,696,0,20,0
703,11,138,691,0,-252,0
703,12,138,701,0,-200,0
703,13,183,742,0,-263,0
703,14,684,279,0,39,0
703,15,180,698,0,-188,0
703,16,418,84,0,-12,0
703,17,667,414,0,-82,0
703,18,501,279,0,70,0
703,19,302,626,0,-85,0
703,23,108,675,0,42,1
703,53,330,4,0,54,1
703,54,167,121,0,-87,1
703,68,132,554,0,-162,1
703,69,160,182,0,53,1
703,74,185,66,0,-82,0
703,75,713,5,0,47,0
703,78,703,253,0,-27,1
703,85,330,418,0,1,0
703,89,541,693,0,-148,1
703,92,114,188,0,-1,1
703,94,749,163,0,-195,1
703,99,417,331,0,-66,0
703,100,553,182,0,83,1
703,101,363,342,0,-142,1
703,104,380,136,0,-37,1
703,105,248,151,0,-244,1
703,106,742,172,0,43,1
703,107,669,518,0,-205,1
703,108,704,220,0,-81,1
703,112,561,726,0,-9,1
703,114,494,458,0,86,0
703,115,201,149,0,-55,1
703,116,365,411,0,-162,1
703,118,241,72,0,80,1
703,119,696,243,0,-108,1
703,120,393,476,0,-213,1
703,121,202,148,0,8,1
704,0,13,238,0,85,0
704,1,133,279,0,-198,0
704,2,166,341,0,-127,0
704,3,689,172,0,47,0
704,4,130,71,0,9,0
704,5,117,426,0,-106,0
704,6,232,664,0,57,0
704,7,76,301,0,-262,0
704,8,613,510,0,-36,0
704,10,241,693,0,20,0
704,11,136,692,0,-252,0
704,12,137,704,0,-200,0
704,13,180,743,0,-250,0
704,14,682,277,0,58,0
704,15,180,701,0,-188,0
704,16,418,81,0,-12,0
704,17,670,413,0,-82,0
704,18,498,278,0,70,0
704,19,305,625,0,-72,0
704,23,106,673,0,42,1
704,53,327,2,0,54,1
704,54,170,121,0,-87,1
704,68,132,557,0,-175,1
704,69,158,180,0,53,1
704,74,188,66,0,-82,0
704,75,711,3,0,47,0
704,78,705,250,0,-27,1
704,85,330,415,0,1,0
704,89,543,696,0,-148,1
704,92,114,185,0,-1,1
704,94,748,166,0,-195,1
704,99,417,331,0,-66,0
704,100,550,181,0,83,1
704,101,365,344,0,-142,1
704,104,382,134,0,-37,1
704,105,245,152,0,-244,1
704,106,740,170,0,43,1
704,107,667,521,0,-205,1
704,108,707,219,0,-81,1
704,112,561,723,0,-9,1
704,114,491,458,0,86,0
704,115,204,148,0,-72,1
704,116,367,413,0,-143,1
704,118,239,72,0,80,1
704,119,699,243,0,-108,1
704,120,392,479,0,-189,1
704,121,201,145,0,8,1
705,0,10,238,0,85,0
705,1,132,281,0,-198,0
705,2,168,342,0,-127,0
705,3,687,169,0,36,0
705,4,129,68,0,9,0
705,5,120,426,0,-106,0
705,6,230,663,0,68,0
705,7,73,302,0,-262,0
705,8,615,508,0,-36,0
705,10,240,691,0,20,0
705,11,133,692,0,-252,0
705,12,136,706,0,-200,0
705,13,177,744,0,-250,0
705,14,679,275,0,58,0
705,15,179,704,0,-190,0
705,16,419,78,0,-12,0
705,17,673,413,0,-82,0
705,18,495,277,0,70,0
705,19,308,624,0,-70,0
705,23,104,670,0,42,1
705,53,325,0,0,54,1
705,54,173,120,0,-87,1
705,68,133,560,0,-164,1
705,69,155,178,0,49,1
705,74,191,65,0,-82,0
705,75,708,1,0,47,0
705,78,707,248,0,-39,1
705,85,330,412,0,1,0
705,89,544,698,0,-148,1
705,92,114,182,0,-1,1
705,94,748,169,0,-195,1
705,99,417,331,0,-66,0
705,100,547,181,0,83,1
705,101,366,347,0,-142,1
705,104,384,131,0,-37,1
705,105,243,154,0,-244,1
705,106,738,168,0,43,1
705,107,666,524,0,-205,1
705,108,710,219,0,-81,1
705,112,562,720,0,-9,1
705,114,488,458,0,86,0
705,115,207,147,0,-72,1
705,116,369,415,0,-143,1
705,118,236,71,0,80,1
705,119,702,244,0,-108,1
705,120,392,482,0,-189,1
705,121,201,142,0,8,1
706,0,7,237,0,85,0
706,1,131,284,0,-198,0
706,2,170,344,0,-127,0
706,3,685,167,0,36,0
706,4,129,65,0,9,0
706,5,123,426,0,-78,0
706,6,227,661,0,68,0
706,7,70,302,0,-262,0
706,8,615,505,0,-8,0
706,10,239,688,0,20,0
706,11,130,693,0,-252,0
706,12,135,709,0,-200,0
706,13,174,745,0,-250,0
706,14,677,274,0,58,0
706,15,179,707,0,-190,0
706,16,419,76,0,-12,0
706,17,676,412,0,-82,0
706,18,492,276,0,70,0
706,19,310,623,0,-58,0
706,23,102,668,0,42,1
706,53,322,-2,0,54,1
706,54,176,121,0,-100,1
706,68,134,562,0,-144,1
706,69,153,176,0,49,1
706,74,194,65,0,-82,0
706,75,706,-1,0,47,0
706,78,709,246,0,-39,1
706,85,330,409,0,1,0
706,89,546,701,0,-148,1
706,92,114,179,0,-1,1
706,94,746,172,0,-203,1
706,99,417,331,0,-66,0
706,100,545,180,0,76,1
706,101,369,348,0,-125,1
706,104,386,129,0,-37,1
706,105,240,155,0,-244,1
706,106,736,166,0,43,1
706,107,666,527,0,-183,1
706,108,713,218,0,-81,1
706,112,562,717,0,-9,1
706,114,485,457,0,86,0
706,115,210,146,0,-72,1
706,116,371,418,0,-143,1
706,118,233,70,0,80,1
706,119,705,245,0,-108,1
706,120,391,485,0,-189,1
706,121,201,139,0,8,1
707,0,4,237,0,85,0
707,1,130,287,0,-198,0
707,2,173,346,0,-127,0
707,3,684,165,0,36,0
707,4,128,62,0,9,0
707,5,126,425,0,-78,0
707,6,224,660,0,68,0
707,7,67,302,0,-262,0
707,8,615,502,0,7,0
707,10,237,685,0,24,0
707,11,127,694,0,-252,0
707,12,134,712,0,-200,0
707,13,172,746,0,-250,0
707,14,674,272,0,58,0
707,15,178,710,0,-190,0
707,16,420,73,0,-12,0
707,17,679,412,0,-82,0
707,18,489,275,0,70,0
707,19,313,621,0,-58,0
707,23,100,666,0,42,1
707,53,320,748,0,54,1
707,54,179,121,0,-100,1
707,68,136,565,0,-144,1
707,69,151,174,0,49,1
707,74,197,65,0,-82,0
707,75,703,749,0,69,0
707,78,710,243,0,-22,1
707,85,330,406,0,1,0
707,89,548,703,0,-133,1
707,92,114,176,0,-1,1
707,94,745,174,0,-203,1
707,99,417,331,0,-66,0
707,100,542,180,0,76,1
707,101,371,351,0,-148,1
707,104,387,127,0,-37,1
707,105,237,156,0,-244,1
707,106,734,164,0,43,1
707,107,666,530,0,-183,1
707,108,716,218,0,-81,1
707,112,563,714,0,-9,1
707,114,482,457,0,86,0
707,115,213,145,0,-72,1
707,116,372,420,0,-143,1
707,118,230,69,0,63,1
707,119,708,246,0,-108,1
707,120,391,488,0,-189,1
707,121,202,136,0,-20,1
708,0,1,237,0,85,0
708,1,129,290,0,-198,0
708,2,175,348,0,-127,0
708,3,682,162,0,36,0
708,4,128,59,0,9,0
708,5,129,425,0,-91,0
708,6,221,659,0,68,0
708,7,64,303,0,-262,0
708,8,615,499,0,7,0
708,10,236,682,0,24,0
708,11,124,695,0,-252,0
708,12,133,715,0,-200,0
708,13,169,747,0,-250,0
708,14,672,270,0,43,0
708,15,178,713,0,-190,0
708,16,421,70,0,-12,0
708,17,682,413,0,-110,0
708,18,487,274,0,70,0
708,19,315,620,0,-58,0
708,23,98,664,0,42,1
708,53,317,746,0,54,1
708,54,182,122,0,-100,1
708,68,138,567,0,-144,1
708,69,148,172,0,49,1
708,74,200,64,0,-82,0
708,75,700,749,0,-270,0
708,78,711,240,0,-22,1
708,85,329,403,0,16,0
708,89,550,705,0,-133,1
708,92,114,173,0,-1,1
708,94,744,177,0,-203,1
708,99,417,331,0,-66,0
708,100,539,179,0,76,1
708,101,372,353,0,-148,1
708,104,389,124,0,-22,1
708,105,235,158,0,-244,1
708,106,732,161,0,43,1
708,107,666,533,0,-183,1
708,108,719,218,0,-104,1
708,112,563,711,0,-9,1
708,114,479,457,0,86,0
708,115,215,146,0,-101,1
708,116,374,423,0,-143,1
708,118,227,68,0,63,1
708,119,711,247,0,-108,1
708,120,391,491,0,-189,1
708,121,203,133,0,-20,1
709,0,-2,237,0,85,0
709,1,128,293,0,-198,0
709,2,178,350,0,-127,0
709,3,680,160,0,36,0
709,4,127,56,0,8,0
709,5,132,425,0,-78,0
709,6,219,658,0,68,0
709,7,61,303,0,-262,0
709,8,614,496,0,7,0
709,10,235,680,0,24,0
709,11,122,697,0,-235,0
709,12,132,718,0,-200,0
709,13,166,748,0,-250,0
709,14,670,268,0,43,0
709,15,177,716,0,-190,0
709,16,421,67,0,-12,0
709,17,685,414,0,-110,0
709,18,484,273,0,70,0
709,19,318,618,0,-58,0
709,23,96,662,0,42,1
709,53,315,745,0,54,1
709,54,185,123,0,-100,1
709,68,139,570,0,-159,1
709,69,146,171,0,49,1
709,74,203,64,0,-82,0
709,75,697,749,0,-270,0
709,78,712,237,0,-14,1
709,85,328,400,0,15,0
709,89,553,707,0,-133,1
709,92,114,170,0,-1,1
709,94,743,180,0,-203,1
709,99,417,331,0,-66,0
709,100,536,178,0,76,1
709,101,375,355,0,-127,1
709,104,390,121,0,-22,1
709,105,232,159,0,-240,1
709,106,730,159,0,43,1
709,107,666,536,0,-183,1
709,108,722,219,0,-104,1
709,112,562,709,0,18,1
709,114,476,457,0,86,0
709,115,218,146,0,-98,1
709,116,377,424,0,-121,1
709,118,224,68,0,87,1
709,119,714,248,0,-108,1
709,120,390,494,0,-189,1
709,121,204,130,0,-20,1
710,0,747,235,0,57,0
710,1,128,296,0,-198,0
710,2,179,352,0,-156,0
710,3,678,157,0,36,0
710,4,127,53,0,15,0
710,5,135,424,0,-78,0
710,6,216,657,0,68,0
710,7,58,303,0,83,0
710,8,614,493,0,7,0
710,10,234,677,0,24,0
710,11,119,699,0,-235,0
710,12,132,721,0,-178,0
710,13,163,749,0,-250,0
710,14,668,266,0,43,0
710,15,177,719,0,-190,0
710,16,422,64,0,-12,0
710,17,687,415,0,-110,0
710,18,481,273,0,-266,0
710,19,321,616,0,-58,0
710,23,94,659,0,42,1
710,53,313,743,0,54,1
710,54,188,122,0,-80,1
710,68,140,573,0,-159,1
710,69,144,169,0,49,1
710,74,206,63,0,-82,0
710,75,694,749,0,-270,0
710,78,712,234,0,-14,1
710,85,327,397,0,15,0
710,89,555,709,0,-133,1
710,92,114,167,0,-1,1
710,94,742,183,0,-203,1
710,99,417,331,0,-66,0
710,100,533,177,0,76,1
710,101,376,358,0,-152,1
710,104,391,118,0,-22,1
710,105,229,161,0,-240,1
710,106,728,157,0,43,1
710,107,665,539,0,-183,1
710,108,725,220,0,-104,1
710,112,561,706,0,18,1
710,114,473,456,0,87,0
710,115,221,147,0,-98,1
710,116,379,426,0,-121,1
710,118,221,67,0,87,1
710,119,716,249,0,-108,1
710,120,390,497,0,-189,1
710,121,204,127,0,-14,1
711,0,745,233,0,57,0
711,1,127,299,0,-198,0
711,2,180,355,0,-156,0
711,3,677,155,0,36,0
711,4,126,50,0,15,0
711,5,138,423,0,-78,0
711,6,213,656,0,68,0
711,7,55,303,0,83,0
711,8,613,490,0,7,0
711,10,232,674,0,24,0
711,11,117,700,0,-235,0
711,12,132,724,0,-178,0
711,13,160,750,0,-250,0
711,14,667,263,0,24,0
711,15,175,721,0,-219,0
711,16,423,61,0,-12,0
711,17,690,416,0,-110,0
711,18,478,273,0,-266,0
711,19,323,615,0,-58,0
711,23,92,657,0,42,1
711,53,310,741,0,54,1
711,54,191,122,0,-94,1
711,68,141,576,0,-159,1
711,69,142,167,0,49,1
711,74,209,63,0,-82,0
711,75,692,750,0,-258,0
711,78,713,231,0,-14,1
711,85,326,394,0,15,0
711,89,557,711,0,-133,1
711,92,115,164,0,-12,1
711,94,741,185,0,-203,1
711,99,417,331,0,-66,0
711,100,530,177,0,76,1
711,101,377,361,0,-152,1
711,104,392,115,0,-22,1
711,105,227,162,0,-240,1
711,106,725,155,0,43,1
711,107,665,542,0,-183,1
711,108,728,220,0,-104,1
711,112,560,703,0,18,1
711,114,470,456,0,87,0
711,115,224,147,0,-98,1
711,116,382,427,0,-121,1
711,118,218,67,0,87,1
711,119,719,250,0,-108,1
711,120,389,500,0,-187,1
711,121,204,124,0,1,1
712,0,742,232,0,57,0
712,1,126,301,0,-198,0
712,2,181,358,0,-156,0
712,3,675,152,0,36,0
712,4,125,47,0,15,0
712,5,141,423,0,-78,0
712,6,210,655,0,68,0
712,7,52,302,0,83,0
712,8,613,487,0,7,0
712,10,231,671,0,24,0
712,11,114,702,0,-235,0
712,12,132,727,0,-178,0
712,13,158,751,0,-240,0
712,14,665,260,0,24,0
712,15,173,723,0,-228,0
712,16,423,58,0,-12,0
712,17,693,417,0,-110,0
712,18,475,273,0,-266,0
712,19,326,613,0,-58,0
712,23,90,655,0,35,1
712,53,308,739,0,54,1
712,54,194,122,0,-94,1
712,68,142,578,0,-159,1
712,69,139,165,0,49,1
712,74,212,63,0,-82,0
712,75,689,750,0,-258,0
712,78,714,228,0,-14,1
712,85,326,391,0,15,0
712,89,559,713,0,-133,1
712,92,115,161,0,-12,1
712,94,739,188,0,-203,1
712,99,417,331,0,-66,0
712,100,527,176,0,76,1
712,101,379,363,0,-152,1
712,104,393,113,0,-22,1
712,105,224,164,0,-240,1
712,106,723,153,0,43,1
712,107,666,545,0,-164,1
712,108,730,221,0,-104,1
712,112,559,700,0,18,1
712,114,467,456,0,87,0
712,115,227,148,0,-98,1
712,116,384,429,0,-140,1
712,118,215,67,0,87,1
712,119,722,251,0,-108,1
712,120,389,503,0,-187,1
712,121,204,121,0,1,1
713,0,740,230,0,57,0
713,1,125,304,0,-198,0
713,2,183,361,0,-156,0
713,3,673,150,0,36,0
713,4,124,45,0,15,0
713,5,144,422,0,-78,0
713,6,207,655,0,-263,0
713,7,49,302,0,83,0
713,8,613,484,0,7,0
713,10,230,669,0,24,0
713,11,112,704,0,-235,0
713,12,132,730,0,-178,0
713,13,155,1,0,-240,0
713,14,664,257,0,24,0
713,15,170,725,0,-228,0
713,16,423,55,0,11,0
713,17,696,418,0,-110,0
713,18,472,273,0,-266,0
713,19,328,612,0,-55,0
713,23,88,652,0,35,1
713,53,305,738,0,54,1
713,54,197,123,0,-94,1
713,68,143,581,0,-159,1
713,69,137,163,0,49,1
713,74,215,62,0,-82,0
713,75,686,1,0,-258,0
713,78,714,225,0,-14,1
713,85,325,388,0,15,0
713,89,562,715,0,-133,1
713,92,114,158,0,18,1
713,94,738,191,0,-203,1
713,99,417,331,0,-66,0
713,100,524,176,0,-269,1
713,101,380,366,0,-152,1
713,104,394,110,0,-22,1
713,105,222,165,0,-240,1
713,106,722,150,0,31,1
713,107,667,547,0,-164,1
713,108,733,222,0,-104,1
713,112,558,697,0,18,1
713,114,464,456,0,87,0
713,115,230,148,0,-98,1
713,116,386,432,0,-140,1
713,118,212,67,0,87,1
713,119,725,252,0,-108,1
713,120,388,506,0,-187,1
713,121,205,118,0,-13,1
714,0,737,228,0,57,0
714,1,124,307,0,-189,0
714,2,183,364,0,-177,0
714,3,671,148,0,36,0
714,4,123,42,0,15,0
714,5,146,421,0,-65,0
714,6,205,656,0,-242,0
714,7,46,301,0,83,0
714,8,612,481,0,24,0
714,10,229,666,0,24,0
714,11,109,706,0,-235,0
714,12,132,733,0,-178,0
714,13,153,3,0,-236,0
714,14,663,255,0,24,0
714,15,168,727,0,-228,0
714,16,422,52,0,11,0
714,17,698,420,0,-118,0
714,18,469,273,0,78,0
714,19,331,610,0,-55,0
714,23,86,650,0,35,1
714,53,303,736,0,54,1
714,54,200,123,0,-94,1
714,68,145,584,0,-147,1
714,69,135,161,0,49,1
714,74,218,62,0,-82,0
714,75,683,2,0,-246,0
714,78,715,223,0,-14,1
714,85,324,385,0,15,0
714,89,564,717,0,-133,1
714,92,113,155,0,18,1
714,94,737,194,0,-203,1
714,99,417,331,0,-66,0
714,100,521,176,0,-269,1
714,101,382,368,0,-152,1
714,104,395,107,0,-22,1
714,105,219,167,0,-240,1
714,106,720,147,0,31,1
714,107,668,550,0,-164,1
714,108,736,223,0,-104,1
714,112,557,694,0,18,1
714,114,461,456,0,87,0
714,115,233,148,0,-98,1
714,116,387,434,0,-152,1
714,118,209,67,0,87,1
714,119,728,253,0,-107,1
714,120,388,509,0,-187,1
714,121,206,116,0,-13,1
715,0,735,227,0,57,0
715,1,124,310,0,-189,0
715,2,183,367,0,-182,0
715,3,669,145,0,38,0
715,4,123,39,0,15,0
715,5,149,419,0,-65,0
715,6,202,658,0,-242,0
715,7,43,301,0,83,0
715,8,610,479,0,24,0
715,10,227,663,0,24,0
715,11,107,707,0,-235,0
715,12,132,736,0,-187,0
715,13,150,5,0,-236,0
715,14,662,252,0,24,0
715,15,166,729,0,-228,0
715,16,421,49,0,11,0
715,17,701,421,0,-118,0
715,18,466,272,0,78,0
715,19,333,608,0,-55,0
715,23,85,647,0,35,1
715,53,300,734,0,54,1
715,54,202,122,0,-67,1
715,68,147,586,0,-147,1
715,69,133,158,0,37,1
715,74,221,61,0,-82,0
715,75,680,3,0,-246,0
715,78,716,220,0,-14,1
715,85,325,382,0,-10,0
715,89,566,719,0,-133,1
715,92,112,153,0,18,1
715,94,736,196,0,-203,1
715,99,417,331,0,-66,0
715,100,518,176,0,-259,1
715,101,383,371,0,-152,1
715,104,396,104,0,-22,1
715,105,217,168,0,-240,1
715,106,719,145,0,31,1
715,107,669,553,0,-164,1
715,108,739,223,0,-104,1
715,112,557,692,0,18,1
715,114,458,456,0,87,0
715,115,236,149,0,-98,1
715,116,389,437,0,-152,1
715,118,206,66,0,87,1
715,119,730,254,0,-125,1
715,120,388,512,0,-187,1
715,121,206,113,0,-13,1
716,0,732,225,0,57,0
716,1,123,313,0,-189,0
716,2,182,370,0,-182,0
716,3,668,143,0,38,0
716,4,122,36,0,15,0
716,5,152,418,0,-65,0
716,6,199,659,0,-242,0
716,7,40,301,0,83,0
716,8,609,476,0,24,0
716,10,226,661,0,32,0
716,11,105,709,0,-235,0
716,12,131,739,0,-187,0
716,13,148,7,0,-236,0
716,14,660,250,0,37,0
716,15,164,731,0,-228,0
716,16,421,46,0,11,0
716,17,704,422,0,-118,0
716,18,463,272,0,78,0
716,19,336,606,0,-55,0
716,23,83,645,0,35,1
716,53,298,732,0,54,1
716,54,205,121,0,-67,1
716,68,148,589,0,-147,1
716,69,131,156,0,37,1
716,74,224,61,0,-82,0
716,75,677,4,0,-246,0
716,78,716,217,0,-14,1
716,85,325,379,0,-10,0
716,89,568,721,0,-133,1
716,92,112,150,0,9,1
716,94,735,199,0,-203,1
716,99,417,331,0,-66,0
716,100,515,177,0,-259,1
716,101,384,374,0,-152,1
716,104,397,101,0,-22,1
716,105,214,170,0,-240,1
716,106,717,142,0,31,1
716,107,669,556,0,-164,1
716,108,742,224,0,-104,1
716,112,555,689,0,37,1
716,114,455,455,0,86,0
716,115,239,149,0,-98,1
716,116,391,439,0,-139,1
716,118,203,66,0,87,1
716,119,733,256,0,-125,1
716,120,386,514,0,-206,1
716,121,207,110,0,-13,1
717,0,730,223,0,57,0
717,1,123,316,0,-189,0
717,2,182,373,0,-182,0
717,3,666,140,0,38,0
717,4,121,33,0,15,0
717,5,154,417,0,-65,0
717,6,197,661,0,-242,0
717,7,37,300,0,83,0
717,8,608,473,0,24,0
717,10,224,658,0,32,0
717,11,102,711,0,-235,0
717,12,131,741,0,-187,0
717,13,145,8,0,-236,0
717,14,657,248,0,62,0
717,15,161,733,0,-228,0
717,16,420,43,0,11,0
717,17,706,424,0,-118,0
717,18,460,271,0,78,0
717,19,338,605,0,-55,0
717,23,81,642,0,35,1
717,53,296,731,0,54,1
717,54,208,119,0,-67,1
717,68,150,591,0,-149,1
717,69,129,154,0,56,1
717,74,227,61,0,-82,0
717,75,675,6,0,-246,0
717,78,717,214,0,-14,1
717,85,326,376,0,-15,0
717,89,570,723,0,-133,1
717,92,112,147,0,-10,1
717,94,734,202,0,-198,1
717,99,417,331,0,-66,0
717,100,512,178,0,-259,1
717,101,386,376,0,-152,1
717,104,399,99,0,-22,1
717,105,212,172,0,-232,1
717,106,717,139,0,15,1
717,107,670,559,0,-173,1
717,108,745,225,0,-105,1
717,112,553,687,0,37,1
717,114,452,455,0,82,0
717,115,242,150,0,-98,1
717,116,393,442,0,-139,1
717,118,200,66,0,84,1
717,119,736,257,0,-113,1
717,120,385,517,0,-206,1
717,121,208,107,0,-13,1
718,0,727,222,0,57,0
718,1,122,319,0,-192,0
718,2,182,376,0,-182,0
718,3,664,138,0,38,0
718,4,122,30,0,-9,0
718,5,157,416,0,-65,0
718,6,194,662,0,-242,0
718,7,34,300,0,83,0
718,8,607,470,0,24,0
718,10,223,656,0,32,0
718,11,100,712,0,-235,0
718,12,131,744,0,-187,0
718,13,143,10,0,-236,0
718,14,655,247,0,62,0
718,15,159,735,0,-228,0
718,16,420,40,0,11,0
718,17,709,425,0,-118,0
718,18,457,270,0,78,0
718,19,340,603,0,-55,0
718,23,80,640,0,35,1
718,53,293,729,0,54,1
718,54,211,118,0,-67,1
718,68,151,594,0,-149,1
718,69,126,153,0,56,1
718,74,230,60,0,-82,0
718,75,672,7,0,-246,0
718,78,717,211,0,7,1
718,85,327,374,0,-15,0
718,89,572,726,0,-141,1
718,92,113,144,0,-10,1
718,94,733,205,0,-198,1
718,99,419,329,0,-66,0
718,100,509,178,0,-259,1
718,101,387,379,0,-152,1
718,104,400,96,0,-22,1
718,105,209,174,0,-232,1
718,106,716,136,0,15,1
718,107,670,562,0,-173,1
718,108,748,226,0,-105,1
718,112,550,685,0,64,1
718,114,449,455,0,82,0
718,115,245,150,0,-98,1
718,116,393,445,0,-169,1
718,118,197,66,0,84,1
718,119,738,258,0,-113,1
718,120,384,520,0,-195,1
718,121,208,104,0,-13,1
719,0,725,220,0,57,0
719,1,122,322,0,-192,0
719,2,182,379,0,-182,0
719,3,662,136,0,38,0
719,4,122,27,0,-14,0
719,5,159,413,0,-36,0
719,6,191,663,0,-242,0
719,7,31,300,0,83,0
719,8,605,468,0,24,0
719,10,221,653,0,32,0
719,11,97,714,0,-235,0
719,12,130,747,0,-187,0
719,13,140,12,0,-236,0
719,14,652,245,0,62,0
719,15,157,737,0,-228,0
719,16,419,37,0,12,0
719,17,712,427,0,-118,0
719,18,454,270,0,78,0
719,19,343,601,0,-55,0
719,23,78,638,0,35,1
719,53,291,727,0,54,1
719,54,213,117,0,-67,1
719,68,153,596,0,-149,1
719,69,124,151,0,56,1
719,74,233,60,0,-82,0
719,75,669,7,0,89,0
719,78,716,208,0,7,1
719,85,327,371,0,-15,0
719,89,575,727,0,-117,1
719,92,114,141,0,-10,1
719,94,732,208,0,-198,1
719,99,422,328,0,-66,0
719,100,506,179,0,-259,1
719,101,389,381,0,-135,1
719,104,401,93,0,-22,1
719,105,207,175,0,-232,1
719,106,715,134,0,15,1
719,107,670,565,0,-173,1
719,108,751,226,0,-105,1
719,112,547,684,0,64,1
719,114,446,454,0,82,0
719,115,248,150,0,-98,1
719,116,394,447,0,-169,1
719,118,194,65,0,84,1
719,119,741,260,0,-113,1
719,120,383,523,0,-195,1
719,121,209,101,0,-13,1
720,0,722,220,0,81,0
720,1,121,325,0,-192,0
720,2,183,381,0,-156,0
720,3,660,134,0,43,0
720,4,123,24,0,-14,0
720,5,161,411,0,-36,0
720,6,189,665,0,-242,0
720,7,28,299,0,83,0
720,8,604,465,0,24,0
720,10,219,651,0,32,0
720,11,95,716,0,-235,0
720,12,130,750,0,-193,0
720,13,138,13,0,-236,0
720,14,649,244,0,62,0
720,15,155,739,0,-228,0
720,16,418,34,0,12,0
720,17,714,428,0,-118,0
720,18,451,269,0,78,0
720,19,345,599,0,-55,0
720,23,78,635,0,6,1
720,53,288,725,0,54,1
720,54,216,116,0,-67,1
720,68,153,599,0,-172,1
720,69,121,149,0,56,1
720,74,236,60,0,-96,0
720,75,666,7,0,89,0
720,78,716,205,0,7,1
720,85,328,368,0,-15,0
720,89,578,728,0,-117,1
720,92,114,138,0,-10,1
720,99,425,327,0,-66,0
720,100,503,179,0,-259,1
720,101,392,383,0,-135,1
720,104,401,90,0,-9,1
720,105,205,177,0,-232,1
720,106,714,131,0,15,1
720,107,671,568,0,-173,1
720,108,3,227,0,-107,1
720,112,545,683,0,64,1
720,114,443,454,0,82,0
720,115,251,151,0,-98,1
720,116,394,450,0,-169,1
720,118,191,65,0,84,1
720,119,744,260,0,-105,1
720,120,383,526,0,-195,1
720,121,210,98,0,-11,1
721,0,719,219,0,81,0
721,1,121,328,0,-192,0
721,2,185,384,0,-142,0
721,3,658,131,0,43,0
721,4,124,21,0,-14,0
721,5,162,408,0,-21,0
721,6,186,666,0,-242,0
721,7,25,300,0,-261,0
721,8,603,462,0,24,0
721,10,218,648,0,32,0
721,11,92,718,0,-235,0
721,12,129,3,0,-193,0
721,13,135,15,0,-236,0
721,14,647,242,0,62,0
721,15,152,741,0,-228,0
721,16,418,31,0,12,0
721,17,717,430,0,-130,0
721,18,448,268,0,78,0
721,19,348,598,0,-70,0
721,23,77,632,0,6,1
721,53,286,723,0,44,1
721,54,219,115,0,-80,1
721,68,154,602,0,-172,1
721,69,119,148,0,56,1
721,74,239,60,0,-96,0
721,75,663,7,0,89,0
721,78,715,202,0,14,1
721,85,329,365,0,-18,0
721,89,580,730,0,-117,1
721,92,114,135,0,10,1
721,99,428,326,0,-66,0
721,100,500,180,0,-259,1
721,101,394,385,0,-119,1
721,104,402,87,0,-9,1
721,105,202,179,0,-232,1
721,106,713,128,0,15,1
721,107,671,571,0,-173,1
721,108,6,228,0,-107,1
721,112,542,682,0,64,1
721,114,440,453,0,82,0
721,115,254,151,0,-98,1
721,116,395,453,0,-169,1
721,118,188,65,0,84,1
721,119,747,261,0,-113,1
721,120,382,529,0,-195,1
721,121,210,95,0,-11,1
722,0,716,219,0,86,0
722,1,120,331,0,-192,0
722,2,187,386,0,-142,0
722,3,656,129,0,43,0
722,4,125,18,0,-14,0
722,5,163,405,0,-21,0
722,6,183,668,0,-242,0
722,7,22,300,0,-261,0
722,8,603,459,0,-5,0
722,10,216,645,0,32,0
722,11,90,719,0,-235,0
722,12,128,6,0,-193,0
722,13,133,17,0,-236,0
722,14,644,241,0,62,0
722,15,150,743,0,-228,0
722,16,417,29,0,12,0
722,17,719,432,0,-130,0
722,18,445,268,0,78,0
722,19,351,599,0,-99,0
722,23,77,629,0,6,1
722,53,284,721,0,44,1
722,54,222,115,0,-80,1
722,68,154,605,0,-172,1
722,69,116,146,0,56,1
722,74,242,60,0,-90,0
722,75,660,7,0,89,0
722,78,715,199,0,14,1
722,85,330,362,0,-18,0
722,89,583,731,0,-117,1
722,92,113,132,0,10,1
722,99,431,326,0,-89,0
722,100,498,180,0,-259,1
722,101,397,386,0,-110,1
722,104,402,84,0,-9,1
722,105,200,181,0,-232,1
722,106,713,125,0,15,1
722,107,672,574,0,-173,1
722,108,9,229,0,-107,1
722,112,539,680,0,64,1
722,114,437,454,0,-252,0
722,115,257,150,0,-76,1
722,116,395,456,0,-169,1
722,118,185,64,0,84,1
722,119,749,263,0,-113,1
722,120,381,531,0,-195,1
722,121,211,92,0,-11,1
723,0,713,219,0,86,0
723,1,119,334,0,-192,0
723,2,189,388,0,-142,0
723,3,654,127,0,43,0
723,4,125,15,0,-14,0
723,5,164,402,0,-21,0
723,6,181,669,0,-242,0
723,7,19,301,0,-261,0
723,8,603,456,0,-5,0
723,10,215,643,0,32,0
723,11,87,721,0,-235,0
723,12,128,9,0,-193,0
723,13,131,19,0,-213,0
723,14,642,240,0,62,0
723,15,148,745,0,-228,0
723,16,416,26,0,14,0
723,17,721,434,0,-124,0
723,18,442,267,0,78,0
723,19,354,599,0,-99,0
723,23,77,626,0,6,1
723,53,282,719,0,40,1
723,54,225,114,0,-80,1
723,68,154,608,0,-172,1
723,69,114,144,0,56,1
723,74,245,60,0,-90,0
723,75,657,7,0,89,0
723,78,714,196,0,14,1
723,85,331,359,0,-20,0
723,89,586,732,0,-117,1
723,92,113,129,0,10,1
723,99,434,326,0,-89,0
723,100,495,181,0,-259,1
723,101,400,387,0,-110,1
723,104,403,81,0,-9,1
723,105,197,183,0,-232,1
723,106,713,122,0,-13,1
723,107,672,577,0,-173,1
723,108,11,230,0,-107,1
723,112,537,679,0,64,1
723,114,435,456,0,-234,0
723,115,260,150,0,-76,1
723,116,396,459,0,-169,1
723,118,182,64,0,80,1
723,119,752,262,0,-85,1
723,120,380,534,0,-195,1
723,121,210,89,0,15,1
724,0,710,219,0,86,0
724,1,119,337,0,-192,0
724,2,191,391,0,-142,0
724,3,652,125,0,43,0
724,4,126,13,0,-14,0
724,5,165,400,0,-21,0
724,6,178,670,0,-242,0
724,7,16,300,0,74,0
724,8,604,453,0,-5,0
724,10,213,641,0,38,0
724,11,85,723,0,-235,0
724,12,127,12,0,-193,0
724,13,129,22,0,-213,0
724,14,639,238,0,62,0
724,15,146,747,0,-228,0
724,16,416,23,0,14,0
724,17,724,435,0,-124,0
724,18,440,267,0,78,0
724,19,357,600,0,-99,0
724,23,76,623,0,6,1
724,53,281,716,0,29,1
724,54,228,114,0,-80,1
724,68,155,611,0,-172,1
724,69,111,144,0,81,1
724,74,248,60,0,-84,0
724,75,654,6,0,89,0
724,78,713,193,0,14,1
724,85,332,356,0,-20,0
724,89,588,734,0,-117,1
724,92,112,126,0,10,1
724,99,437,326,0,-89,0
724,100,492,181,0,-259,1
724,101,403,388,0,-115,1
724,104,403,78,0,-9,1
724,105,195,185,0,-232,1
724,106,714,119,0,-13,1
724,107,672,580,0,-173,1
724,108,14,231,0,-107,1
724,112,534,678,0,64,1
724,114,432,458,0,-234,0
724,115,263,149,0,-76,1
724,116,396,462,0,-169,1
724,118,180,63,0,80,1
724,119,3,262,0,-85,1
724,120,379,537,0,-195,1
724,121,209,86,0,15,1
725,0,707,218,0,86,0
725,1,118,340,0,-192,0
725,2,193,392,0,-117,0
725,3,650,123,0,43,0
725,4,127,10,0,-14,0
725,5,166,397,0,-21,0
725,6,175,672,0,-242,0
725,7,13,299,0,74,0
725,8,604,450,0,-5,0
725,10,211,638,0,38,0
725,11,83,725,0,-211,0
725,12,126,15,0,-193,0
725,13,128,24,0,-213,0
725,14,636,237,0,62,0
725,15,144,749,0,-228,0
725,16,415,20,0,14,0
725,17,725,438,0,-148,0
725,18,437,266,0,78,0
725,19,360,600,0,-99,0
725,23,76,620,0,6,1
725,53,279,713,0,29,1
725,54,231,113,0,-80,1
725,68,154,614,0,-201,1
725,69,108,143,0,81,1
725,74,251,60,0,-84,0
725,75,651,6,0,89,0
725,78,712,190,0,14,1
725,85,333,354,0,-20,0
725,89,591,735,0,-117,1
725,92,112,123,0,10,1
725,99,440,326,0,-89,0
725,100,489,182,0,-259,1
725,101,406,388,0,-95,1
725,104,403,75,0,-9,1
725,105,193,186,0,-232,1
725,106,715,116,0,-13,1
725,107,673,583,0,-173,1
725,108,17,232,0,-107,1
725,112,531,676,0,64,1
725,114,430,460,0,-234,0
725,115,266,149,0,-95,1
725,116,397,465,0,-169,1
725,118,177,63,0,80,1
725,119,6,262,0,-85,1
725,120,378,540,0,-205,1
725,121,208,83,0,15,1
726,0,704,218,0,86,0
726,1,117,343,0,-192,0
726,2,196,394,0,-132,0
726,3,647,121,0,43,0
726,4,128,7,0,-14,0
726,5,167,394,0,-21,0
726,6,173,673,0,-242,0
726,7,11,298,0,74,0
726,8,604,447,0,-5,0
726,10,209,636,0,38,0
726,11,82,728,0,-211,0
726,12,126,18,0,-193,0
726,13,126,27,0,-213,0
726,14,634,235,0,62,0
726,15,141,751,0,-228,0
726,16,414,17,0,14,0
726,17,727,440,0,-148,0
726,18,434,265,0,78,0
726,19,363,601,0,-99,0
726,23,76,617,0,2,1
726,53,277,712,0,56,1
726,54,234,114,0,-108,1
726,68,153,617,0,-201,1
726,69,105,143,0,81,1
726,74,254,59,0,-84,0
726,75,648,6,0,89,0
726,78,712,187,0,14,1
726,85,334,351,0,-20,0
726,89,594,737,0,-117,1
726,92,111,120,0,10,1
726,99,443,326,0,-89,0
726,100,486,181,0,74,1
726,101,409,389,0,-95,1
726,104,404,72,0,-9,1
726,105,192,189,0,-202,1
726,106,716,113,0,-13,1
726,107,673,586,0,-173,1
726,108,20,232,0,-107,1
726,112,529,674,0,39,1
726,114,428,461,0,-234,0
726,115,269,150,0,-95,1
726,116,398,468,0,-163,1
726,118,174,62,0,66,1
726,119,9,262,0,-85,1
726,120,377,543,0,-205,1
726,121,207,81,0,22,1
727,0,701,218,0,86,0
727,1,117,346,0,-187,0
727,2,198,396,0,-132,0
727,3,645,118,0,43,0
727,4,128,4,0,-14,0
727,5,168,391,0,-21,0
727,6,170,675,0,-242,0
727,7,8,296,0,45,0
727,8,605,444,0,-5,0
727,10,207,633,0,38,0
727,11,81,731,0,-192,0
727,12,125,20,0,-193,0
727,13,126,30,0,-189,0
727,14,631,234,0,62,0
727,15,139,2,0,-228,0
727,16,414,14,0,14,0
727,17,729,443,0,-143,0
727,18,431,265,0,78,0
727,19,366,601,0,-99,0
727,23,76,614,0,2,1
727,53,274,710,0,56,1
727,54,237,115,0,-108,1
727,68,152,620,0,-201,1
727,69,102,142,0,81,1
727,74,257,59,0,-84,0
727,75,645,7,0,-249,0
727,78,711,184,0,14,1
727,85,335,348,0,-20,0
727,89,597,737,0,-89,1
727,92,110,117,0,10,1
727,99,446,326,0,-89,0
727,100,483,180,0,71,1
727,101,412,389,0,-95,1
727,104,404,69,0,-9,1
727,105,190,192,0,-202,1
727,106,716,110,0,-1,1
727,107,673,589,0,-173,1
727,108,23,233,0,-107,1
727,112,528,672,0,39,1
727,114,425,463,0,-234,0
727,115,272,150,0,-95,1
727,116,399,471,0,-163,1
727,118,171,60,0,66,1
727,119,12,261,0,-85,1
727,120,376,545,0,-205,1
727,121,206,78,0,22,1
728,0,698,218,0,86,0
728,1,116,348,0,-196,0
728,2,201,397,0,-110,0
728,3,643,116,0,43,0
728,4,129,1,0,-14,0
728,5,169,388,0,-21,0
728,6,167,676,0,-242,0
728,7,6,294,0,45,0
728,8,605,441,0,-5,0
728,10,205,631,0,38,0
728,11,81,734,0,-192,0
728,12,125,23,0,-178,0
728,13,125,33,0,-189,0
728,14,628,232,0,62,0
728,15,137,4,0,-228,0
728,16,413,11,0,14,0
728,17,731,445,0,-143,0
728,18,428,264,0,78,0
728,19,369,602,0,-99,0
728,23,76,611,0,2,1
728,53,272,709,0,61,1
728,54,240,116,0,-108,1
728,68,152,623,0,-178,1
728,69,99,142,0,81,1
728,74,260,59,0,-84,0
728,75,643,10,0,-223,0
728,78,710,182,0,14,1
728,85,336,345,0,-20,0
728,89,600,737,0,-89,1
728,92,109,114,0,21,1
728,99,449,326,0,-89,0
728,100,480,179,0,71,1
728,101,415,389,0,-95,1
728,104,405,66,0,-9,1
728,105,189,195,0,-202,1
728,106,716,107,0,-1,1
728,107,674,592,0,-173,1
728,108,26,234,0,-107,1
728,112,526,669,0,39,1
728,114,424,466,0,-206,0
728,115,275,150,0,-95,1
728,116,399,474,0,-178,1
728,118,168,59,0,66,1
728,119,15,261,0,-85,1
728,120,374,548,0,-205,1
728,121,205,75,0,22,1
729,0,695,219,0,-247,0
729,1,116,351,0,-174,0
729,2,203,398,0,-110,0
729,3,641,114,0,43,0
729,4,130,-2,0,-14,0
729,5,170,386,0,-21,0
729,6,165,677,0,-242,0
729,7,4,292,0,45,0
729,8,605,438,0,-5,0
729,10,204,629,0,38,0
729,11,79,736,0,-216,0
729,12,125,26,0,-178,0
729,13,125,36,0,-189,0
729,14,626,231,0,62,0
729,15,135,6,0,-228,0
729,16,412,8,0,14,0
729,17,732,448,0,-143,0
729,18,425,263,0,78,0
729,19,372,602,0,-99,0
729,23,76,608,0,2,1
729,53,269,707,0,61,1
729,54,242,117,0,-108,1
729,68,152,626,0,-178,1
729,69,96,141,0,81,1
729,74,263,58,0,-84,0
729,75,642,12,0,-196,0
729,78,709,179,0,14,1
729,85,337,342,0,-20,0
729,89,603,736,0,-89,1
729,92,108,112,0,21,1
729,99,452,325,0,-89,0
729,100,478,177,0,55,1
729,101,418,389,0,-95,1
729,104,405,63,0,-9,1
729,105,188,198,0,-202,1
729,106,716,104,0,-1,1
729,107,673,595,0,-195,1
729,108,29,235,0,-107,1
729,112,524,667,0,39,1
729,114,424,469,0,-176,0
729,115,278,150,0,-95,1
729,116,399,477,0,-178,1
729,118,166,58,0,66,1
729,119,18,261,0,-85,1
729,120,373,551,0,-205,1
729,121,204,72,0,22,1
730,0,693,220,0,-247,0
730,1,117,354,0,-165,0
730,2,206,399,0,-110,0
730,3,639,112,0,43,0
730,4,131,747,0,-14,0
730,5,171,383,0,-21,0
730,6,162,679,0,-242,0
730,7,2,290,0,45,0
730,8,605,435,0,0,0
730,10,202,626,0,38,0
730,11,77,739,0,-216,0
730,12,125,29,0,-178,0
730,13,124,39,0,-189,0
730,14,623,230,0,62,0
730,15,132,8,0,-228,0
730,16,411,5,0,23,0
730,17,734,450,0,-143,0
730,18,422,263,0,78,0
730,19,375,602,0,-99,0
730,23,76,605,0,2,1
730,53,266,706,0,61,1
730,54,245,118,0,-108,1
730,68,152,629,0,-178,1
730,69,93,141,0,81,1
730,74,265,57,0,-54,0
730,75,642,15,0,-196,0
730,78,708,176,0,29,1
730,85,338,340,0,-20,0
730,89,606,736,0,-89,1
730,92,107,109,0,21,1
730,99,455,325,0,-89,0
730,100,475,176,0,55,1
730,101,420,390,0,-111,1
730,104,406,61,0,-9,1
730,105,187,200,0,-202,1
730,106,716,101,0,-1,1
730,107,672,598,0,-195,1
730,108,32,236,0,-107,1
730,112,522,665,0,39,1
730,114,424,472,0,-171,0
730,115,281,150,0,-95,1
730,116,399,480,0,-178,1
730,118,163,57,0,66,1
730,119,21,261,0,-85,1
730,120,372,554,0,-205,1
730,121,203,70,0,22,1
731,0,690,221,0,-247,0
731,1,118,357,0,-165,0
731,2,209,400,0,-110,0
731,3,637,110,0,43,0
731,4,132,744,0,-22,0
731,5,172,380,0,-21,0
731,6,159,680,0,-242,0
731,7,0,288,0,52,0
731,8,605,432,0,0,0
731,10,200,624,0,38,0
731,11,75,741,0,-216,0
731,12,125,32,0,-178,0
731,13,124,42,0,-189,0
731,14,620,228,0,62,0
731,15,130,10,0,-228,0
731,16,410,3,0,23,0
731,17,736,453,0,-143,0
731,18,419,263,0,-263,0
731,19,378,603,0,-99,0
731,23,76,602,0,-14,1
731,53,264,704,0,61,1
731,54,248,118,0,-86,1
731,68,152,632,0,-178,1
731,69,90,140,0,81,1
731,74,268,55,0,-54,0
731,75,641,18,0,-196,0
731,78,707,173,0,29,1
731,85,339,337,0,-20,0
731,89,609,736,0,-89,1
731,92,106,106,0,21,1
731,99,458,325,0,-89,0
731,100,473,174,0,55,1
731,101,423,392,0,-111,1
731,104,406,58,0,-9,1
731,105,186,203,0,-202,1
731,106,717,98,0,-22,1
731,107,671,601,0,-195,1
731,108,34,237,0,-105,1
731,112,520,662,0,39,1
731,114,425,475,0,-171,0
731,115,284,151,0,-95,1
731,116,398,483,0,-203,1
731,118,160,56,0,66,1
731,119,24,260,0,-85,1
731,120,370,556,0,-212,1
731,121,202,67,0,12,1
732,0,687,222,0,-264,0
732,1,119,360,0,-165,0
732,2,212,401,0,-110,0
732,3,635,107,0,43,0
732,4,133,742,0,-22,0
732,5,174,377,0,-21,0
732,6,157,682,0,-242,0
732,7,748,286,0,52,0
732,8,606,429,0,-10,0
732,10,198,622,0,38,0
732,11,73,743,0,-216,0
732,12,126,35,0,-178,0
732,13,123,44,0,-189,0
732,14,617,228,0,86,0
732,15,128,12,0,-228,0
732,16,410,0,0,-6,0
732,17,738,455,0,-143,0
732,18,416,264,0,-263,0
732,19,381,603,0,-99,0
732,23,77,599,0,-14,1
732,53,261,703,0,61,1
732,54,251,117,0,-86,1
732,68,152,635,0,-178,1
732,69,87,140,0,81,1
732,74,270,53,0,-54,0
732,75,640,21,0,-196,0
732,78,705,171,0,29,1
732,85,340,334,0,-20,0
732,89,612,736,0,-89,1
732,92,104,104,0,46,1
732,99,461,325,0,-89,0
732,100,470,172,0,55,1
732,101,426,393,0,-111,1
732,104,407,55,0,-9,1
732,105,185,206,0,-202,1
732,106,718,96,0,-22,1
732,107,671,603,0,-195,1
732,108,37,237,0,-105,1
732,112,518,660,0,39,1
732,114,424,478,0,-193,0
732,115,287,151,0,-95,1
732,116,397,485,0,-203,1
732,118,157,54,0,66,1
732,119,27,260,0,-85,1
732,120,369,559,0,-212,1
732,121,201,64,0,12,1
733,0,684,222,0,-264,0
733,1,120,363,0,-165,0
733,2,214,403,0,-122,0
733,3,632,106,0,69,0
733,4,134,739,0,-15,0
733,5,175,374,0,-21,0
733,6,154,684,0,-234,0
733,7,745,284,0,52,0
733,8,606,426,0,-10,0
733,10,196,619,0,38,0
733,11,72,746,0,-216,0
733,12,126,38,0,-178,0
733,13,123,47,0,-177,0
733,14,615,228,0,86,0
733,15,126,14,0,-228,0
733,16,410,747,0,9,0
733,17,740,457,0,-124,0
733,18,413,264,0,-263,0
733,19,384,604,0,-99,0
733,23,78,596,0,-14,1
733,53,259,701,0,61,1
733,54,254,117,0,-86,1
733,68,152,638,0,-178,1
733,69,84,139,0,81,1
733,74,272,51,0,-54,0
733,75,639,24,0,-196,0
733,78,704,168,0,29,1
733,85,341,331,0,-20,0
733,89,614,735,0,-73,1
733,92,102,102,0,46,1
733,99,464,325,0,-82,0
733,100,468,171,0,60,1
733,101,429,394,0,-111,1
733,104,407,52,0,-9,1
733,105,184,209,0,-202,1
733,106,719,93,0,-22,1
733,107,670,606,0,-195,1
733,108,40,238,0,-105,1
733,112,516,658,0,39,1
733,114,424,481,0,-193,0
733,115,290,151,0,-95,1
733,116,396,488,0,-203,1
733,118,155,53,0,66,1
733,119,30,259,0,-66,1
733,120,367,561,0,-212,1
733,121,201,61,0,12,1
734,0,681,222,0,-264,0
734,1,120,366,0,-165,0
734,2,217,405,0,-122,0
734,3,630,105,0,69,0
734,4,134,736,0,-15,0
734,5,176,372,0,-21,0
734,6,152,685,0,-233,0
734,7,742,284,0,80,0
734,8,607,423,0,-10,0
734,10,194,617,0,38,0
734,11,70,748,0,-216,0
734,12,126,41,0,-178,0
734,13,124,50,0,-177,0
734,14,612,228,0,86,0
734,15,124,16,0,-219,0
734,16,409,744,0,9,0
734,17,743,458,0,-124,0
734,18,410,264,0,-263,0
734,19,387,604,0,-99,0
734,23,79,593,0,-31,1
734,53,256,700,0,61,1
734,54,257,118,0,-107,1
734,68,154,640,0,-150,1
734,69,81,139,0,81,1
734,74,275,51,0,-80,0
734,75,638,27,0,-196,0
734,78,702,166,0,29,1
734,85,342,328,0,-20,0
734,89,617,735,0,-73,1
734,92,101,99,0,17,1
734,99,466,323,0,-58,0
734,100,466,169,0,44,1
734,101,432,395,0,-111,1
734,104,408,49,0,-9,1
734,105,182,211,0,-202,1
734,106,720,90,0,-22,1
734,107,669,609,0,-195,1
734,108,43,239,0,-105,1
734,112,514,655,0,39,1
734,114,423,484,0,-193,0
734,115,293,151,0,-95,1
734,116,394,491,0,-203,1
734,118,152,52,0,74,1
734,119,32,258,0,-66,1
734,120,365,564,0,-212,1
734,121,200,58,0,12,1
735,0,678,223,0,-266,0
735,1,121,369,0,-165,0
735,2,219,406,0,-122,0
735,3,627,104,0,69,0
735,4,135,733,0,-15,0
735,5,177,369,0,-21,0
735,6,150,687,0,-233,0
735,7,739,283,0,80,0
735,8,606,421,0,13,0
735,10,193,614,0,38,0
735,11,67,750,0,-235,0
735,12,126,44,0,-178,0
735,13,124,53,0,-177,0
735,14,609,227,0,89,0
735,15,122,19,0,-219,0
735,16,409,741,0,9,0
735,17,745,460,0,-124,0
735,18,407,265,0,-263,0
735,19,390,604,0,-82,0
735,23,81,591,0,-46,1
735,53,253,699,0,61,1
735,54,259,120,0,-129,1
735,68,155,643,0,-150,1
735,69,78,138,0,81,1
735,74,278,50,0,-80,0
735,75,638,30,0,-177,0
735,78,701,163,0,29,1
735,85,344,325,0,-20,0
735,89,620,734,0,-73,1
735,92,100,96,0,17,1
735,99,469,322,0,-58,0
735,100,464,166,0,44,1
735,101,434,396,0,-119,1
735,104,409,46,0,-22,1
735,105,181,214,0,-202,1
735,106,721,87,0,-22,1
735,107,668,612,0,-195,1
735,108,46,240,0,-105,1
735,112,512,653,0,39,1
735,114,423,487,0,-177,0
735,115,296,150,0,-66,1
735,116,393,494,0,-203,1
735,118,149,51,0,74,1
735,119,35,256,0,-48,1
735,120,364,566,0,-212,1
735,121,200,55,0,12,1
736,0,675,223,0,-266,0
736,1,123,371,0,-146,0
736,2,222,408,0,-122,0
736,3,624,103,0,69,0
736,4,136,730,0,-15,0
736,5,178,366,0,-21,0
736,6,147,689,0,-233,0
736,7,736,283,0,80,0
736,8,605,418,0,13,0
736,10,191,612,0,38,0
736,11,65,752,0,-235,0
736,12,126,47,0,-178,0
736,13,123,56,0,-203,0
736,14,606,227,0,89,0
736,15,120,21,0,-219,0
736,16,408,738,0,9,0
736,17,748,462,0,-124,0
736,18,404,265,0,-263,0
736,19,393,603,0,-82,0
736,23,84,589,0,-46,1
736,53,251,697,0,61,1
736,54,262,122,0,-129,1
736,68,157,646,0,-150,1
736,69,75,138,0,88,1
736,74,281,50,0,-80,0
736,75,639,33,0,-177,0
736,78,699,160,0,29,1
736,85,346,323,0,-49,0
736,89,623,733,0,-73,1
736,92,99,93,0,17,1
736,99,472,321,0,-80,0
736,100,461,164,0,44,1
736,101,437,397,0,-115,1
736,104,410,43,0,-22,1
736,105,180,217,0,-202,1
736,106,723,85,0,-22,1
736,107,669,615,0,-166,1
736,108,49,241,0,-105,1
736,112,510,651,0,39,1
736,114,423,490,0,-177,0
736,115,298,149,0,-66,1
736,116,392,497,0,-203,1
736,118,146,51,0,74,1
736,119,37,254,0,-48,1
736,120,362,569,0,-212,1
736,121,199,52,0,12,1
736,122,262,122,0,-129,1
737,0,672,222,0,82,0
737,1,124,374,0,-152,0
737,2,225,409,0,-122,0
737,3,621,102,0,69,0
737,4,137,727,0,-15,0
737,5,179,363,0,-21,0
737,6,145,691,0,-233,0
737,7,733,282,0,80,0
737,8,605,415,0,13,0
737,10,189,610,0,38,0
737,11,63,2,0,-235,0
737,12,126,50,0,-178,0
737,13,121,59,0,-203,0
737,14,603,227,0,89,0
737,15,118,23,0,-219,0
737,16,408,735,0,9,0
737,17,750,463,0,-124,0
737,18,401,266,0,-263,0
737,19,396,603,0,-82,0
737,23,86,587,0,-46,1
737,53,248,696,0,61,1
737,54,264,124,0,-136,1
737,68,158,648,0,-150,1
737,69,72,138,0,88,1
737,74,284,50,0,-86,0
737,75,639,36,0,-177,0
737,78,698,158,0,29,1
737,85,348,322,0,-49,0
737,89,626,732,0,-73,1
737,92,98,90,0,17,1
737,99,474,321,0,-80,0
737,100,459,162,0,44,1
737,101,440,399,0,-115,1
737,104,411,40,0,-22,1
737,105,179,220,0,-202,1
737,106,724,82,0,-22,1
737,107,670,618,0,-166,1
737,108,52,240,0,-81,1
737,112,509,648,0,39,1
737,114,423,493,0,-177,0
737,115,301,148,0,-66,1
737,116,391,499,0,-203,1
737,118,143,50,0,74,1
737,119,39,252,0,-48,1
737,120,361,571,0,-212,1
737,121,198,49,0,12,1
737,122,264,124,0,-129,1
738,0,669,222,0,82,0
738,1,126,377,0,-152,0
738,2,227,411,0,-122,0
738,3,618,101,0,69,0
738,4,137,724,0,-17,0
738,5,180,360,0,-21,0
738,6,142,693,0,-233,0
738,7,730,282,0,80,0
738,8,604,412,0,13,0
738,10,187,607,0,38,0
738,11,60,3,0,-235,0
738,12,126,53,0,-178,0
738,13,120,62,0,-203,0
738,14,600,227,0,89,0
738,15,116,26,0,-219,0
738,16,409,732,0,-18,0
738,17,2,465,0,-124,0
738,18,398,266,0,-267,0
738,19,399,603,0,-98,0
738,23,88,585,0,-46,1
738,53,245,694,0,61,1
738,54,266,126,0,-136,1
738,68,160,651,0,-150,1
738,69,69,138,0,88,1
738,74,287,49,0,-86,0
738,75,639,39,0,-177,0
738,78,696,155,0,29,1
738,85,350,320,0,-49,0
738,89,629,732,0,-92,1
738,92,97,87,0,17,1
738,99,477,320,0,-80,0
738,100,457,161,0,62,1
738,101,442,400,0,-115,1
738,104,413,38,0,-43,1
738,105,178,223,0,-202,1
738,106,725,79,0,-22,1
738,107,670,621,0,-166,1
738,108,55,240,0,-81,1
738,112,507,646,0,39,1
738,114,423,496,0,-177,0
738,115,304,146,0,-63,1
738,116,390,502,0,-203,1
738,118,140,49,0,74,1
738,119,40,249,0,-24,1
738,120,359,574,0,-212,1
738,121,198,46,0,3,1
738,122,266,126,0,-131,1
739,0,666,221,0,71,0
739,1,128,378,0,-128,0
739,2,230,413,0,-122,0
739,3,615,100,0,76,0
739,4,138,721,0,-17,0
739,5,181,358,0,-21,0
739,6,140,693,0,-256,0
739,7,728,281,0,80,0
739,8,603,409,0,13,0
739,10,185,605,0,38,0
739,11,58,5,0,-235,0
739,12,126,56,0,-178,0
739,13,119,64,0,-203,0
739,14,597,228,0,-252,0
739,15,114,28,0,-219,0
739,16,409,729,0,-18,0
739,17,5,467,0,-124,0
739,18,395,266,0,-267,0
739,19,402,604,0,-98,0
739,23,90,583,0,-46,1
739,53,243,693,0,61,1
739,54,268,128,0,-136,1
739,68,161,653,0,-150,1
739,69,66,138,0,88,1
739,74,290,49,0,-86,0
739,75,639,42,0,-177,0
739,78,695,153,0,29,1
739,85,352,317,0,-35,0
739,89,632,733,0,-117,1
739,92,97,85,0,17,1
739,99,480,320,0,-80,0
739,100,454,160,0,69,1
739,101,445,401,0,-115,1
739,104,415,36,0,-43,1
739,105,177,225,0,-202,1
739,106,726,76,0,-22,1
739,107,671,624,0,-166,1
739,108,58,239,0,-81,1
739,112,505,644,0,39,1
739,114,424,499,0,-177,0
739,115,306,145,0,-63,1
739,116,389,505,0,-203,1
739,119,41,246,0,-24,1
739,120,357,576,0,-231,1
739,121,198,43,0,3,1
739,122,269,128,0,-131,1
739,123,126,56,0,-178,0
740,0,663,220,0,71,0
740,1,130,380,0,-128,0
740,2,232,414,0,-122,0
740,3,612,100,0,76,0
740,4,141,719,0,-47,0
740,5,182,355,0,-21,0
740,6,137,694,0,-256,0
740,7,725,281,0,80,0
740,8,603,406,0,13,0
740,10,183,603,0,38,0
740,11,55,7,0,-235,0
740,12,127,59,0,-178,0
740,13,118,67,0,-203,0
740,14,594,229,0,-252,0
740,15,112,30,0,-219,0
740,16,410,727,0,-18,0
740,17,7,468,0,-124,0
740,18,392,266,0,-267,0
740,19,405,604,0,-98,0
740,23,92,581,0,-46,1
740,53,240,691,0,61,1
740,54,270,130,0,-136,1
740,68,163,656,0,-150,1
740,69,64,136,0,58,1
740,74,293,50,0,-100,0
740,75,639,45,0,-177,0
740,78,694,150,0,7,1
740,85,354,315,0,-35,0
740,89,634,735,0,-117,1
740,92,96,82,0,17,1
740,99,483,319,0,-80,0
740,100,451,159,0,69,1
740,101,448,402,0,-112,1
740,104,417,34,0,-43,1
740,105,176,228,0,-202,1
740,106,727,73,0,-22,1
740,107,672,627,0,-163,1
740,108,61,239,0,-81,1
740,112,503,641,0,39,1
740,114,424,502,0,-177,0
740,115,309,144,0,-63,1
740,116,386,507,0,-229,1
740,119,43,243,0,-24,1
740,120,354,578,0,-231,1
740,121,198,40,0,-1,1
740,122,271,129,0,-116,1
740,123,127,59,0,-178,0
740,124,447,404,0,-142,1
741,0,660,220,0,88,0
741,1,133,382,0,-128,0
741,2,235,416,0,-122,0
741,3,610,99,0,76,0
741,4,143,717,0,-47,0
741,5,183,352,0,-21,0
741,6,134,693,0,76,0
741,7,722,280,0,80,0
741,8,601,403,0,34,0
741,10,182,600,0,38,0
741,11,52,7,0,-263,0
741,12,127,62,0,-178,0
741,13,117,70,0,-203,0
741,14,591,229,0,83,0
741,15,110,33,0,-219,0
741,16,411,724,0,-18,0
741,17,10,470,0,-135,0
741,18,389,266,0,-267,0
741,19,407,605,0,-98,0
741,23,94,579,0,-46,1
741,53,238,690,0,61,1
741,54,272,133,0,-136,1
741,68,164,658,0,-150,1
741,69,61,135,0,58,1
741,74,296,50,0,-100,0
741,75,639,48,0,-177,0
741,78,694,147,0,7,1
741,85,355,312,0,-35,0
741,89,637,736,0,-109,1
741,92,95,79,0,17,1
741,99,486,318,0,-80,0
741,100,448,158,0,69,1
741,101,451,403,0,-112,1
741,104,419,31,0,-43,1
741,105,176,231,0,-180,1
741,106,728,71,0,-22,1
741,107,673,630,0,-163,1
741,108,64,238,0,-81,1
741,112,501,639,0,39,1
741,114,424,505,0,-177,0
741,115,312,142,0,-63,1
741,116,384,509,0,-229,1
741,119,44,241,0,-24,1
741,120,352,579,0,-231,1
741,121,198,37,0,-1,1
741,122,274,130,0,-116,1
741,123,127,62,0,-178,0
741,124,449,406,0,-142,1
742,0,657,220,0,88,0
742,1,135,384,0,-128,0
742,2,237,417,0,-122,0
742,3,607,98,0,76,0
742,4,145,715,0,-47,0
742,5,185,350,0,-46,0
742,6,131,693,0,76,0
742,7,719,281,0,-259,0
742,8,599,401,0,34,0
742,10,180,598,0,38,0
742,11,49,8,0,-263,0
742,12,127,65,0,-178,0
742,13,115,73,0,-203,0
742,14,588,229,0,83,0
742,15,109,35,0,-219,0
742,16,412,721,0,-18,0
742,17,12,472,0,-135,0
742,18,386,266,0,85,0
742,19,410,606,0,-107,0
742,23,97,577,0,-66,1
742,53,235,688,0,61,1
742,54,274,135,0,-136,1
742,68,166,661,0,-150,1
742,69,59,133,0,58,1
742,74,299,51,0,-100,0
742,75,639,51,0,-193,0
742,78,694,144,0,7,1
742,85,357,310,0,-35,0
742,89,640,736,0,-103,1
742,92,94,76,0,17,1
742,99,489,318,0,-80,0
742,100,445,157,0,89,1
742,101,453,405,0,-114,1
742,104,421,29,0,-43,1
742,105,176,234,0,-180,1
742,106,729,68,0,-22,1
742,107,674,632,0,-163,1
742,108,67,238,0,-81,1
742,112,499,637,0,39,1
742,114,424,508,0,-177,0
742,115,314,141,0,-63,1
742,116,382,511,0,-229,1
742,119,45,238,0,-24,1
742,120,350,581,0,-231,1
742,121,198,34,0,-1,1
742,122,277,132,0,-116,1
742,123,127,65,0,-178,0
742,124,451,408,0,-142,1
743,0,654,219,0,88,0
743,1,137,386,0,-128,0
743,2,240,419,0,-122,0
743,3,604,97,0,76,0
743,4,147,713,0,-47,0
743,5,188,348,0,-46,0
743,6,128,692,0,85,0
743,7,716,281,0,-259,0
743,8,598,398,0,34,0
743,10,178,595,0,38,0
743,11,46,8,0,-263,0
743,12,126,68,0,-194,0
743,13,114,75,0,-203,0
743,14,585,228,0,83,0
743,15,107,37,0,-219,0
743,16,412,718,0,1,0
743,17,14,474,0,-112,0
743,18,383,266,0,85,0
743,19,413,606,0,-107,0
743,23,100,576,0,-66,1
743,53,232,687,0,61,1
743,54,276,137,0,-136,1
743,68,167,664,0,-150,1
743,69,56,131,0,58,1
743,74,302,51,0,-100,0
743,75,638,54,0,-193,0
743,78,692,141,0,28,1
743,85,359,307,0,-35,0
743,89,643,737,0,-103,1
743,92,93,73,0,17,1
743,99,492,316,0,-51,0
743,100,442,157,0,89,1
743,101,456,406,0,-114,1
743,104,423,27,0,-43,1
743,105,177,237,0,-154,1
743,106,730,65,0,-22,1
743,107,675,635,0,-163,1
743,108,70,237,0,-81,1
743,112,497,634,0,39,1
743,114,424,511,0,-177,0
743,115,317,141,0,-92,1
743,116,380,513,0,-229,1
743,119,46,235,0,-24,1
743,120,347,583,0,-231,1
743,121,198,31,0,-1,1
743,122,279,134,0,-142,1
743,123,128,68,0,-153,0
743,124,452,411,0,-142,1
744,0,651,219,0,88,0
744,1,140,388,0,-128,0
744,2,242,421,0,-122,0
744,3,601,96,0,62,0
744,4,149,711,0,-47,0
744,5,190,346,0,-46,0
744,6,125,692,0,85,0
744,7,713,282,0,-259,0
744,8,596,396,0,34,0
744,10,176,593,0,38,0
744,11,43,8,0,-263,0
744,12,125,71,0,-194,0
744,13,113,78,0,-203,0
744,14,582,228,0,83,0
744,15,105,40,0,-219,0
744,16,412,715,0,1,0
744,17,17,475,0,-112,0
744,18,380,265,0,85,0
744,19,416,607,0,-107,0
744,23,103,575,0,-66,1
744,53,230,685,0,61,1
744,54,278,139,0,-136,1
744,68,169,666,0,-150,1
744,69,54,130,0,58,1
744,74,305,52,0,-100,0
744,75,637,57,0,-193,0
744,78,691,138,0,28,1
744,85,361,305,0,-35,0
744,89,646,738,0,-103,1
744,92,92,70,0,17,1
744,99,494,314,0,-51,0
744,100,439,157,0,89,1
744,101,458,408,0,-135,1
744,104,424,24,0,-21,1
744,105,179,239,0,-129,1
744,106,732,62,0,-22,1
744,107,676,638,0,-163,1
744,108,73,237,0,-81,1
744,112,495,632,0,39,1
744,114,424,514,0,-177,0
744,115,320,141,0,-92,1
744,116,377,515,0,-229,1
744,119,48,232,0,-24,1
744,120,346,586,0,-214,1
744,121,198,28,0,-1,1
744,122,280,136,0,-142,1
744,123,129,71,0,-161,0
744,124,454,413,0,-142,1
745,0,648,219,0,88,0
745,1,142,390,0,-128,0
745,2,245,422,0,-122,0
745,3,598,94,0,62,0
745,4,152,709,0,-47,0
745,5,192,344,0,-46,0
745,6,122,693,0,-245,0
745,7,710,282,0,86,0
745,8,594,393,0,34,0
745,10,174,591,0,38,0
745,11,40,8,0,73,0
745,12,125,74,0,-194,0
745,13,112,81,0,-203,0
745,14,579,228,0,83,0
745,15,103,42,0,-219,0
745,16,412,712,0,1,0
745,17,20,476,0,-112,0
745,18,377,265,0,85,0
745,19,419,609,0,-120,0
745,23,105,574,0,-66,1
745,53,227,684,0,61,1
745,54,281,141,0,-136,1
745,68,170,669,0,-150,1
745,69,51,128,0,58,1
745,74,308,52,0,-95,0
745,75,636,60,0,-193,0
745,78,689,136,0,28,1
745,85,362,302,0,-35,0
745,89,649,738,0,-103,1
745,92,91,67,0,17,1
745,99,496,312,0,-51,0
745,100,436,157,0,87,1
745,101,460,410,0,-137,1
745,104,425,21,0,-21,1
745,105,182,241,0,-129,1
745,106,733,60,0,-22,1
745,107,677,641,0,-163,1
745,108,76,237,0,-81,1
745,112,493,630,0,39,1
745,114,424,516,0,-177,0
745,115,323,141,0,-92,1
745,116,375,517,0,-229,1
745,119,48,229,0,0,1
745,120,344,588,0,-214,1
745,121,198,25,0,-1,1
745,122,282,139,0,-156,1
745,123,130,74,0,-161,0
745,124,457,415,0,-130,1
746,0,645,219,0,88,0
746,1,144,392,0,-137,0
746,2,247,424,0,-122,0
746,3,596,93,0,62,0
746,4,153,707,0,-34,0
746,5,194,342,0,-46,0
746,6,120,695,0,-227,0
746,7,707,281,0,86,0
746,8,592,391,0,34,0
746,10,172,588,0,38,0
746,11,38,7,0,73,0
746,12,125,77,0,-176,0
746,13,111,84,0,-203,0
746,14,576,227,0,83,0
746,15,101,44,0,-219,0
746,16,412,709,0,1,0
746,17,23,477,0,-112,0
746,18,374,265,0,85,0
746,19,421,610,0,-120,0
746,23,108,573,0,-66,1
746,53,224,683,0,61,1
746,54,283,143,0,-136,1
746,68,170,672,0,-177,1
746,69,48,127,0,66,1
746,74,311,52,0,-95,0
746,75,636,62,0,-193,0
746,78,687,133,0,44,1
746,85,364,300,0,-35,0
746,89,652,739,0,-103,1
746,92,90,64,0,17,1
746,99,499,310,0,-51,0
746,100,433,157,0,87,1
746,101,463,411,0,-111,1
746,104,425,18,0,3,1
746,105,184,242,0,-129,1
746,106,734,57,0,-22,1
746,107,678,644,0,-163,1
746,108,79,236,0,-81,1
746,112,491,627,0,39,1
746,114,424,519,0,-177,0
746,115,326,141,0,-92,1
746,116,373,519,0,-229,1
746,119,49,227,0,-19,1
746,120,343,591,0,-191,1
746,121,198,22,0,-1,1
746,122,283,142,0,-156,1
746,123,132,76,0,-143,0
746,124,459,417,0,-138,1
746,125,433,157,0,87,1
747,0,642,219,0,-269,0
747,1,147,393,0,-119,0
747,2,250,426,0,-134,0
747,3,594,91,0,47,0
747,4,155,704,0,-34,0
747,5,196,340,0,-46,0
747,6,118,697,0,-227,0
747,7,704,281,0,86,0
747,8,591,389,0,34,0
747,10,171,586,0,32,0
747,11,35,6,0,73,0
747,12,125,80,0,-176,0
747,13,109,86,0,-209,0
747,14,573,227,0,83,0
747,15,100,47,0,-196,0
747,16,412,706,0,1,0
747,17,25,479,0,-131,0
747,18,371,265,0,85,0
747,19,423,613,0,-150,0
747,23,111,571,0,-66,1
747,53,222,681,0,61,1
747,54,285,145,0,-135,1
747,68,171,675,0,-177,1
747,69,45,126,0,66,1
747,74,314,53,0,-95,0
747,75,635,65,0,-193,0
747,78,685,131,0,44,1
747,85,366,297,0,-35,0
747,89,655,740,0,-103,1
747,92,89,62,0,17,1
747,99,501,309,0,-64,0
747,100,430,157,0,87,1
747,101,466,412,0,-111,1
747,104,425,15,0,3,1
747,105,187,244,0,-119,1
747,106,735,54,0,-29,1
747,107,678,647,0,-163,1
747,108,82,236,0,-81,1
747,112,489,626,0,68,1
747,114,423,522,0,-204,0
747,115,329,142,0,-92,1
747,116,371,521,0,-229,1
747,119,50,224,0,-19,1
747,120,343,594,0,-191,1
747,121,198,19,0,-1,1
747,122,284,145,0,-156,1
747,123,134,79,0,-143,0
747,124,461,419,0,-138,1
747,125,430,157,0,87,1
748,0,640,218,0,62,0
748,1,149,395,0,-119,0
748,2,252,428,0,-134,0
748,3,591,89,0,47,0
748,4,157,702,0,-34,0
748,5,198,338,0,-46,0
748,6,115,699,0,-227,0
748,7,701,282,0,-247,0
748,8,589,386,0,34,0
748,10,169,583,0,32,0
748,11,32,5,0,73,0
748,12,125,83,0,-176,0
748,13,108,89,0,-209,0
748,14,570,227,0,83,0
748,15,99,50,0,-196,0
748,16,412,703,0,1,0
748,17,27,481,0,-131,0
748,18,368,264,0,85,0
748,19,424,616,0,-150,0
748,23,114,571,0,-80,1
748,53,219,680,0,63,1
748,54,287,148,0,-141,1
748,68,171,678,0,-177,1
748,69,43,125,0,66,1
748,74,317,53,0,-95,0
748,75,634,68,0,-193,0
748,78,683,129,0,44,1
748,85,368,295,0,-35,0
748,89,658,740,0,-103,1
748,92,89,59,0,17,1
748,99,504,308,0,-64,0
748,100,427,157,0,87,1
748,101,469,413,0,-111,1
748,104,424,13,0,25,1
748,105,188,246,0,-145,1
748,106,737,52,0,-29,1
748,107,679,650,0,-163,1
748,108,85,235,0,-81,1
748,112,486,625,0,68,1
748,114,422,525,0,-204,0
748,115,332,142,0,-92,1
748,116,368,523,0,-229,1
748,119,50,221,0,-10,1
748,120,343,597,0,-182,1
748,121,198,16,0,-1,1
748,122,285,147,0,-156,1
748,123,135,81,0,-143,0
748,124,463,421,0,-128,1
748,125,427,157,0,87,1
749,0,637,216,0,49,0
749,1,152,396,0,-123,0
749,2,254,430,0,-134,0
749,3,589,88,0,63,0
749,4,158,699,0,-34,0
749,5,201,335,0,-46,0
749,6,113,702,0,-227,0
749,7,698,284,0,-247,0
749,8,587,384,0,34,0
749,10,168,581,0,32,0
749,11,29,4,0,73,0
749,12,126,86,0,-176,0
749,13,106,92,0,-209,0
749,14,567,228,0,-249,0
749,15,100,53,0,-172,0
749,16,412,700,0,1,0
749,17,30,483,0,-131,0
749,18,365,264,0,90,0
749,19,424,619,0,-177,0
749,23,117,570,0,-80,1
749,53,216,678,0,63,1
749,54,289,150,0,-141,1
749,68,170,681,0,-196,1
749,69,40,123,0,66,1
749,74,320,52,0,-83,0
749,75,634,71,0,-179,0
749,78,681,127,0,44,1
749,85,369,293,0,-35,0
749,89,660,741,0,-103,1
749,92,88,56,0,17,1
749,99,507,307,0,-83,0
749,100,424,156,0,87,1
749,101,471,415,0,-111,1
749,104,423,10,0,15,1
749,105,190,249,0,-145,1
749,106,738,49,0,-29,1
749,107,681,652,0,-138,1
749,108,88,235,0,-81,1
749,112,483,625,0,-268,1
749,114,421,528,0,-207,0
749,115,335,142,0,-92,1
749,116,366,525,0,-229,1
749,119,51,218,0,-10,1
749,120,342,600,0,-188,1
749,121,198,13,0,16,1
749,122,286,150,0,-156,1
749,123,137,83,0,-143,0
749,124,465,423,0,-128,1
749,125,424,156,0,87,1
750,0,635,214,0,49,0
750,1,155,397,0,-102,0
750,2,256,432,0,-134,0
750,3,586,87,0,75,0
750,4,160,697,0,-34,0
750,5,203,333,0,-46,0
750,6,111,703,0,-231,0
750,7,695,285,0,-247,0
750,8,586,381,0,34,0
750,10,166,578,0,36,0
750,11,26,3,0,73,0
750,12,127,89,0,-160,0
750,13,105,94,0,-209,0
750,14,564,229,0,-249,0
750,15,100,56,0,-172,0
750,16,412,697,0,1,0
750,17,32,485,0,-131,0
750,18,363,263,0,62,0
750,19,425,622,0,-177,0
750,23,120,570,0,-80,1
750,53,214,677,0,63,1
750,54,290,152,0,-141,1
750,68,169,684,0,-196,1
750,69,37,122,0,66,1
750,74,323,52,0,-83,0
750,75,633,74,0,-199,0
750,78,679,125,0,43,1
750,85,371,290,0,-35,0
750,89,663,742,0,-103,1
750,99,510,306,0,-61,0
750,100,421,156,0,87,1
750,101,474,416,0,-111,1
750,104,422,7,0,15,1
750,105,192,251,0,-145,1
750,106,740,46,0,-29,1
750,107,683,654,0,-138,1
750,108,90,234,0,-81,1
750,112,480,625,0,-268,1
750,114,420,531,0,-190,0
750,115,338,142,0,-92,1
750,116,364,527,0,-229,1
750,119,52,215,0,-26,1
750,120,342,603,0,-188,1
750,121,197,10,0,16,1
750,122,288,153,0,-156,1
750,123,139,86,0,-143,0
750,124,467,425,0,-134,1
750,125,421,156,0,87,1
751,0,633,212,0,49,0
751,1,158,398,0,-102,0
751,2,258,434,0,-134,0
751,3,583,86,0,75,0
751,4,162,695,0,-49,0
751,5,205,331,0,-41,0
751,6,109,705,0,-231,0
751,7,693,286,0,-247,0
751,8,584,379,0,34,0
751,10,164,576,0,36,0
751,11,23,2,0,73,0
751,12,128,92,0,-160,0
751,13,103,97,0,-209,0
751,14,562,230,0,-249,0
751,15,100,56,0,-172,0
751,16,412,694,0,1,0
751,17,33,488,0,-158,0
751,18,360,262,0,79,0
751,19,425,625,0,-177,0
751,23,123,569,0,-80,1
751,53,211,676,0,63,1
751,54,292,155,0,-141,1
751,68,168,687,0,-196,1
751,69,35,121,0,66,1
751,74,326,52,0,-83,0
751,75,631,76,0,-228,0
751,78,677,123,0,43,1
751,85,374,289,0,-64,0
751,89,666,743,0,-106,1
751,99,512,305,0,-65,0
751,100,418,156,0,87,1
751,101,477,417,0,-111,1
751,104,422,4,0,-4,1
751,105,193,254,0,-145,1
751,106,741,43,0,-20,1
751,107,685,656,0,-138,1
751,108,93,234,0,-81,1
751,112,477,626,0,-252,1
751,114,420,534,0,-190,0
751,115,341,142,0,-92,1
751,116,362,529,0,-229,1
751,119,53,212,0,-26,1
751,120,341,606,0,-188,1
751,121,196,7,0,16,1
751,122,288,156,0,-180,1
751,123,141,88,0,-128,0
751,124,470,427,0,-134,1
751,125,418,156,0,87,1
752,0,631,210,0,49,0
752,1,161,398,0,-102,0
752,2,260,436,0,-134,0
752,3,580,85,0,75,0
752,4,164,693,0,-49,0
752,5,207,329,0,-41,0
752,6,106,707,0,-231,0
752,7,690,287,0,-247,0
752,8,582,377,0,52,0
752,10,162,573,0,36,0
752,11,20,1,0,73,0
752,12,129,95,0,-160,0
752,13,102,99,0,-209,0
752,14,559,231,0,-249,0
752,15,100,56,0,-172,0
752,16,412,691,0,-8,0
752,17,34,490,0,-158,0
752,18,357,262,0,79,0
752,19,424,627,0,-192,0
752,23,126,569,0,-91,1
752,53,208,675,0,84,1
752,54,294,157,0,-141,1
752,68,167,689,0,-196,1
752,69,32,120,0,66,1
752,74,329,51,0,-83,0
752,75,629,78,0,-228,0
752,78,675,120,0,43,1
752,85,377,288,0,-84,0
752,89,669,743,0,-106,1
752,99,515,303,0,-65,0
752,100,415,156,0,87,1
752,101,480,418,0,-111,1
752,104,423,1,0,-19,1
752,105,195,256,0,-145,1
752,106,742,41,0,-20,1
752,107,687,659,0,-138,1
752,108,96,233,0,-81,1
752,112,474,627,0,-252,1
752,114,419,537,0,-190,0
752,115,344,142,0,-92,1
752,116,359,531,0,-227,1
752,119,55,210,0,-26,1
752,120,341,609,0,-188,1
752,121,195,4,0,16,1
752,122,288,159,0,-180,1
752,123,144,90,0,-128,0
752,124,472,429,0,-134,1
752,125,416,155,0,58,1
753,0,628,208,0,49,0
753,1,164,399,0,-108,0
753,2,262,438,0,-134,0
753,3,577,85,0,75,0
753,4,167,691,0,-49,0
753,5,209,327,0,-41,0
753,6,103,708,0,-247,0
753,7,687,288,0,-247,0
753,8,579,375,0,52,0
753,10,161,571,0,36,0
753,11,18,0,0,73,0
753,12,130,97,0,-160,0
753,13,101,102,0,-194,0
753,14,556,232,0,-249,0
753,15,100,56,0,-172,0
753,16,412,688,0,-8,0
753,17,34,493,0,-176,0
753,18,354,261,0,81,0
753,19,424,630,0,-192,0
753,23,129,569,0,-91,1
753,53,205,675,0,84,1
753,54,295,160,0,-156,1
753,69,29,119,0,66,1
753,74,332,51,0,-83,0
753,75,627,80,0,-228,0
753,78,673,118,0,43,1
753,85,380,288,0,-84,0
753,89,672,744,0,-106,1
753,99,518,302,0,-65,0
753,100,412,156,0,87,1
753,101,483,419,0,-111,1
753,104,424,-2,0,-19,1
753,105,197,259,0,-145,1
753,106,743,38,0,-20,1
753,107,689,661,0,-138,1
753,108,99,234,0,-108,1
753,112,471,627,0,88,1
753,114,419,539,0,-190,0
753,115,347,142,0,-94,1
753,116,357,533,0,-227,1
753,119,56,207,0,-26,1
753,120,340,612,0,-198,1
753,121,194,2,0,16,1
753,122,288,162,0,-180,1
753,123,146,91,0,-128,0
753,124,473,432,0,-150,1
753,125,413,153,0,58,1
754,0,627,205,0,25,0
754,1,166,400,0,-108,0
754,2,265,441,0,-134,0
754,3,574,84,0,75,0
754,4,169,689,0,-49,0
754,5,211,325,0,-51,0
754,6,101,709,0,-247,0
754,7,684,289,0,-247,0
754,8,577,373,0,52,0
754,10,159,569,0,36,0
754,11,15,0,0,73,0
754,12,131,100,0,-160,0
754,13,100,105,0,-198,0
754,14,553,233,0,-249,0
754,15,100,56,0,-172,0
754,16,413,685,0,-8,0
754,17,34,496,0,-176,0
754,18,351,261,0,81,0
754,19,423,633,0,-192,0
754,23,132,569,0,-84,1
754,53,202,675,0,84,1
754,54,297,163,0,-156,1
754,69,26,117,0,66,1
754,74,335,51,0,-83,0
754,75,624,82,0,-233,0
754,78,671,116,0,43,1
754,85,382,289,0,-110,0
754,89,675,745,0,-106,1
754,99,520,301,0,-65,0
754,100,409,156,0,87,1
754,101,485,421,0,-129,1
754,104,425,747,0,-19,1
754,105,199,261,0,-145,1
754,106,744,35,0,-20,1
754,107,691,663,0,-138,1
754,108,102,235,0,-108,1
754,112,468,627,0,88,1
754,114,418,542,0,-190,0
754,115,350,143,0,-94,1
754,116,355,535,0,-227,1
754,119,57,204,0,-26,1
754,120,339,615,0,-198,1
754,121,193,-1,0,16,1
754,122,289,164,0,-150,1
754,123,148,93,0,-128,0
754,124,475,434,0,-140,1
754,125,411,151,0,54,1
755,0,626,203,0,25,0
755,1,169,402,0,-125,0
755,2,267,443,0,-134,0
755,3,571,83,0,75,0
755,4,171,687,0,-49,0
755,5,213,323,0,-51,0
755,6,98,711,0,-247,0
755,7,682,291,0,-247,0
755,8,575,371,0,52,0
755,10,157,566,0,36,0
755,11,12,749,0,73,0
755,12,132,103,0,-160,0
755,13,99,108,0,-198,0
755,14,550,234,0,-249,0
755,15,100,56,0,-172,0
755,16,413,682,0,-8,0
755,17,35,499,0,-176,0
755,18,348,260,0,81,0
755,19,422,636,0,-192,0
755,23,135,569,0,-84,1
755,53,199,674,0,84,1
755,54,298,165,0,-156,1
755,69,24,116,0,66,1
755,74,338,50,0,-83,0
755,75,622,84,0,-233,0
755,78,668,114,0,56,1
755,85,385,290,0,-118,0
755,89,678,746,0,-106,1
755,99,523,300,0,-65,0
755,100,406,155,0,87,1
755,101,487,423,0,-129,1
755,104,426,744,0,-19,1
755,105,200,264,0,-145,1
755,106,745,32,0,-20,1
755,107,693,665,0,-138,1
755,108,105,236,0,-108,1
755,112,465,627,0,88,1
755,114,418,545,0,-190,0
755,115,353,143,0,-94,1
755,116,353,537,0,-227,1
755,119,57,201,0,0,1
755,120,338,617,0,-198,1
755,121,193,747,0,16,1
755,122,291,167,0,-150,1
755,123,151,94,0,-113,0
755,124,477,437,0,-140,1
755,125,408,149,0,54,1
756,0,624,200,0,39,0
756,1,171,403,0,-125,0
756,2,269,445,0,-134,0
756,3,568,84,0,-256,0
756,4,174,685,0,-49,0
756,5,215,321,0,-40,0
756,6,95,711,0,-267,0
756,7,679,293,0,-228,0
756,8,572,369,0,52,0
756,10,155,564,0,36,0
756,11,9,748,0,73,0
756,12,133,106,0,-160,0
756,13,98,111,0,-198,0
756,14,548,235,0,-249,0
756,15,100,56,0,-172,0
756,16,414,679,0,-11,0
756,17,35,502,0,-176,0
756,18,345,260,0,81,0
756,19,422,639,0,-192,0
756,23,138,568,0,-84,1
756,53,196,674,0,77,1
756,54,299,168,0,-159,1
756,69,21,115,0,66,1
756,74,341,50,0,-83,0
756,75,620,86,0,-233,0
756,78,666,113,0,56,1
756,85,388,292,0,-118,0
756,89,681,747,0,-106,1
756,99,526,298,0,-65,0
756,100,403,155,0,87,1
756,101,490,424,0,-129,1
756,104,427,741,0,-19,1
756,105,202,266,0,-150,1
756,106,746,29,0,-20,1
756,107,695,668,0,-138,1
756,108,108,237,0,-108,1
756,112,462,627,0,88,1
756,114,417,548,0,-190,0
756,115,356,143,0,-94,1
756,116,351,539,0,-227,1
756,119,57,198,0,0,1
756,120,336,620,0,-221,1
756,121,192,744,0,16,1
756,122,293,169,0,-136,1
756,123,154,96,0,-113,0
756,124,479,439,0,-140,1
756,125,406,148,0,54,1
757,0,622,198,0,29,0
757,1,174,405,0,-125,0
757,2,272,446,0,-115,0
757,3,566,85,0,-252,0
757,4,176,683,0,-49,0
757,5,217,318,0,-40,0
757,6,92,711,0,-267,0
757,7,677,295,0,-228,0
757,8,570,368,0,52,0
757,10,154,561,0,36,0
757,11,6,747,0,73,0
757,12,134,109,0,-160,0
757,13,97,114,0,-198,0
757,14,545,236,0,-249,0
757,15,100,56,0,-172,0
757,16,413,676,0,18,0
757,17,35,505,0,-176,0
757,18,342,259,0,81,0
757,19,421,642,0,-192,0
757,23,141,568,0,-84,1
757,53,193,673,0,72,1
757,54,300,171,0,-156,1
757,69,18,114,0,66,1
757,74,344,49,0,-77,0
757,75,617,87,0,-233,0
757,78,664,111,0,56,1
757,85,390,293,0,-118,0
757,89,684,748,0,-106,1
757,99,529,297,0,-65,0
757,100,400,155,0,87,1
757,101,492,426,0,-129,1
757,104,428,739,0,-19,1
757,105,203,269,0,-150,1
757,106,747,27,0,-20,1
757,107,697,670,0,-138,1
757,108,111,238,0,-108,1
757,112,459,627,0,88,1
757,114,416,551,0,-190,0
757,115,359,143,0,-94,1
757,116,348,541,0,-227,1
757,119,57,195,0,0,1
757,120,334,622,0,-221,1
757,121,191,741,0,16,1
757,122,295,171,0,-136,1
757,123,157,96,0,-99,0
757,124,481,441,0,-140,1
757,125,404,146,0,54,1
758,0,620,196,0,58,0
758,1,176,407,0,-125,0
758,2,274,447,0,-115,0
758,3,563,86,0,-252,0
758,4,178,681,0,-49,0
758,5,218,315,0,-16,0
758,6,89,711,0,-267,0
758,7,675,296,0,-242,0
758,8,567,366,0,52,0
758,10,152,559,0,36,0
758,11,3,748,0,-262,0
758,12,135,112,0,-160,0
758,13,96,117,0,-198,0
758,14,542,237,0,-249,0
758,15,100,56,0,-172,0
758,16,412,673,0,18,0
758,17,35,508,0,-176,0
758,18,339,259,0,81,0
758,19,421,645,0,-192,0
758,53,191,672,0,72,1
758,54,301,174,0,-156,1
758,69,15,113,0,66,1
758,74,347,49,0,-77,0
758,75,615,89,0,-233,0
758,78,661,109,0,56,1
758,85,393,295,0,-118,0
758,89,686,748,0,-106,1
758,99,531,296,0,-65,0
758,100,397,155,0,87,1
758,101,494,428,0,-129,1
758,104,428,736,0,-2,1
758,105,205,271,0,-150,1
758,106,748,24,0,-20,1
758,107,699,672,0,-138,1
758,108,114,239,0,-108,1
758,112,456,627,0,88,1
758,114,417,554,0,-167,0
758,115,362,142,0,-68,1
758,116,346,543,0,-237,1
758,119,57,192,0,0,1
758,120,333,624,0,-216,1
758,121,190,738,0,16,1
758,122,297,173,0,-136,1
758,123,160,97,0,-99,0
758,124,483,443,0,-140,1
758,125,402,143,0,36,1
759,0,617,194,0,58,0
759,1,179,409,0,-125,0
759,2,277,448,0,-115,0
759,3,560,86,0,-252,0
759,4,180,679,0,-49,0
759,5,219,312,0,-16,0
759,6,86,711,0,81,0
759,7,672,297,0,-242,0
759,8,565,364,0,63,0
759,10,150,556,0,36,0
759,11,0,747,0,83,0
759,12,136,114,0,-160,0
759,13,96,119,0,-198,0
759,14,539,238,0,-249,0
759,15,100,56,0,-172,0
759,16,410,671,0,45,0
759,17,36,511,0,-176,0
759,18,336,258,0,81,0
759,19,420,648,0,-192,0
759,53,188,671,0,72,1
759,54,303,176,0,-156,1
759,69,13,110,0,46,1
759,74,350,48,0,-77,0
759,75,612,91,0,-233,0
759,78,659,108,0,56,1
759,85,396,296,0,-118,0
759,89,689,749,0,-106,1
759,99,534,295,0,-65,0
759,100,395,154,0,70,1
759,101,497,430,0,-129,1
759,104,428,733,0,-2,1
759,105,206,274,0,-150,1
759,106,749,21,0,-20,1
759,107,701,674,0,-138,1
759,108,116,240,0,-108,1
759,112,453,626,0,88,1
759,114,418,557,0,-167,0
759,115,365,141,0,-68,1
759,116,343,543,0,-255,1
759,119,57,189,0,0,1
759,120,332,627,0,-189,1
759,121,189,736,0,16,1
759,122,299,176,0,-136,1
759,123,163,97,0,-99,0
759,124,485,446,0,-140,1
759,125,400,141,0,48,1
760,0,615,192,0,42,0
760,1,180,411,0,-151,0
760,2,280,450,0,-115,0
760,3,557,87,0,-252,0
760,4,183,677,0,-49,0
760,5,220,310,0,-16,0
760,6,83,710,0,81,0
760,7,669,299,0,-242,0
760,8,562,363,0,63,0
760,10,149,553,0,15,0
760,11,-3,747,0,83,0
760,12,137,117,0,-160,0
760,13,95,122,0,-198,0
760,14,536,239,0,-249,0
760,15,100,56,0,-172,0
760,16,408,669,0,45,0
760,17,36,514,0,-171,0
760,18,333,258,0,81,0
760,19,419,651,0,-192,0
760,54,304,179,0,-156,1
760,69,11,108,0,46,1
760,74,352,47,0,-66,0
760,75,610,93,0,-233,0
760,78,656,106,0,56,1
760,85,398,297,0,-118,0
760,89,692,750,0,-106,1
760,99,537,294,0,-76,0
760,100,392,154,0,-268,1
760,101,500,431,0,-105,1
760,104,430,730,0,-31,1
760,105,208,277,0,-150,1
760,106,750,18,0,-20,1
760,107,704,676,0,-114,1
760,108,119,242,0,-129,1
760,112,451,628,0,-244,1
760,114,419,560,0,-167,0
760,115,368,140,0,-68,1
760,116,340,544,0,-255,1
760,119,57,186,0,0,1
760,120,332,630,0,-189,1
760,121,188,733,0,16,1
760,122,301,178,0,-136,1
760,123,166,97,0,-99,0
760,124,488,447,0,-111,1
760,125,397,140,0,61,1
761,0,613,190,0,42,0
761,1,182,414,0,-151,0
761,2,283,451,0,-115,0
761,3,555,89,0,-230,0
761,4,185,675,0,-49,0
761,5,220,307,0,-16,0
761,6,80,710,0,81,0
761,7,667,300,0,-242,0
761,8,560,361,0,52,0
761,10,149,551,0,15,0
761,11,747,747,0,83,0
761,12,138,120,0,-146,0
761,13,94,125,0,-198,0
761,14,534,241,0,-249,0
761,15,100,56,0,-172,0
761,16,406,667,0,45,0
761,17,37,517,0,-171,0
761,18,330,257,0,81,0
761,19,419,654,0,-192,0
761,54,305,182,0,-168,1
761,69,9,106,0,46,1
761,74,355,46,0,-66,0
761,75,608,95,0,-233,0
761,78,653,105,0,83,1
761,85,401,299,0,-118,0
761,89,695,751,0,-106,1
761,99,540,295,0,-104,0
761,100,389,153,0,67,1
761,101,503,431,0,-92,1
761,104,433,729,0,-61,1
761,105,209,279,0,-150,1
761,106,1,15,0,-20,1
761,107,707,677,0,-114,1
761,108,121,244,0,-129,1
761,112,448,628,0,-261,1
761,114,418,563,0,-191,0
761,115,370,139,0,-68,1
761,116,337,545,0,-255,1
761,119,57,183,0,0,1
761,120,331,633,0,-189,1
761,121,187,730,0,16,1
761,122,303,180,0,-136,1
761,123,169,98,0,-99,0
761,124,490,448,0,-121,1
761,125,394,139,0,61,1
762,0,611,188,0,42,0
762,1,183,416,0,-151,0
762,2,285,452,0,-115,0
762,3,552,91,0,-230,0
762,4,187,673,0,-49,0
762,5,221,304,0,-16,0
762,6,77,709,0,76,0
762,7,664,302,0,-242,0
762,8,557,359,0,52,0
762,10,148,548,0,15,0
762,11,744,746,0,83,0
762,12,140,122,0,-146,0
762,13,93,128,0,-198,0
762,14,531,242,0,-249,0
762,15,100,56,0,-172,0
762,16,403,665,0,45,0
762,17,36,520,0,-185,0
762,18,327,257,0,81,0
762,19,418,657,0,-192,0
762,54,305,185,0,-168,1
762,69,7,104,0,46,1
762,74,358,44,0,-66,0
762,75,605,96,0,-233,0
762,78,650,105,0,83,1
762,85,404,300,0,-118,0
762,89,698,1,0,-118,1
762,99,543,295,0,-104,0
762,100,386,152,0,67,1
762,101,506,431,0,-92,1
762,104,435,727,0,-59,1
762,105,211,282,0,-150,1
762,106,2,13,0,-20,1
762,107,709,678,0,-114,1
762,108,124,245,0,-107,1
762,112,445,629,0,-261,1
762,114,417,566,0,-201,0
762,115,373,138,0,-71,1
762,116,334,546,0,-255,1
762,119,58,180,0,0,1
762,120,331,636,0,-189,1
762,121,187,727,0,16,1
762,122,305,182,0,-136,1
762,123,172,98,0,-99,0
762,124,493,450,0,-121,1
762,125,392,137,0,64,1
763,0,609,185,0,39,0
763,1,184,419,0,-151,0
763,2,288,454,0,-115,0
763,3,550,93,0,-230,0
763,4,189,671,0,-49,0
763,5,222,301,0,-16,0
763,6,74,708,0,76,0
763,7,661,303,0,-242,0
763,8,555,358,0,52,0
763,10,147,545,0,15,0
763,11,741,746,0,83,0
763,12,142,125,0,-146,0
763,13,92,131,0,-204,0
763,14,528,243,0,-249,0
763,15,100,56,0,-172,0
763,16,401,663,0,45,0
763,17,36,523,0,-185,0
763,18,324,256,0,81,0
763,19,419,660,0,-164,0
763,54,306,188,0,-168,1
763,69,5,102,0,46,1
763,74,361,43,0,-66,0
763,75,602,97,0,-261,0
763,78,647,105,0,83,1
763,85,406,302,0,-118,0
763,89,700,3,0,-118,1
763,99,546,296,0,-104,0
763,100,383,150,0,67,1
763,101,509,431,0,-92,1
763,104,438,726,0,-72,1
763,105,212,284,0,-150,1
763,106,3,10,0,-20,1
763,107,712,679,0,-114,1
763,108,127,245,0,-107,1
763,112,442,629,0,-261,1
763,114,417,569,0,-172,0
763,115,376,137,0,-71,1
763,116,331,546,0,-255,1
763,119,58,177,0,0,1
763,120,330,639,0,-189,1
763,121,186,724,0,16,1
763,122,306,185,0,-162,1
763,123,174,100,0,-122,0
763,124,495,451,0,-121,1
763,125,389,136,0,64,1
764,0,608,183,0,39,0
764,1,186,422,0,-151,0
764,2,291,453,0,-86,0
764,3,548,95,0,-230,0
764,4,192,669,0,-49,0
764,5,223,298,0,-16,0
764,6,71,708,0,82,0
764,7,659,304,0,-242,0
764,8,552,356,0,57,0
764,10,146,542,0,15,0
764,11,738,746,0,83,0
764,12,143,127,0,-146,0
764,13,90,133,0,-204,0
764,14,525,244,0,-249,0
764,15,100,56,0,-172,0
764,16,399,661,0,45,0
764,17,36,526,0,-185,0
764,18,321,256,0,81,0
764,19,420,663,0,-164,0
764,54,306,191,0,-168,1
764,69,2,100,0,46,1
764,74,363,42,0,-66,0
764,75,599,97,0,-261,0
764,78,644,104,0,83,1
764,85,409,303,0,-118,0
764,89,703,4,0,-118,1
764,99,549,297,0,-104,0
764,100,381,149,0,67,1
764,101,512,431,0,-92,1
764,104,441,725,0,-72,1
764,105,214,287,0,-150,1
764,106,5,7,0,-38,1
764,107,715,680,0,-114,1
764,108,130,246,0,-107,1
764,112,439,630,0,-252,1
764,114,418,572,0,-172,0
764,115,379,136,0,-71,1
764,116,329,547,0,-255,1
764,119,58,174,0,0,1
764,120,330,642,0,-189,1
764,121,185,721,0,7,1
764,122,307,188,0,-169,1
764,123,177,101,0,-122,0
764,124,497,454,0,-150,1
764,125,386,135,0,64,1
765,0,606,181,0,39,0
765,1,187,424,0,-151,0
765,2,294,453,0,-86,0
765,3,546,97,0,-230,0
765,4,194,667,0,-49,0
765,5,224,295,0,-16,0
765,6,68,707,0,82,0
765,7,656,306,0,-242,0
765,8,550,355,0,70,0
765,10,145,539,0,15,0
765,11,735,745,0,83,0
765,12,145,130,0,-146,0
765,13,89,136,0,-204,0
765,14,522,245,0,-249,0
765,15,100,56,0,-172,0
765,16,397,659,0,45,0
765,17,35,529,0,-200,0
765,18,318,255,0,81,0
765,19,421,665,0,-164,0
765,54,307,194,0,-168,1
765,69,0,98,0,46,1
765,74,366,41,0,-66,0
765,75,596,98,0,-261,0
765,78,641,104,0,83,1
765,85,412,304,0,-118,0
765,89,706,4,0,-94,1
765,99,551,299,0,-128,0
765,100,378,148,0,67,1
765,101,515,431,0,-92,1
765,104,444,724,0,-72,1
765,105,215,290,0,-150,1
765,106,6,5,0,-21,1
765,107,718,682,0,-114,1
765,108,133,247,0,-107,1
765,112,436,631,0,-252,1
765,114,418,575,0,-172,0
765,115,382,135,0,-71,1
765,116,326,547,0,86,1
765,119,58,171,0,0,1
765,120,329,645,0,-189,1
765,121,186,718,0,-4,1
765,122,307,191,0,-169,1
765,123,179,103,0,-122,0
765,124,499,456,0,-132,1
765,125,384,133,0,64,1
765,126,307,191,0,-169,1
766,0,604,178,0,39,0
766,1,189,427,0,-151,0
766,2,297,452,0,-59,0
766,3,545,100,0,-201,0
766,4,196,665,0,-49,0
766,5,225,292,0,-16,0
766,6,65,707,0,82,0
766,7,653,307,0,-242,0
766,8,547,354,0,70,0
766,10,145,536,0,15,0
766,11,732,745,0,83,0
766,12,147,132,0,-149,0
766,13,88,139,0,-208,0
766,14,520,246,0,-249,0
766,15,100,56,0,-172,0
766,16,395,656,0,45,0
766,17,34,532,0,-200,0
766,18,315,255,0,81,0
766,19,421,668,0,-164,0
766,54,308,197,0,-168,1
766,69,-2,96,0,46,1
766,74,369,40,0,-66,0
766,75,593,98,0,-261,0
766,78,638,104,0,83,1
766,85,415,305,0,-103,0
766,89,709,5,0,-94,1
766,99,553,301,0,-128,0
766,100,375,147,0,67,1
766,101,518,431,0,-92,1
766,104,447,723,0,-72,1
766,106,7,2,0,-21,1
766,107,720,683,0,-114,1
766,108,135,248,0,-107,1
766,112,433,632,0,-252,1
766,114,418,578,0,-172,0
766,115,385,134,0,-71,1
766,116,323,547,0,86,1
766,119,58,168,0,0,1
766,120,329,648,0,-189,1
766,121,186,715,0,-4,1
766,122,309,193,0,-153,1
766,123,182,105,0,-122,0
766,124,501,458,0,-132,1
766,125,381,132,0,64,1
766,126,308,194,0,-169,1
767,0,602,176,0,39,0
767,1,190,430,0,-151,0
767,2,299,450,0,-59,0
767,3,544,103,0,-201,0
767,4,198,663,0,-49,0
767,5,225,289,0,-16,0
767,6,62,707,0,82,0
767,7,651,309,0,-242,0
767,8,544,353,0,70,0
767,10,144,533,0,15,0
767,11,729,744,0,83,0
767,12,149,134,0,-133,0
767,13,86,142,0,-208,0
767,14,517,247,0,-249,0
767,15,100,56,0,-172,0
767,16,393,654,0,45,0
767,17,34,535,0,-177,0
767,18,312,254,0,81,0
767,19,423,671,0,-145,0
767,54,308,200,0,-168,1
767,69,748,94,0,46,1
767,74,372,38,0,-66,0
767,75,590,99,0,-261,0
767,78,635,103,0,83,1
767,85,418,306,0,-103,0
767,89,712,5,0,-94,1
767,99,556,302,0,-128,0
767,100,372,146,0,67,1
767,101,521,432,0,-92,1
767,104,449,723,0,-72,1
767,106,8,-1,0,-21,1
767,107,723,684,0,-114,1
767,108,138,249,0,-107,1
767,112,430,633,0,-252,1
767,114,419,581,0,-172,0
767,115,387,133,0,-71,1
767,116,320,547,0,86,1
767,119,57,166,0,15,1
767,120,328,651,0,-189,1
767,121,185,712,0,9,1
767,122,310,196,0,-153,1
767,123,184,106,0,-126,0
767,124,503,461,0,-143,1
767,125,378,131,0,64,1
767,126,309,197,0,-169,1
768,0,600,174,0,52,0
768,1,192,432,0,-151,0
768,2,301,448,0,-40,0
768,3,542,106,0,-201,0
768,4,201,661,0,-49,0
768,5,226,287,0,-16,0
768,6,59,706,0,82,0
768,7,648,310,0,-242,0
768,8,541,352,0,70,0
768,10,143,530,0,15,0
768,11,726,744,0,83,0
768,12,151,136,0,-133,0
768,13,85,144,0,-208,0
768,14,514,248,0,-249,0
768,15,100,56,0,-172,0
768,16,391,652,0,45,0
768,17,34,538,0,-177,0
768,18,309,254,0,81,0
768,19,425,673,0,-145,0
768,54,309,203,0,-168,1
768,69,746,91,0,32,1
768,74,374,37,0,-66,0
768,75,587,99,0,-261,0
768,78,632,103,0,83,1
768,85,420,307,0,-113,0
768,89,715,5,0,-94,1
768,99,558,304,0,-128,0
768,100,370,144,0,56,1
768,101,524,432,0,-101,1
768,104,452,722,0,-72,1
768,106,9,747,0,-21,1
768,107,726,685,0,-114,1
768,108,141,250,0,-107,1
768,112,427,634,0,-252,1
768,114,419,584,0,-172,0
768,115,390,132,0,-71,1
768,116,317,546,0,86,1
768,119,56,163,0,15,1
768,120,328,654,0,-189,1
768,121,185,709,0,9,1
768,122,312,198,0,-138,1
768,123,187,108,0,-126,0
768,124,505,463,0,-143,1
768,125,376,128,0,39,1
768,126,309,200,0,-169,1
769,0,597,172,0,52,0
769,1,193,435,0,-151,0
769,2,303,445,0,-40,0
769,3,541,108,0,-201,0
769,4,203,659,0,-49,0
769,5,227,284,0,-16,0
769,6,56,706,0,-270,0
769,7,645,311,0,-242,0
769,8,538,351,0,70,0
769,10,142,527,0,20,0
769,11,723,744,0,83,0
769,12,153,138,0,-133,0
769,13,84,147,0,-196,0
769,14,511,249,0,-249,0
769,15,100,56,0,-172,0
769,16,389,650,0,24,0
769,17,34,541,0,-177,0
769,18,306,253,0,81,0
769,19,427,676,0,-145,0
769,54,309,205,0,-168,1
769,69,745,89,0,32,1
769,74,377,36,0,-66,0
769,75,585,100,0,-261,0
769,78,629,103,0,83,1
769,85,423,308,0,-113,0
769,89,718,5,0,-94,1
769,99,560,306,0,-128,0
769,100,367,142,0,56,1
769,101,526,434,0,-128,1
769,104,455,721,0,-72,1
769,106,10,744,0,-21,1
769,107,729,687,0,-114,1
769,108,144,251,0,-107,1
769,112,425,635,0,-252,1
769,114,420,587,0,-172,0
769,115,393,131,0,-71,1
769,116,314,546,0,86,1
769,119,57,160,0,-10,1
769,120,327,657,0,-189,1
769,121,184,706,0,9,1
769,122,314,200,0,-137,1
769,123,189,110,0,-142,0
769,124,507,465,0,-143,1
769,125,374,126,0,39,1
769,126,310,202,0,-158,1
770,0,595,170,0,52,0
770,1,195,438,0,-151,0
770,2,305,443,0,-40,0
770,3,540,111,0,-201,0
770,4,205,657,0,-49,0
770,5,228,281,0,-16,0
770,6,53,706,0,-270,0
770,7,643,313,0,-242,0
770,8,535,350,0,70,0
770,10,141,525,0,20,0
770,11,720,743,0,83,0
770,12,155,140,0,-133,0
770,13,83,150,0,-196,0
770,14,508,250,0,-249,0
770,15,100,56,0,-172,0
770,16,388,647,0,24,0
770,17,34,544,0,-177,0
770,18,303,254,0,-250,0
770,19,428,678,0,-145,0
770,54,310,208,0,-168,1
770,69,743,86,0,32,1
770,74,380,36,0,-94,0
770,75,582,100,0,-261,0
770,78,626,102,0,83,1
770,85,426,309,0,-113,0
770,89,721,5,0,-94,1
770,99,563,307,0,-107,0
770,100,365,141,0,56,1
770,101,528,436,0,-128,1
770,104,458,720,0,-72,1
770,106,11,742,0,-21,1
770,107,731,688,0,-113,1
770,108,147,252,0,-107,1
770,112,422,636,0,-252,1
770,114,420,590,0,-172,0
770,115,396,130,0,-71,1
770,116,311,546,0,86,1
770,119,57,157,0,-10,1
770,120,327,660,0,-189,1
770,121,184,703,0,14,1
770,122,316,203,0,-151,1
770,123,191,113,0,-142,0
770,124,508,468,0,-143,1
770,125,372,124,0,46,1
770,126,311,205,0,-160,1
771,0,592,169,0,52,0
771,1,196,440,0,-151,0
771,2,307,441,0,-40,0
771,3,539,114,0,-201,0
771,4,208,655,0,-49,0
771,5,229,278,0,-16,0
771,6,50,706,0,-270,0
771,7,640,314,0,-255,0
771,8,533,349,0,70,0
771,10,140,522,0,20,0
771,11,717,743,0,83,0
771,12,158,142,0,-133,0
771,13,82,153,0,-196,0
771,14,506,251,0,-249,0
771,15,100,56,0,-172,0
771,16,387,644,0,24,0
771,17,35,547,0,-164,0
771,18,301,255,0,-250,0
771,19,430,681,0,-145,0
771,54,311,211,0,-168,1
771,69,741,84,0,32,1
771,74,383,36,0,-94,0
771,75,579,101,0,-261,0
771,78,623,102,0,83,1
771,85,428,311,0,-128,0
771,89,724,6,0,-94,1
771,99,566,307,0,-88,0
771,100,362,139,0,56,1
771,101,531,438,0,-128,1
771,104,461,719,0,-72,1
771,106,12,739,0,-21,1
771,107,734,688,0,-87,1
771,108,150,253,0,-107,1
771,112,419,637,0,-252,1
771,114,419,593,0,-193,0
771,115,399,129,0,-71,1
771,116,308,546,0,86,1
771,119,57,154,0,8,1
771,120,327,663,0,-189,1
771,121,183,700,0,14,1
771,122,317,206,0,-151,1
771,123,192,115,0,-142,0
771,124,511,470,0,-133,1
771,125,370,122,0,53,1
771,126,312,208,0,-160,1
772,0,590,167,0,52,0
772,1,198,443,0,-150,0
772,2,309,438,0,-40,0
772,3,538,117,0,-201,0
772,4,210,653,0,-49,0
772,5,230,275,0,-16,0
772,6,48,707,0,-254,0
772,7,637,314,0,-255,0
772,8,530,348,0,70,0
772,10,139,519,0,20,0
772,11,714,743,0,86,0
772,12,160,144,0,-133,0
772,13,81,156,0,-199,0
772,14,503,252,0,-249,0
772,15,100,56,0,-172,0
772,16,386,641,0,26,0
772,17,36,550,0,-164,0
772,18,298,257,0,-235,0
772,19,432,683,0,-145,0
772,54,310,214,0,-188,1
772,69,739,81,0,42,1
772,74,386,36,0,-94,0
772,75,576,101,0,-261,0
772,78,620,102,0,83,1
772,85,431,313,0,-128,0
772,89,727,7,0,-118,1
772,99,569,308,0,-104,0
772,100,359,138,0,75,1
772,101,532,440,0,-157,1
772,104,464,718,0,-72,1
772,106,14,736,0,-21,1
772,107,737,687,0,-87,1
772,108,153,253,0,-107,1
772,112,416,638,0,-252,1
772,114,419,595,0,-193,0
772,115,402,128,0,-71,1
772,116,305,545,0,86,1
772,119,56,151,0,8,1
772,120,327,666,0,-176,1
772,121,182,698,0,14,1
772,122,319,208,0,-151,1
772,123,194,118,0,-142,0
772,124,513,472,0,-133,1
772,125,367,120,0,53,1
772,126,313,211,0,-160,1
773,0,588,165,0,52,0
773,1,199,445,0,-150,0
773,2,311,436,0,-38,0
773,3,537,120,0,-201,0
773,4,212,651,0,-49,0
773,5,229,272,0,9,0
773,6,45,708,0,-254,0
773,7,634,314,0,85,0
773,8,527,347,0,70,0
773,10,138,516,0,20,0
773,11,711,743,0,86,0
773,12,162,147,0,-134,0
773,13,80,158,0,-199,0
773,14,500,253,0,-249,0
773,15,100,56,0,-172,0
773,16,384,639,0,26,0
773,17,37,553,0,-164,0
773,18,296,259,0,-235,0
773,19,434,685,0,-145,0
773,54,310,217,0,-188,1
773,69,737,79,0,42,1
773,74,389,37,0,-94,0
773,75,573,101,0,-261,0
773,78,617,101,0,83,1
773,85,433,315,0,-128,0
773,89,730,7,0,-92,1
773,99,572,308,0,-104,0
773,100,357,137,0,75,1
773,101,533,443,0,-157,1
773,104,466,717,0,-61,1
773,106,15,733,0,-21,1
773,107,740,687,0,-87,1
773,108,155,254,0,-107,1
773,112,413,639,0,-252,1
773,114,418,598,0,-200,0
773,115,405,128,0,-92,1
773,116,302,545,0,86,1
773,119,56,148,0,8,1
773,120,327,669,0,-176,1
773,121,181,695,0,14,1
773,122,320,211,0,-151,1
773,123,197,119,0,-115,0
773,124,515,474,0,-133,1
773,125,365,118,0,53,1
773,126,314,214,0,-160,1
774,0,585,163,0,52,0
774,1,201,448,0,-150,0
774,2,313,434,0,-53,0
774,3,535,122,0,-221,0
774,4,214,649,0,-49,0
774,5,229,269,0,9,0
774,6,42,709,0,-254,0
774,7,631,314,0,85,0
774,8,524,346,0,70,0
774,10,138,513,0,3,0
774,11,708,742,0,86,0
774,12,164,149,0,-134,0
774,13,80,161,0,-186,0
774,14,497,255,0,-249,0
774,15,100,56,0,-172,0
774,16,383,636,0,26,0
774,17,38,555,0,-164,0
774,18,294,262,0,-206,0
774,19,435,688,0,-145,0
774,54,310,220,0,-188,1
774,69,735,77,0,42,1
774,74,392,37,0,-94,0
774,75,570,102,0,-261,0
774,78,614,101,0,83,1
774,85,435,317,0,-128,0
774,89,732,8,0,-111,1
774,99,575,309,0,-104,0
774,100,354,137,0,75,1
774,101,535,445,0,-140,1
774,104,469,715,0,-61,1
774,106,16,730,0,-21,1
774,107,743,687,0,-87,1
774,108,158,255,0,-107,1
774,112,410,640,0,-252,1
774,114,417,601,0,-200,0
774,115,408,128,0,-91,1
774,116,299,545,0,-268,1
774,119,57,145,0,-13,1
774,120,327,672,0,-176,1
774,121,181,692,0,14,1
774,122,321,214,0,-151,1
774,123,200,120,0,-115,0
774,124,517,476,0,-133,1
774,125,363,117,0,53,1
774,126,315,216,0,-160,1
775,0,583,161,0,52,0
775,1,202,451,0,-150,0
775,2,314,432,0,-29,0
775,3,533,124,0,-235,0
775,4,217,647,0,-49,0
775,5,228,266,0,12,0
775,6,39,710,0,-247,0
775,7,628,314,0,85,0
775,8,521,345,0,70,0
775,10,139,511,0,-27,0
775,11,705,742,0,85,0
775,12,166,151,0,-134,0
775,13,80,164,0,-186,0
775,14,494,256,0,-249,0
775,15,100,56,0,-172,0
775,16,382,633,0,26,0
775,17,38,558,0,-164,0
775,18,293,264,0,-214,0
775,19,437,690,0,-145,0
775,54,309,223,0,-188,1
775,69,733,75,0,42,1
775,74,395,37,0,-94,0
775,75,567,103,0,-252,0
775,78,611,101,0,83,1
775,85,438,317,0,-102,0
775,89,735,8,0,-94,1
775,99,578,310,0,-104,0
775,100,351,137,0,-266,1
775,101,537,448,0,-140,1
775,104,472,714,0,-61,1
775,106,17,728,0,-21,1
775,107,746,687,0,-87,1
775,108,161,257,0,-132,1
775,112,407,641,0,-252,1
775,114,416,604,0,-200,0
775,115,410,129,0,-106,1
775,116,296,546,0,-268,1
775,119,57,142,0,-13,1
775,120,327,675,0,-176,1
775,121,180,689,0,14,1
775,122,322,217,0,-171,1
775,123,202,121,0,-115,0
775,124,519,478,0,-133,1
775,125,360,115,0,53,1
775,126,316,219,0,-177,1
776,0,581,159,0,52,0
776,1,203,453,0,-155,0
776,2,315,429,0,-17,0
776,3,530,125,0,-235,0
776,4,219,646,0,-49,0
776,5,227,263,0,12,0
776,6,36,711,0,-247,0
776,7,625,313,0,85,0
776,8,519,344,0,70,0
776,10,140,508,0,-27,0
776,11,702,741,0,78,0
776,12,168,153,0,-134,0
776,13,80,167,0,-186,0
776,14,491,256,0,-257,0
776,15,100,56,0,-172,0
776,16,380,631,0,26,0
776,17,39,561,0,-164,0
776,18,291,267,0,-213,0
776,19,440,692,0,-117,0
776,54,309,226,0,-186,1
776,69,733,72,0,14,1
776,74,398,37,0,-94,0
776,75,564,104,0,-252,0
776,78,608,100,0,78,1
776,85,441,318,0,-102,0
776,89,738,9,0,-94,1
776,99,581,310,0,-104,0
776,100,348,137,0,-266,1
776,101,539,450,0,-140,1
776,104,474,712,0,-61,1
776,106,18,725,0,-21,1
776,107,749,687,0,-95,1
776,108,163,259,0,-132,1
776,112,405,641,0,-252,1
776,114,415,607,0,-200,0
776,115,413,129,0,-91,1
776,116,293,546,0,-268,1
776,119,58,139,0,-13,1
776,120,328,678,0,-176,1
776,121,179,686,0,14,1
776,122,322,220,0,-171,1
776,123,205,123,0,-115,0
776,124,522,480,0,-133,1
776,125,358,113,0,53,1
776,126,316,222,0,-181,1
777,0,578,158,0,52,0
777,1,205,456,0,-155,0
777,2,316,426,0,-17,0
777,3,528,127,0,-235,0
777,4,221,644,0,-49,0
777,5,227,260,0,12,0
777,6,33,712,0,-256,0
777,7,622,313,0,85,0
777,8,516,343,0,70,0
777,10,142,505,0,-27,0
777,11,699,741,0,78,0
777,12,171,155,0,-134,0
777,13,79,170,0,-186,0
777,14,489,257,0,-257,0
777,15,100,56,0,-172,0
777,16,379,628,0,26,0
777,17,40,564,0,-164,0
777,18,289,269,0,-213,0
777,19,442,694,0,-137,0
777,54,309,229,0,-186,1
777,69,732,69,0,14,1
777,74,401,37,0,-94,0
777,75,561,105,0,-252,0
777,78,606,99,0,78,1
777,85,444,318,0,-97,0
777,89,741,9,0,-94,1
777,99,584,311,0,-104,0
777,100,345,137,0,-266,1
777,101,541,452,0,-140,1
777,104,477,711,0,-61,1
777,106,19,722,0,-21,1
777,107,752,687,0,-95,1
777,108,165,261,0,-115,1
777,112,402,642,0,-252,1
777,114,413,609,0,-209,0
777,115,416,129,0,-91,1
777,116,290,546,0,-268,1
777,119,59,136,0,-13,1
777,120,328,681,0,-176,1
777,121,179,683,0,14,1
777,122,323,223,0,-171,1
777,123,208,124,0,-115,0
777,124,524,482,0,-133,1
777,125,355,111,0,58,1
777,126,315,225,0,-181,1
778,0,576,156,0,52,0
778,1,206,459,0,-155,0
778,2,317,423,0,-17,0
778,3,525,129,0,-235,0
778,4,223,642,0,-49,0
778,5,226,257,0,12,0
778,6,30,713,0,-256,0
778,7,619,313,0,85,0
778,8,513,343,0,-270,0
778,10,143,503,0,-27,0
778,11,696,740,0,78,0
778,12,173,157,0,-134,0
778,13,79,173,0,-186,0
778,14,486,258,0,-248,0
778,15,100,56,0,-172,0
778,16,378,625,0,16,0
778,17,41,567,0,-164,0
778,18,288,272,0,-213,0
778,19,444,696,0,-137,0
778,54,308,232,0,-186,1
778,69,731,66,0,14,1
778,74,404,38,0,-94,0
778,75,558,106,0,-252,0
778,78,603,99,0,78,1
778,85,447,319,0,-97,0
778,89,744,9,0,-94,1
778,99,587,312,0,-104,0
778,100,342,138,0,-266,1
778,101,543,455,0,-140,1
778,104,479,709,0,-61,1
778,106,20,719,0,-21,1
778,107,3,688,0,-95,1
778,108,168,262,0,-115,1
778,112,399,643,0,-252,1
778,114,412,612,0,-209,0
778,115,419,128,0,-74,1
778,116,287,546,0,-268,1
778,119,59,133,0,-13,1
778,120,328,684,0,-176,1
778,121,178,680,0,14,1
778,122,323,226,0,-171,1
778,123,210,125,0,-115,0
778,124,527,483,0,-113,1
778,125,353,110,0,58,1
778,126,315,228,0,-181,1
779,0,574,154,0,52,0
779,1,207,461,0,-155,0
779,2,319,421,0,-36,0
779,3,522,129,0,-257,0
779,4,226,640,0,-49,0
779,5,226,254,0,12,0
779,6,28,713,0,-256,0
779,7,616,313,0,85,0
779,8,510,343,0,-270,0
779,10,144,500,0,-27,0
779,11,694,740,0,78,0
779,12,175,159,0,-134,0
779,13,79,176,0,-186,0
779,14,483,259,0,-248,0
779,15,100,56,0,-172,0
779,16,377,622,0,16,0
779,17,42,570,0,-164,0
779,18,286,274,0,-213,0
779,19,446,698,0,-137,0
779,54,308,235,0,-186,1
779,69,730,63,0,14,1
779,74,407,38,0,-94,0
779,75,555,107,0,-252,0
779,78,600,98,0,78,1
779,85,450,320,0,-114,0
779,89,747,10,0,-106,1
779,99,590,312,0,-100,0
779,100,339,138,0,-266,1
779,101,545,457,0,-140,1
779,104,482,708,0,-61,1
779,106,21,716,0,-21,1
779,107,6,688,0,-95,1
779,108,171,263,0,-115,1
779,112,396,644,0,-252,1
779,114,410,615,0,-209,0
779,115,422,127,0,-74,1
779,116,284,546,0,-268,1
779,119,60,130,0,-13,1
779,120,328,687,0,-176,1
779,121,177,677,0,14,1
779,122,324,228,0,-171,1
779,123,213,127,0,-115,0
779,124,529,484,0,-113,1
779,125,350,108,0,58,1
779,126,315,231,0,-181,1
780,0,571,152,0,52,0
780,1,208,464,0,-155,0
780,2,321,419,0,-63,0
780,3,519,130,0,-257,0
780,4,228,638,0,-49,0
780,5,225,251,0,12,0
780,6,25,714,0,-256,0
780,7,613,312,0,85,0
780,8,507,343,0,-270,0
780,10,146,497,0,-27,0
780,11,691,739,0,78,0
780,12,177,161,0,-134,0
780,13,78,179,0,-186,0
780,14,480,260,0,-248,0
780,15,100,56,0,-172,0
780,16,376,619,0,16,0
780,17,42,573,0,-164,0
780,18,285,277,0,-213,0
780,19,448,701,0,-137,0
780,54,308,238,0,-186,1
780,69,730,60,0,14,1
780,74,410,38,0,-94,0
780,75,553,108,0,-252,0
780,78,597,97,0,78,1
780,85,453,320,0,-93,0
780,89,750,11,0,-106,1
780,99,593,312,0,-85,0
780,100,336,137,0,65,1
780,101,546,459,0,-145,1
780,104,485,706,0,-61,1
780,106,23,714,0,-51,1
780,107,9,688,0,-95,1
780,108,174,264,0,-115,1
780,112,393,645,0,-252,1
780,114,409,617,0,-209,0
780,115,425,127,0,-74,1
780,116,281,547,0,-252,1
780,119,62,128,0,-41,1
780,120,329,690,0,-176,1
780,121,177,674,0,-7,1
780,122,324,231,0,-171,1
780,123,216,128,0,-115,0
780,124,531,487,0,-135,1
780,125,348,107,0,58,1
780,126,314,234,0,-210,1
781,0,569,150,0,52,0
781,1,210,467,0,-155,0
781,2,324,418,0,-63,0
781,3,517,131,0,-246,0
781,4,230,636,0,-49,0
781,5,224,248,0,12,0
781,6,22,715,0,-256,0
781,7,610,313,0,-252,0
781,8,504,343,0,-270,0
781,10,147,495,0,-27,0
781,11,688,738,0,78,0
781,12,179,163,0,-134,0
781,13,78,182,0,-186,0
781,14,477,261,0,-248,0
781,15,100,56,0,-172,0
781,16,376,616,0,16,0
781,17,43,576,0,-164,0
781,18,283,279,0,-213,0
781,19,450,703,0,-137,0
781,54,307,241,0,-186,1
781,69,729,57,0,5,1
781,74,413,38,0,-94,0
781,75,550,108,0,-252,0
781,78,594,97,0,78,1
781,85,456,320,0,-93,0
781,89,3,11,0,-106,1
781,99,596,312,0,-85,0
781,100,333,135,0,65,1
781,101,549,461,0,-131,1
781,104,487,705,0,-61,1
781,106,25,712,0,-30,1
781,107,12,689,0,-105,1
781,108,176,266,0,-115,1
781,112,390,646,0,-252,1
781,114,406,619,0,-234,0
781,115,428,126,0,-74,1
781,116,278,548,0,-252,1
781,119,64,126,0,-41,1
781,120,329,693,0,-176,1
781,121,178,671,0,-7,1
781,122,325,234,0,-171,1
781,123,219,128,0,-87,0
781,124,534,489,0,-135,1
781,125,345,105,0,66,1
781,126,312,237,0,-210,1
782,0,566,148,0,55,0
782,1,212,469,0,-139,0
782,2,327,417,0,-63,0
782,3,514,132,0,-246,0
782,4,232,634,0,-49,0
782,5,224,246,0,12,0
782,6,19,716,0,-256,0
782,7,607,314,0,-252,0
782,8,501,343,0,-270,0
782,10,149,492,0,-44,0
782,11,685,738,0,78,0
782,12,181,166,0,-149,0
782,13,78,185,0,-186,0
782,14,475,263,0,-248,0
782,15,100,56,0,-172,0
782,16,375,614,0,16,0
782,17,44,579,0,-172,0
782,18,281,282,0,-213,0
782,19,452,705,0,-137,0
782,54,307,244,0,-177,1
782,69,729,54,0,5,1
782,74,416,38,0,-94,0
782,75,547,109,0,-252,0
782,78,591,96,0,79,1
782,85,459,320,0,-93,0
782,89,6,12,0,-106,1
782,99,599,312,0,-85,0
782,100,330,134,0,65,1
782,101,550,464,0,-158,1
782,104,490,703,0,-61,1
782,106,27,710,0,-41,1
782,107,15,690,0,-105,1
782,108,179,267,0,-115,1
782,112,388,647,0,-252,1
782,114,404,621,0,-234,0
782,115,431,125,0,-74,1
782,116,275,549,0,-252,1
782,119,66,123,0,-41,1
782,120,328,696,0,-192,1
782,121,178,668,0,-7,1
782,122,325,237,0,-171,1
782,123,222,128,0,-101,0
782,124,536,490,0,-109,1
782,125,342,104,0,66,1
782,126,312,240,0,-182,1
783,0,564,146,0,45,0
783,1,214,471,0,-139,0
783,2,329,415,0,-63,0
783,3,511,134,0,-246,0
783,4,235,632,0,-49,0
783,5,223,243,0,12,0
783,6,16,716,0,-256,0
783,7,604,315,0,-252,0
783,8,498,343,0,-270,0
783,10,151,490,0,-44,0
783,11,682,737,0,78,0
783,12,182,168,0,-149,0
783,13,77,188,0,-186,0
783,14,472,264,0,-248,0
783,15,100,56,0,-172,0
783,16,374,611,0,16,0
783,17,44,582,0,-172,0
783,18,280,284,0,-213,0
783,19,454,707,0,-137,0
783,54,308,247,0,-177,1
783,69,729,51,0,5,1
783,74,419,38,0,-80,0
783,75,544,110,0,-252,0
783,78,588,96,0,79,1
783,85,462,320,0,-93,0
783,89,9,13,0,-106,1
783,99,602,311,0,-85,0
783,100,328,133,0,65,1
783,101,551,467,0,-158,1
783,104,493,702,0,-61,1
783,106,29,707,0,-41,1
783,107,18,690,0,-105,1
783,108,182,268,0,-115,1
783,112,385,648,0,-260,1
783,114,402,622,0,-234,0
783,115,434,124,0,-74,1
783,116,272,550,0,-252,1
783,119,68,121,0,-41,1
783,120,327,699,0,-192,1
783,121,179,665,0,-7,1
783,122,326,240,0,-168,1
783,123,225,129,0,-101,0
783,124,539,491,0,-109,1
783,125,340,102,0,53,1
783,126,312,243,0,-182,1
784,0,562,144,0,45,0
784,1,216,474,0,-139,0
784,2,332,414,0,-63,0
784,3,509,135,0,-246,0
784,4,237,630,0,-49,0
784,5,223,240,0,12,0
784,6,13,716,0,86,0
784,7,601,316,0,-261,0
784,8,495,343,0,-270,0
784,10,153,488,0,-44,0
784,11,679,736,0,78,0
784,12,184,171,0,-149,0
784,13,77,191,0,-186,0
784,14,469,265,0,-248,0
784,15,100,56,0,-172,0
784,16,374,608,0,-4,0
784,17,44,585,0,-172,0
784,18,278,287,0,-213,0
784,19,456,709,0,-137,0
784,54,308,250,0,-177,1
784,69,729,48,0,5,1
784,74,422,37,0,-80,0
784,75,541,111,0,-252,0
784,78,585,95,0,79,1
784,85,465,321,0,-93,0
784,89,12,14,0,-106,1
784,99,605,311,0,-85,0
784,100,325,132,0,65,1
784,101,552,470,0,-158,1
784,104,495,700,0,-61,1
784,106,31,705,0,-41,1
784,107,20,692,0,-129,1
784,108,184,269,0,-115,1
784,112,382,648,0,-260,1
784,114,399,624,0,-234,0
784,115,437,123,0,-74,1
784,116,269,551,0,-252,1
784,119,69,119,0,-31,1
784,120,327,702,0,-192,1
784,121,179,662,0,-7,1
784,122,325,243,0,-188,1
784,123,228,129,0,-101,0
784,124,542,492,0,-109,1
784,125,338,100,0,53,1
784,126,312,246,0,-173,1
785,0,559,143,0,65,0
785,1,218,476,0,-139,0
785,2,335,412,0,-63,0
785,3,506,136,0,-246,0
785,4,239,628,0,-49,0
785,5,221,237,0,41,0
785,6,10,716,0,86,0
785,7,598,316,0,-261,0
785,8,492,343,0,-270,0
785,10,156,486,0,-44,0
785,11,676,736,0,78,0
785,12,185,174,0,-149,0
785,13,77,194,0,-191,0
785,14,466,266,0,-248,0
785,15,100,56,0,-172,0
785,16,374,605,0,-4,0
785,17,45,588,0,-172,0
785,18,276,289,0,-213,0
785,19,458,712,0,-137,0
785,54,308,253,0,-177,1
785,69,728,45,0,5,1
785,74,425,37,0,-80,0
785,75,538,112,0,-252,0
785,78,582,95,0,79,1
785,85,468,321,0,-93,0
785,89,14,15,0,-106,1
785,99,608,311,0,-85,0
785,100,322,130,0,65,1
785,101,553,472,0,-158,1
785,104,498,699,0,-61,1
785,106,33,703,0,-41,1
785,107,22,694,0,-129,1
785,108,187,270,0,-108,1
785,112,379,650,0,-238,1
785,114,397,626,0,-234,0
785,115,440,123,0,-82,1
785,116,267,552,0,-252,1
785,119,71,116,0,-31,1
785,120,326,705,0,-192,1
785,121,179,659,0,-7,1
785,122,325,246,0,-188,1
785,123,231,128,0,-72,0
785,124,545,493,0,-109,1
785,125,335,99,0,49,1
785,126,313,249,0,-173,1
786,0,557,142,0,65,0
786,1,219,478,0,-139,0
786,2,337,411,0,-63,0
786,3,503,137,0,-246,0
786,4,241,626,0,-40,0
786,5,219,235,0,41,0
786,6,7,716,0,86,0
786,7,596,316,0,-261,0
786,8,489,343,0,-270,0
786,10,157,483,0,-31,0
786,11,673,735,0,78,0
786,12,187,176,0,-149,0
786,13,76,197,0,-191,0
786,14,463,267,0,-248,0
786,15,100,56,0,-172,0
786,16,375,602,0,-12,0
786,17,45,591,0,-172,0
786,18,275,292,0,-213,0
786,19,460,714,0,-144,0
786,54,308,256,0,-177,1
786,69,730,42,0,-22,1
786,74,428,36,0,-80,0
786,75,535,113,0,-252,0
786,78,579,94,0,79,1
786,85,471,321,0,-93,0
786,89,17,16,0,-106,1
786,99,611,311,0,-85,0
786,100,320,129,0,65,1
786,101,554,475,0,-158,1
786,104,500,697,0,-61,1
786,106,34,700,0,-15,1
786,107,25,696,0,-129,1
786,108,190,271,0,-103,1
786,112,376,651,0,-247,1
786,114,394,628,0,-234,0
786,115,443,123,0,-82,1
786,116,264,553,0,-252,1
786,119,73,114,0,-50,1
786,120,326,708,0,-192,1
786,121,180,656,0,-7,1
786,122,325,249,0,-188,1
786,123,233,128,0,-72,0
786,124,548,493,0,-92,1
786,125,333,97,0,49,1
786,126,313,252,0,-173,1
787,0,554,140,0,65,0
787,1,221,480,0,-139,0
787,2,340,410,0,-63,0
787,3,500,139,0,-246,0
787,4,242,623,0,-25,0
787,5,217,233,0,41,0
787,6,4,715,0,86,0
787,7,593,316,0,85,0
787,8,486,343,0,-270,0
787,10,159,481,0,-31,0
787,11,670,734,0,78,0
787,12,189,179,0,-149,0
787,13,75,200,0,-191,0
787,14,461,268,0,-248,0
787,15,100,56,0,-172,0
787,16,376,599,0,-12,0
787,17,47,593,0,-147,0
787,18,273,294,0,-213,0
787,19,462,716,0,-144,0
787,54,308,259,0,-177,1
787,69,731,40,0,-22,1
787,74,431,36,0,-80,0
787,75,533,114,0,-252,0
787,78,576,93,0,79,1
787,85,474,320,0,-72,0
787,89,20,16,0,-106,1
787,99,614,310,0,-86,0
787,100,317,128,0,65,1
787,101,555,478,0,-175,1
787,104,503,696,0,-61,1
787,106,34,697,0,-3,1
787,107,27,698,0,-129,1
787,108,193,272,0,-103,1
787,112,374,652,0,-247,1
787,114,392,629,0,-234,0
787,115,446,122,0,-82,1
787,116,261,553,0,-252,1
787,119,76,114,0,-80,1
787,120,325,710,0,-192,1
787,121,180,653,0,-7,1
787,122,324,252,0,-188,1
787,123,236,127,0,-72,0
787,124,551,493,0,-92,1
787,125,331,94,0,31,1
787,126,314,255,0,-173,1
788,0,551,139,0,65,0
788,1,223,483,0,-139,0
788,2,343,408,0,-55,0
788,3,498,140,0,-246,0
788,4,244,620,0,-25,0
788,5,215,231,0,41,0
788,6,1,714,0,56,0
788,7,590,316,0,85,0
788,8,483,343,0,-270,0
788,10,160,478,0,-31,0
788,11,667,734,0,78,0
788,12,189,182,0,-168,0
788,13,76,203,0,-175,0
788,14,458,269,0,-248,0
788,15,100,56,0,-172,0
788,16,376,596,0,-12,0
788,17,49,596,0,-147,0
788,18,271,297,0,-213,0
788,19,463,719,0,-161,0
788,54,310,262,0,-150,1
788,69,732,37,0,-22,1
788,74,434,35,0,-80,0
788,75,530,115,0,-249,0
788,78,573,93,0,79,1
788,85,477,319,0,-72,0
788,89,23,17,0,-106,1
788,99,617,310,0,-86,0
788,100,314,126,0,65,1
788,101,555,481,0,-175,1
788,104,506,695,0,-61,1
788,106,34,694,0,-3,1
788,107,29,700,0,-129,1
788,108,196,272,0,-103,1
788,112,371,653,0,-247,1
788,114,389,631,0,-234,0
788,115,449,122,0,-82,1
788,116,258,554,0,-252,1
788,119,79,113,0,-75,1
788,120,323,713,0,-213,1
788,121,180,650,0,-7,1
788,122,325,255,0,-161,1
788,123,239,126,0,-72,0
788,124,554,493,0,-92,1
788,125,330,91,0,31,1
788,126,313,258,0,-183,1
789,0,548,138,0,65,0
789,1,225,485,0,-139,0
789,2,346,407,0,-82,0
789,3,495,141,0,-246,0
789,4,245,617,0,-25,0
789,5,213,228,0,41,0
789,6,-1,712,0,63,0
789,7,587,316,0,85,0
789,8,480,343,0,-270,0
789,10,162,476,0,-31,0
789,11,664,733,0,78,0
789,12,190,184,0,-154,0
789,13,76,206,0,-175,0
789,14,455,270,0,-248,0
789,15,100,56,0,-172,0
789,16,377,593,0,-12,0
789,17,50,598,0,-147,0
789,18,269,298,0,-242,0
789,19,464,722,0,-161,0
789,54,311,264,0,-150,1
789,69,733,34,0,-22,1
789,74,437,35,0,-80,0
789,75,527,116,0,-249,0
789,78,570,92,0,79,1
789,85,479,318,0,-72,0
789,89,26,18,0,-106,1
789,99,620,310,0,-86,0
789,100,311,125,0,65,1
789,101,555,484,0,-175,1
789,104,508,693,0,-61,1
789,106,34,691,0,-3,1
789,107,32,702,0,-129,1
789,108,199,273,0,-103,1
789,112,368,655,0,-247,1
789,114,387,633,0,-234,0
789,115,452,121,0,-82,1
789,116,256,556,0,-231,1
789,119,82,112,0,-75,1
789,120,322,716,0,-213,1
789,121,181,647,0,-7,1
789,122,326,258,0,-155,1
789,123,242,125,0,-72,0
789,124,557,493,0,-92,1
789,125,328,89,0,31,1
789,126,313,261,0,-183,1
790,0,546,137,0,65,0
790,1,228,486,0,-112,0
790,2,349,407,0,-82,0
790,3,492,142,0,-246,0
790,4,246,615,0,-25,0
790,5,211,226,0,41,0
790,6,747,711,0,63,0
790,7,584,315,0,85,0
790,8,477,343,0,-270,0
790,10,163,473,0,-31,0
790,11,661,732,0,78,0
790,12,192,187,0,-154,0
790,13,76,209,0,-175,0
790,14,452,270,0,83,0
790,15,100,56,0,-172,0
790,16,377,590,0,-12,0
790,17,51,601,0,-157,0
790,18,266,300,0,-242,0
790,19,465,725,0,-161,0
790,54,313,267,0,-150,1
790,69,734,31,0,-22,1
790,74,440,34,0,-80,0
790,75,525,118,0,-237,0
790,78,568,91,0,55,1
790,85,482,317,0,-72,0
790,89,28,20,0,-134,1
790,99,623,310,0,-86,0
790,100,309,124,0,65,1
790,101,556,487,0,-165,1
790,104,511,692,0,-61,1
790,106,34,688,0,-3,1
790,107,34,704,0,-129,1
790,108,202,274,0,-103,1
790,112,365,656,0,-247,1
790,114,384,635,0,-234,0
790,115,454,121,0,-82,1
790,116,253,558,0,-231,1
790,119,85,111,0,-75,1
790,120,320,718,0,-225,1
790,121,181,644,0,-7,1
790,122,328,260,0,-155,1
790,123,245,124,0,-72,0
790,124,560,493,0,-92,1
790,125,327,86,0,31,1
790,126,313,264,0,-183,1
791,0,543,135,0,65,0
791,1,231,487,0,-112,0
791,2,351,407,0,-82,0
791,3,489,143,0,-246,0
791,4,247,612,0,-25,0
791,5,209,223,0,28,0
791,6,745,710,0,63,0
791,7,581,315,0,85,0
791,8,474,343,0,-270,0
791,10,165,470,0,-31,0
791,11,658,732,0,78,0
791,12,193,190,0,-154,0
791,13,78,212,0,-148,0
791,14,449,270,0,83,0
791,15,100,56,0,-172,0
791,16,378,587,0,-12,0
791,17,53,604,0,-157,0
791,18,263,301,0,-252,0
791,19,466,728,0,-160,0
791,54,314,270,0,-150,1
791,69,736,29,0,-28,1
791,74,443,34,0,-80,0
791,75,522,120,0,-237,0
791,78,565,89,0,55,1
791,85,485,316,0,-72,0
791,89,30,22,0,-134,1
791,99,625,309,0,-69,0
791,100,306,122,0,60,1
791,101,557,490,0,-165,1
791,104,513,690,0,-61,1
791,106,35,685,0,-10,1
791,107,36,705,0,-129,1
791,108,205,273,0,-82,1
791,112,363,657,0,-247,1
791,114,383,637,0,-213,0
791,115,457,120,0,-82,1
791,116,252,561,0,-204,1
791,119,88,110,0,-69,1
791,120,317,720,0,-225,1
791,121,180,642,0,22,1
791,122,329,263,0,-155,1
791,123,248,123,0,-72,0
791,124,563,493,0,-92,1
791,125,326,84,0,23,1
791,126,313,267,0,-183,1
792,0,541,134,0,55,0
792,1,234,488,0,-112,0
792,2,354,406,0,-82,0
792,3,487,145,0,-246,0
792,4,249,609,0,-25,0
792,5,208,221,0,28,0
792,6,743,707,0,34,0
792,7,578,315,0,85,0
792,8,471,343,0,-270,0
792,10,167,468,0,-47,0
792,11,655,731,0,78,0
792,12,194,192,0,-154,0
792,13,79,214,0,-148,0
792,14,446,269,0,83,0
792,15,100,56,0,-172,0
792,16,379,584,0,-12,0
792,17,54,606,0,-157,0
792,18,260,301,0,-252,0
792,19,467,730,0,-145,0
792,54,316,272,0,-150,1
792,69,737,26,0,-28,1
792,74,445,34,0,-102,0
792,75,520,122,0,-221,0
792,78,563,87,0,43,1
792,85,488,315,0,-72,0
792,89,32,24,0,-134,1
792,99,628,308,0,-77,0
792,100,304,121,0,60,1
792,101,557,493,0,-165,1
792,104,516,688,0,-44,1
792,106,35,682,0,-10,1
792,107,39,707,0,-129,1
792,108,208,273,0,-82,1
792,112,360,658,0,-247,1
792,114,381,640,0,-213,0
792,115,460,120,0,-82,1
792,116,251,564,0,-204,1
792,119,91,109,0,-69,1
792,120,315,722,0,-225,1
792,121,179,639,0,22,1
792,122,330,266,0,-155,1
792,123,251,122,0,-72,0
792,124,566,493,0,-92,1
792,125,325,81,0,14,1
792,126,313,270,0,-183,1
793,0,538,132,0,55,0
793,1,237,489,0,-112,0
793,2,357,406,0,-82,0
793,3,484,146,0,-246,0
793,4,250,606,0,-25,0
793,5,207,218,0,28,0
793,6,741,705,0,34,0
793,7,575,315,0,85,0
793,8,468,343,0,-270,0
793,10,169,466,0,-41,0
793,11,653,729,0,49,0
793,12,196,195,0,-154,0
793,13,81,217,0,-143,0
793,14,443,269,0,83,0
793,15,100,56,0,-172,0
793,16,379,581,0,-12,0
793,17,55,609,0,-157,0
793,18,258,302,0,-252,0
793,19,469,733,0,-145,0
793,54,317,275,0,-150,1
793,69,738,23,0,-28,1
793,74,448,35,0,-102,0
793,75,518,124,0,-221,0
793,78,561,84,0,43,1
793,85,491,314,0,-71,0
793,89,35,26,0,-134,1
793,99,631,307,0,-77,0
793,100,301,120,0,78,1
793,101,558,496,0,-165,1
793,104,518,686,0,-44,1
793,106,36,679,0,-10,1
793,107,41,709,0,-129,1
793,108,211,273,0,-82,1
793,112,358,660,0,-223,1
793,114,380,642,0,-213,0
793,115,463,120,0,-82,1
793,116,250,566,0,-204,1
793,119,93,108,0,-69,1
793,120,313,724,0,-225,1
793,121,178,636,0,22,1
793,122,332,268,0,-149,1
793,123,254,122,0,-88,0
793,124,569,493,0,-92,1
793,125,324,78,0,14,1
793,126,313,272,0,-183,1
794,0,536,130,0,55,0
794,1,239,491,0,-112,0
794,2,360,405,0,-82,0
794,3,481,147,0,-246,0
794,4,251,604,0,-25,0
794,5,205,215,0,28,0
794,6,740,702,0,34,0
794,7,572,314,0,85,0
794,8,465,343,0,-270,0
794,10,171,464,0,-41,0
794,11,651,727,0,49,0
794,12,197,198,0,-154,0
794,13,83,219,0,-143,0
794,14,440,269,0,83,0
794,15,100,56,0,-172,0
794,16,380,578,0,-12,0
794,17,56,612,0,-157,0
794,18,255,303,0,-252,0
794,19,471,735,0,-145,0
794,54,319,277,0,-150,1
794,69,740,21,0,-28,1
794,74,451,36,0,-107,0
794,75,516,126,0,-230,0
794,78,559,82,0,43,1
794,85,493,313,0,-55,0
794,89,37,28,0,-122,1
794,99,634,307,0,-77,0
794,100,298,120,0,78,1
794,101,559,499,0,-165,1
794,104,520,684,0,-44,1
794,106,36,676,0,-10,1
794,107,43,711,0,-129,1
794,108,214,272,0,-82,1
794,112,356,663,0,-223,1
794,114,378,645,0,-213,0
794,115,466,119,0,-82,1
794,116,248,569,0,-204,1
794,119,96,106,0,-47,1
794,120,311,726,0,-225,1
794,121,177,633,0,22,1
794,122,333,271,0,-149,1
794,123,257,122,0,-88,0
794,124,572,493,0,-92,1
794,125,323,75,0,14,1
794,126,312,275,0,-183,1
795,0,533,128,0,55,0
795,1,242,492,0,-112,0
795,2,363,405,0,-82,0
795,3,478,147,0,-266,0
795,4,253,602,0,-45,0
795,5,204,213,0,28,0
795,6,738,700,0,34,0
795,7,569,314,0,85,0
795,8,462,343,0,-270,0
795,10,173,462,0,-53,0
795,11,649,725,0,49,0
795,12,198,200,0,-154,0
795,13,85,221,0,-143,0
795,14,437,268,0,83,0
795,15,100,56,0,-172,0
795,16,381,576,0,-32,0
795,17,57,615,0,-157,0
795,18,252,304,0,-252,0
795,19,472,738,0,-145,0
795,54,319,280,0,-171,1
795,69,741,18,0,-28,1
795,74,454,37,0,-107,0
795,75,513,128,0,-230,0
795,78,557,80,0,43,1
795,85,496,311,0,-55,0
795,89,40,29,0,-122,1
795,99,637,305,0,-55,0
795,100,295,119,0,78,1
795,101,560,502,0,-165,1
795,104,522,681,0,-44,1
795,106,37,673,0,-9,1
795,107,46,713,0,-129,1
795,108,217,272,0,-82,1
795,112,354,665,0,-223,1
795,114,376,647,0,-213,0
795,115,469,119,0,-82,1
795,116,247,572,0,-204,1
795,119,98,104,0,-50,1
795,120,309,728,0,-225,1
795,121,175,630,0,22,1
795,122,335,274,0,-149,1
795,123,260,122,0,-88,0
795,124,575,493,0,-92,1
795,125,323,72,0,14,1
795,126,312,278,0,-183,1
796,0,531,127,0,55,0
796,1,245,491,0,-86,0
796,2,366,404,0,-82,0
796,3,475,148,0,-266,0
796,4,256,600,0,-45,0
796,5,202,210,0,28,0
796,6,736,697,0,34,0
796,7,566,314,0,85,0
796,8,459,343,0,-260,0
796,10,176,460,0,-53,0
796,11,646,723,0,49,0
796,12,200,203,0,-154,0
796,13,87,224,0,-134,0
796,14,434,268,0,83,0
796,15,100,56,0,-172,0
796,16,383,573,0,-32,0
796,17,58,617,0,-157,0
796,18,249,305,0,-252,0
796,19,474,740,0,-145,0
796,54,320,283,0,-171,1
796,69,743,15,0,-28,1
796,74,457,37,0,-107,0
796,75,511,130,0,-230,0
796,78,555,78,0,43,1
796,85,498,309,0,-55,0
796,89,42,31,0,-122,1
796,99,639,303,0,-55,0
796,100,292,118,0,78,1
796,101,561,504,0,-165,1
796,104,525,680,0,-70,1
796,106,37,670,0,-9,1
796,107,48,715,0,-129,1
796,108,220,271,0,-82,1
796,112,352,667,0,-223,1
796,114,375,650,0,-213,0
796,115,472,118,0,-81,1
796,116,246,575,0,-204,1
796,119,100,102,0,-50,1
796,120,307,730,0,-225,1
796,121,174,628,0,22,1
796,122,336,276,0,-149,1
796,123,263,122,0,-88,0
796,124,578,494,0,-92,1
796,125,322,69,0,14,1
796,126,313,281,0,-162,1
797,0,528,125,0,55,0
797,1,248,491,0,-86,0
797,2,369,405,0,-109,0
797,3,472,148,0,-266,0
797,4,257,597,0,-39,0
797,5,201,207,0,28,0
797,6,736,694,0,5,0
797,7,563,313,0,85,0
797,8,456,344,0,-260,0
797,10,178,459,0,-53,0
797,11,644,721,0,49,0
797,12,202,205,0,-125,0
797,13,89,226,0,-134,0
797,14,431,268,0,83,0
797,15,100,56,0,-172,0
797,16,385,571,0,-32,0
797,17,60,620,0,-157,0
797,18,246,306,0,-252,0
797,19,476,743,0,-145,0
797,54,320,286,0,-171,1
797,69,744,13,0,-28,1
797,74,460,38,0,-107,0
797,75,509,132,0,-230,0
797,78,553,76,0,43,1
797,85,501,307,0,-55,0
797,89,45,33,0,-128,1
797,99,641,302,0,-55,0
797,100,289,118,0,78,1
797,101,561,507,0,-172,1
797,104,527,679,0,-70,1
797,106,38,667,0,-9,1
797,107,51,717,0,-129,1
797,108,223,271,0,-82,1
797,112,350,669,0,-223,1
797,114,372,652,0,-227,0
797,115,475,118,0,-81,1
797,116,245,577,0,-204,1
797,119,102,100,0,-50,1
797,120,305,732,0,-225,1
797,121,173,625,0,22,1
797,122,338,279,0,-149,1
797,123,266,121,0,-84,0
797,124,581,495,0,-114,1
797,125,321,66,0,14,1
797,126,314,284,0,-162,1
798,0,526,123,0,55,0
798,1,251,491,0,-86,0
798,2,372,406,0,-109,0
798,3,469,148,0,-266,0
798,4,259,595,0,-39,0
798,5,199,205,0,28,0
798,6,736,691,0,5,0
798,7,560,313,0,79,0
798,8,453,344,0,-260,0
798,10,181,457,0,-53,0
798,11,642,719,0,49,0
798,12,205,207,0,-125,0
798,13,91,228,0,-134,0
798,14,428,267,0,74,0
798,15,100,56,0,-172,0
798,16,386,568,0,-32,0
798,17,61,623,0,-157,0
798,18,243,307,0,-252,0
798,19,478,745,0,-145,0
798,54,320,289,0,-171,1
798,69,746,10,0,-28,1
798,74,463,39,0,-107,0
798,75,507,134,0,-230,0
798,78,551,74,0,43,1
798,85,503,306,0,-55,0
798,89,46,35,0,-142,1
798,99,644,301,0,-77,0
798,100,286,117,0,78,1
798,101,562,510,0,-172,1
798,104,530,678,0,-70,1
798,106,39,665,0,-20,1
798,107,53,718,0,-129,1
798,108,226,270,0,-70,1
798,112,347,671,0,-223,1
798,114,370,654,0,-227,0
798,115,478,117,0,-81,1
798,116,244,580,0,-204,1
798,119,105,98,0,-50,1
798,120,303,735,0,-225,1
798,121,172,622,0,22,1
798,122,340,281,0,-149,1
798,123,269,121,0,-84,0
798,124,583,496,0,-114,1
798,125,321,63,0,14,1
798,126,315,287,0,-162,1
799,0,523,122,0,55,0
799,1,254,491,0,-86,0
799,2,375,407,0,-109,0
799,3,466,148,0,-266,0
799,4,261,593,0,-44,0
799,5,198,202,0,28,0
799,6,735,688,0,5,0
799,7,557,312,0,75,0
799,8,450,345,0,-256,0
799,10,183,455,0,-64,0
799,11,640,717,0,39,0
799,12,207,208,0,-125,0
799,13,93,230,0,-134,0
799,14,426,266,0,74,0
799,15,100,56,0,-172,0
799,16,388,566,0,-28,0
799,17,62,626,0,-157,0
799,18,240,308,0,-252,0
799,19,479,747,0,-145,0
799,54,321,292,0,-171,1
799,69,747,8,0,-28,1
799,74,466,40,0,-107,0
799,75,504,134,0,-258,0
799,78,549,71,0,41,1
799,85,506,304,0,-62,0
799,89,48,38,0,-142,1
799,99,647,300,0,-77,0
799,100,283,117,0,78,1
799,101,562,513,0,-172,1
799,104,533,677,0,-70,1
799,106,40,662,0,-33,1
799,107,55,720,0,-129,1
799,108,228,269,0,-70,1
799,112,345,673,0,-223,1
799,114,368,656,0,-227,0
799,115,481,117,0,-79,1
799,116,242,583,0,-204,1
799,119,107,96,0,-50,1
799,120,300,737,0,-225,1
799,121,171,619,0,22,1
799,122,341,284,0,-149,1
799,123,272,121,0,-100,0
799,124,586,497,0,-114,1
799,125,320,60,0,14,1
799,126,316,290,0,-162,1
800,0,521,120,0,55,0
800,1,257,491,0,-86,0
800,2,378,408,0,-109,0
800,3,463,147,0,68,0
800,4,263,590,0,-44,0
800,5,197,200,0,28,0
800,6,735,685,0,5,0
800,7,554,311,0,75,0
800,8,447,346,0,-256,0
800,10,186,454,0,-64,0
800,11,638,715,0,39,0
800,12,210,210,0,-125,0
800,13,96,232,0,-134,0
800,14,423,265,0,74,0
800,15,100,56,0,-172,0
800,16,389,563,0,-28,0
800,17,63,628,0,-157,0
800,18,238,309,0,-252,0
800,19,481,750,0,-145,0
800,54,321,295,0,-171,1
800,69,749,5,0,-39,1
800,74,469,41,0,-107,0
800,75,501,135,0,-258,0
800,78,547,69,0,41,1
800,85,508,303,0,-62,0
800,89,51,40,0,-131,1
800,99,650,300,0,-77,0
800,101,562,516,0,-172,1
800,104,536,676,0,-70,1
800,106,42,659,0,-33,1
800,107,58,722,0,-129,1
800,108,231,268,0,-66,1
800,112,343,676,0,-223,1
800,114,366,658,0,-227,0
800,115,484,116,0,-79,1
800,116,241,586,0,-204,1
800,119,109,95,0,-50,1
800,120,298,739,0,-225,1
800,121,170,616,0,22,1
800,122,343,286,0,-149,1
800,123,274,122,0,-100,0
800,124,589,498,0,-114,1
800,125,318,58,0,35,1
800,126,317,293,0,-162,1
801,0,518,118,0,55,0
801,1,260,491,0,-86,0
801,2,380,409,0,-109,0
801,3,460,147,0,87,0
801,4,265,588,0,-44,0
801,5,195,197,0,28,0
801,6,735,682,0,5,0
801,7,551,311,0,75,0
801,8,444,346,0,-256,0
801,10,189,453,0,-64,0
801,11,636,712,0,40,0
801,12,212,212,0,-125,0
801,13,98,234,0,-134,0
801,14,420,263,0,55,0
801,15,100,56,0,-172,0
801,16,390,560,0,-28,0
801,17,64,631,0,-157,0
801,18,235,309,0,88,0
801,19,483,752,0,-145,0
801,54,322,298,0,-171,1
801,69,751,3,0,-39,1
801,74,471,42,0,-107,0
801,75,498,136,0,-258,0
801,78,545,67,0,41,1
801,85,511,301,0,-62,0
801,89,52,42,0,-149,1
801,99,653,299,0,-77,0
801,101,563,519,0,-172,1
801,104,539,675,0,-70,1
801,106,45,658,0,-57,1
801,107,60,724,0,-128,1
801,108,234,268,0,-91,1
801,112,341,677,0,-231,1
801,114,364,660,0,-227,0
801,115,487,116,0,-79,1
801,116,240,588,0,-204,1
801,119,112,93,0,-50,1
801,120,296,741,0,-225,1
801,121,169,614,0,22,1
801,122,344,289,0,-149,1
801,123,277,123,0,-100,0
801,124,592,500,0,-114,1
801,125,317,55,0,35,1
801,126,318,296,0,-162,1
802,0,516,116,0,45,0
802,1,263,490,0,-86,0
802,2,383,410,0,-109,0
802,3,457,147,0,87,0
802,4,268,586,0,-44,0
802,5,194,194,0,26,0
802,6,735,679,0,5,0
802,7,548,310,0,75,0
802,8,441,347,0,-256,0
802,10,191,451,0,-64,0
802,11,634,710,0,40,0
802,12,214,214,0,-130,0
802,13,100,236,0,-134,0
802,14,418,262,0,55,0
802,15,100,56,0,-172,0
802,16,392,558,0,-28,0
802,17,66,634,0,-157,0
802,18,232,309,0,88,0
802,19,485,2,0,-133,0
802,54,322,301,0,-171,1
802,69,2,0,0,-39,1
802,74,474,43,0,-107,0
802,75,495,136,0,89,0
802,78,543,64,0,41,1
802,85,514,300,0,-62,0
802,89,54,45,0,-149,1
802,99,656,299,0,-95,0
802,101,563,522,0,-172,1
802,104,542,674,0,-70,1
802,106,47,656,0,-57,1
802,107,62,726,0,-128,1
802,108,237,268,0,-91,1
802,112,339,679,0,-231,1
802,114,362,662,0,-217,0
802,115,490,115,0,-79,1
802,116,239,591,0,-191,1
802,119,114,91,0,-50,1
802,120,294,743,0,-224,1
802,121,166,612,0,51,1
802,122,346,292,0,-149,1
802,123,280,123,0,-100,0
802,124,594,501,0,-114,1
802,125,316,52,0,10,1
802,126,319,299,0,-162,1
803,0,514,114,0,45,0
803,1,266,490,0,-86,0
803,2,386,412,0,-121,0
803,3,454,147,0,87,0
803,4,270,585,0,-58,0
803,5,193,192,0,26,0
803,6,734,676,0,5,0
803,7,546,308,0,56,0
803,8,438,348,0,-256,0
803,10,194,450,0,-64,0
803,11,632,709,0,63,0
803,12,217,216,0,-130,0
803,13,102,238,0,-134,0
803,14,415,260,0,55,0
803,15,100,56,0,-172,0
803,16,393,555,0,-28,0
803,17,66,637,0,-175,0
803,18,229,309,0,88,0
803,19,487,4,0,-133,0
803,54,323,304,0,-171,1
803,69,4,-2,0,-39,1
803,74,477,43,0,-107,0
803,75,492,136,0,89,0
803,78,541,62,0,41,1
803,85,516,299,0,-62,0
803,89,55,47,0,-149,1
803,99,659,299,0,-95,0
803,101,564,525,0,-172,1
803,104,544,673,0,-70,1
803,106,50,655,0,-57,1
803,107,65,728,0,-128,1
803,108,240,267,0,-71,1
803,112,336,681,0,-231,1
803,114,360,665,0,-217,0
803,115,493,114,0,-61,1
803,116,239,594,0,-191,1
803,119,116,89,0,-50,1
803,120,292,745,0,-220,1
803,121,164,610,0,51,1
803,122,347,294,0,-149,1
803,123,283,124,0,-100,0
803,124,597,502,0,-115,1
803,125,316,49,0,10,1
803,126,320,301,0,-162,1
804,0,512,112,0,45,0
804,1,269,490,0,-86,0
804,2,388,413,0,-121,0
804,3,451,146,0,87,0
804,4,273,583,0,-58,0
804,5,191,189,0,26,0
804,6,734,673,0,5,0
804,7,543,306,0,56,0
804,8,435,349,0,-256,0
804,10,197,449,0,-64,0
804,11,629,707,0,63,0
804,12,219,218,0,-130,0
804,13,104,240,0,-134,0
804,14,413,258,0,55,0
804,15,100,56,0,-172,0
804,16,395,552,0,-28,0
804,17,66,640,0,-170,0
804,18,226,308,0,88,0
804,19,489,6,0,-133,0
804,54,323,307,0,-171,1
804,69,6,748,0,-39,1
804,74,480,44,0,-107,0
804,75,489,136,0,89,0
804,78,539,60,0,41,1
804,85,519,297,0,-62,0
804,89,57,50,0,-149,1
804,99,662,300,0,-95,0
804,101,564,528,0,-172,1
804,104,547,672,0,-70,1
804,106,52,653,0,-57,1
804,107,67,730,0,-128,1
804,108,243,266,0,-71,1
804,112,334,683,0,-231,1
804,114,358,667,0,-217,0
804,115,496,113,0,-83,1
804,116,238,597,0,-191,1
804,119,119,87,0,-50,1
804,120,290,748,0,-220,1
804,121,162,608,0,51,1
804,122,350,296,0,-120,1
804,123,286,124,0,-100,0
804,124,600,503,0,-115,1
804,125,315,46,0,10,1
804,126,320,304,0,-162,1
805,0,510,110,0,45,0
805,1,272,490,0,-86,0
805,2,391,415,0,-121,0
805,3,449,147,0,-250,0
805,4,275,582,0,-63,0
805,5,191,186,0,9,0
805,6,734,670,0,5,0
805,7,541,305,0,56,0
805,8,433,349,0,-256,0
805,10,199,447,0,-64,0
805,11,626,706,0,63,0
805,12,221,220,0,-130,0
805,13,106,242,0,-134,0
805,14,410,256,0,55,0
805,15,100,56,0,-172,0
805,16,396,550,0,-28,0
805,17,67,643,0,-173,0
805,18,223,308,0,88,0
805,19,492,7,0,-109,0
805,54,322,310,0,-195,1
805,69,7,745,0,-39,1
805,74,483,45,0,-107,0
805,75,486,135,0,71,0
805,78,537,58,0,41,1
805,85,522,296,0,-62,0
805,89,58,52,0,-149,1
805,99,665,300,0,-95,0
805,101,565,531,0,-160,1
805,104,550,671,0,-70,1
805,106,55,651,0,-57,1
805,107,69,732,0,-128,1
805,108,246,265,0,-71,1
805,112,332,685,0,-231,1
805,114,356,670,0,-217,0
805,115,499,113,0,-83,1
805,116,238,600,0,-195,1
805,119,121,85,0,-50,1
805,120,288,750,0,-229,1
805,121,159,606,0,51,1
805,122,352,297,0,-120,1
805,123,289,125,0,-100,0
805,124,603,505,0,-115,1
805,125,314,43,0,10,1
805,126,321,307,0,-162,1
806,0,508,108,0,45,0
806,1,275,490,0,-86,0
806,2,394,416,0,-121,0
806,3,446,148,0,-250,0
806,4,278,580,0,-63,0
806,5,190,183,0,9,0
806,6,733,667,0,5,0
806,7,538,303,0,56,0
806,8,430,350,0,-256,0
806,10,202,446,0,-64,0
806,11,624,704,0,63,0
806,12,224,221,0,-130,0
806,13,108,244,0,-134,0
806,14,408,255,0,55,0
806,15,100,56,0,-172,0
806,16,398,547,0,-29,0
806,17,67,646,0,-173,0
806,18,220,308,0,88,0
806,19,495,8,0,-109,0
806,54,322,313,0,-195,1
806,69,9,743,0,-39,1
806,74,486,46,0,-107,0
806,75,483,134,0,71,0
806,78,535,55,0,41,1
806,85,524,295,0,-62,0
806,89,61,54,0,-126,1
806,99,668,300,0,-95,0
806,101,566,534,0,-160,1
806,104,553,670,0,-70,1
806,106,57,649,0,-44,1
806,107,72,733,0,-128,1
806,108,248,264,0,-71,1
806,112,329,687,0,-231,1
806,114,355,672,0,-217,0
806,115,502,113,0,-83,1
806,116,236,602,0,-221,1
806,119,123,83,0,-50,1
806,120,285,750,0,-257,1
806,121,157,604,0,51,1
806,122,355,299,0,-120,1
806,123,292,125,0,-100,0
806,124,605,506,0,-115,1
806,125,314,41,0,10,1
806,126,322,310,0,-160,1
807,0,505,106,0,67,0
807,1,278,489,0,-86,0
807,2,396,418,0,-121,0
807,3,443,149,0,-250,0
807,4,281,579,0,-63,0
807,5,190,180,0,9,0
807,6,733,664,0,5,0
807,7,536,301,0,56,0
807,8,427,351,0,-256,0
807,10,205,446,0,-91,0
807,11,622,702,0,45,0
807,12,226,223,0,-130,0
807,13,111,247,0,-134,0
807,14,406,253,0,55,0
807,15,100,56,0,-172,0
807,16,399,544,0,-29,0
807,17,67,649,0,-190,0
807,18,217,308,0,-266,0
807,19,498,9,0,-109,0
807,54,322,316,0,-174,1
807,69,11,741,0,-39,1
807,74,489,46,0,-84,0
807,75,480,133,0,71,0
807,78,533,53,0,41,1
807,85,527,293,0,-62,0
807,89,63,56,0,-126,1
807,99,671,301,0,-95,0
807,101,568,536,0,-135,1
807,104,556,669,0,-70,1
807,106,59,647,0,-44,1
807,107,74,735,0,-132,1
807,108,251,263,0,-71,1
807,112,327,689,0,-231,1
807,114,353,674,0,-217,0
807,115,505,112,0,-83,1
807,116,234,605,0,-221,1
807,119,126,81,0,-50,1
807,120,282,1,0,-257,1
807,121,155,602,0,51,1
807,122,358,300,0,-120,1
807,123,295,126,0,-100,0
807,124,608,507,0,-115,1
807,125,313,38,0,10,1
807,126,323,313,0,-160,1
808,0,502,105,0,67,0
808,1,281,489,0,-86,0
808,2,399,420,0,-121,0
808,3,440,150,0,-250,0
808,4,283,578,0,-63,0
808,5,189,177,0,9,0
808,6,733,661,0,5,0
808,7,533,301,0,80,0
808,8,424,352,0,-256,0
808,10,208,446,0,-91,0
808,11,619,700,0,45,0
808,12,228,225,0,-130,0
808,13,113,249,0,-134,0
808,14,403,251,0,55,0
808,15,100,56,0,-172,0
808,16,400,542,0,-29,0
808,17,68,652,0,-164,0
808,18,214,309,0,-259,0
808,19,501,10,0,-109,0
808,54,322,319,0,-174,1
808,69,13,738,0,-39,1
808,74,492,45,0,-84,0
808,75,477,132,0,71,0
808,78,531,51,0,41,1
808,85,530,293,0,-82,0
808,89,66,58,0,-126,1
808,99,674,301,0,-95,0
808,101,570,538,0,-135,1
808,104,559,668,0,-70,1
808,106,61,645,0,-44,1
808,107,76,737,0,-132,1
808,108,254,261,0,-48,1
808,112,324,689,0,-258,1
808,114,351,677,0,-217,0
808,115,508,112,0,-83,1
808,116,232,607,0,-221,1
808,119,128,79,0,-50,1
808,120,279,1,0,-257,1
808,121,152,601,0,51,1
808,122,360,302,0,-138,1
808,123,298,126,0,-100,0
808,124,611,508,0,-115,1
808,125,313,35,0,10,1
808,126,324,316,0,-160,1
809,0,500,104,0,67,0
809,1,284,489,0,-86,0
809,2,401,421,0,-121,0
809,3,437,151,0,-250,0
809,4,286,576,0,-63,0
809,5,189,174,0,9,0
809,6,731,659,0,29,0
809,7,530,300,0,80,0
809,8,421,352,0,-256,0
809,10,211,446,0,-91,0
809,11,617,698,0,45,0
809,12,230,227,0,-130,0
809,13,115,251,0,-134,0
809,14,401,249,0,55,0
809,15,100,56,0,-172,0
809,16,402,539,0,-29,0
809,17,68,655,0,-164,0
809,18,211,311,0,-230,0
809,19,504,11,0,-101,0
809,54,322,322,0,-192,1
809,69,15,736,0,-39,1
809,74,495,45,0,-84,0
809,75,474,131,0,80,0
809,78,529,50,0,63,1
809,85,533,292,0,-82,0
809,89,68,60,0,-126,1
809,99,677,301,0,-95,0
809,101,572,540,0,-135,1
809,104,561,667,0,-70,1
809,107,77,740,0,-155,1
809,108,256,259,0,-48,1
809,112,321,690,0,-258,1
809,114,349,679,0,-217,0
809,116,230,609,0,-221,1
809,119,131,78,0,-69,1
809,120,276,2,0,-250,1
809,121,150,599,0,51,1
809,122,362,305,0,-138,1
809,123,301,127,0,-100,0
809,124,613,510,0,-116,1
809,125,312,32,0,10,1
809,126,326,318,0,-160,1
810,0,497,103,0,67,0
810,1,287,490,0,-105,0
810,2,404,423,0,-121,0
810,3,434,152,0,-250,0
810,4,288,574,0,-45,0
810,5,188,171,0,9,0
810,6,730,656,0,29,0
810,7,527,299,0,71,0
810,8,418,353,0,-256,0
810,10,214,446,0,-91,0
810,11,615,696,0,45,0
810,12,233,229,0,-130,0
810,13,117,253,0,-134,0
810,14,398,248,0,55,0
810,15,100,56,0,-172,0
810,16,403,537,0,-29,0
810,17,69,657,0,-164,0
810,18,209,313,0,-230,0
810,19,507,11,0,-101,0
810,54,321,325,0,-192,1
810,69,17,734,0,-51,1
810,74,498,44,0,-74,0
810,75,472,131,0,80,0
810,78,526,49,0,70,1
810,85,536,292,0,-82,0
810,89,70,62,0,-146,1
810,99,680,301,0,-95,0
810,101,575,542,0,-135,1
810,104,564,666,0,-70,1
810,107,79,743,0,-156,1
810,108,258,257,0,-48,1
810,112,318,691,0,-258,1
810,114,347,682,0,-217,0
810,116,228,611,0,-221,1
810,119,133,76,0,-45,1
810,120,274,3,0,-250,1
810,121,148,597,0,51,1
810,122,364,307,0,-138,1
810,123,304,127,0,-100,0
810,124,616,511,0,-116,1
810,125,312,29,0,10,1
810,126,327,321,0,-160,1
811,0,494,102,0,67,0
811,1,290,490,0,-103,0
811,2,407,424,0,-121,0
811,3,431,152,0,83,0
811,4,290,572,0,-45,0
811,5,188,168,0,9,0
811,6,729,653,0,29,0
811,7,524,298,0,71,0
811,8,415,354,0,-256,0
811,10,217,446,0,-91,0
811,11,613,694,0,45,0
811,12,235,231,0,-130,0
811,13,119,255,0,-134,0
811,14,396,246,0,55,0
811,15,100,56,0,-172,0
811,16,405,534,0,-29,0
811,17,70,660,0,-164,0
811,18,207,315,0,-230,0
811,19,509,12,0,-101,0
811,54,320,328,0,-192,1
811,69,20,732,0,-51,1
811,74,501,44,0,-79,0
811,75,469,130,0,80,0
811,78,523,48,0,70,1
811,85,539,291,0,-82,0
811,89,71,65,0,-146,1
811,99,683,302,0,-95,0
811,101,577,544,0,-135,1
811,104,567,665,0,-70,1
811,107,81,745,0,-127,1
811,108,260,255,0,-48,1
811,112,315,691,0,-258,1
811,114,346,684,0,-217,0
811,116,226,614,0,-221,1
811,119,135,74,0,-45,1
811,120,271,4,0,-250,1
811,121,145,595,0,51,1
811,122,365,310,0,-161,1
811,123,307,128,0,-100,0
811,124,619,512,0,-116,1
811,125,311,26,0,10,1
811,126,328,324,0,-160,1
812,0,491,101,0,67,0
812,1,293,490,0,-76,0
812,2,410,424,0,-92,0
812,3,429,152,0,81,0
812,4,292,570,0,-45,0
812,5,189,165,0,-12,0
812,6,727,651,0,29,0
812,7,521,297,0,71,0
812,8,412,355,0,-256,0
812,10,220,447,0,-91,0
812,11,610,693,0,70,0
812,12,237,233,0,-130,0
812,13,121,257,0,-134,0
812,14,394,244,0,38,0
812,15,100,56,0,-172,0
812,16,406,531,0,-29,0
812,17,70,663,0,-182,0
812,18,205,317,0,-230,0
812,19,512,13,0,-109,0
812,54,320,330,0,-192,1
812,69,22,730,0,-51,1
812,74,503,43,0,-79,0
812,75,466,130,0,80,0
812,78,520,46,0,70,1
812,85,542,291,0,-82,0
812,89,73,67,0,-146,1
812,99,686,302,0,-95,0
812,101,579,547,0,-135,1
812,104,570,664,0,-70,1
812,107,83,747,0,-127,1
812,108,263,253,0,-48,1
812,112,312,692,0,-258,1
812,114,344,686,0,-218,0
812,116,224,616,0,-221,1
812,119,137,72,0,-45,1
812,120,268,5,0,-250,1
812,121,143,593,0,51,1
812,122,365,313,0,-177,1
812,123,310,128,0,-100,0
812,124,621,514,0,-125,1
812,125,311,23,0,10,1
812,126,329,327,0,-160,1
813,0,489,99,0,67,0
813,1,296,489,0,-76,0
813,2,413,425,0,-103,0
813,3,426,151,0,81,0
813,4,294,567,0,-25,0
813,5,189,162,0,-12,0
813,6,726,648,0,29,0
813,7,518,296,0,71,0
813,8,409,355,0,88,0
813,10,223,447,0,-91,0
813,11,607,692,0,70,0
813,12,240,235,0,-130,0
813,13,123,259,0,-134,0
813,14,392,241,0,38,0
813,15,100,56,0,-172,0
813,16,408,529,0,-29,0
813,17,70,666,0,-182,0
813,18,203,319,0,-217,0
813,19,515,13,0,-103,0
813,54,319,333,0,-192,1
813,69,24,728,0,-51,1
813,74,506,42,0,-79,0
813,75,463,129,0,80,0
813,78,517,45,0,61,1
813,85,545,291,0,-82,0
813,89,75,70,0,-146,1
813,99,689,302,0,-95,0
813,101,581,549,0,-135,1
813,104,573,663,0,-70,1
813,107,86,748,0,-127,1
813,108,265,251,0,-48,1
813,112,309,692,0,-258,1
813,114,342,689,0,-218,0
813,116,222,618,0,-221,1
813,119,139,70,0,-50,1
813,120,265,6,0,-250,1
813,121,141,591,0,51,1
813,122,365,316,0,-177,1
813,123,313,129,0,-100,0
813,124,624,516,0,-125,1
813,125,311,20,0,-11,1
813,126,330,330,0,-160,1
814,0,486,98,0,67,0
814,1,299,488,0,-76,0
814,2,415,426,0,-119,0
814,3,423,151,0,81,0
814,4,295,564,0,-25,0
814,5,190,159,0,-12,0
814,6,724,646,0,29,0
814,7,516,295,0,71,0
814,8,406,355,0,88,0
814,10,226,447,0,-91,0
814,11,604,691,0,70,0
814,12,242,237,0,-130,0
814,13,126,261,0,-134,0
814,14,390,239,0,38,0
814,15,100,56,0,-172,0
814,16,409,526,0,-29,0
814,17,70,669,0,-177,0
814,18,200,321,0,-237,0
814,19,518,14,0,-103,0
814,54,319,336,0,-192,1
814,69,25,726,0,-23,1
814,74,509,42,0,-79,0
814,75,460,129,0,-265,0
814,85,548,290,0,-82,0
814,89,76,72,0,-146,1
814,99,692,303,0,-95,0
814,101,583,551,0,-135,1
814,104,575,662,0,-70,1
814,107,88,750,0,-127,1
814,108,267,249,0,-48,1
814,112,306,693,0,-258,1
814,114,340,691,0,-218,0
814,116,220,620,0,-221,1
814,119,142,68,0,-50,1
814,120,262,8,0,-250,1
814,121,138,589,0,51,1
814,122,365,319,0,-185,1
814,123,316,129,0,-90,0
814,124,625,518,0,-153,1
814,125,312,17,0,-11,1
814,126,330,333,0,-178,1
815,0,483,97,0,67,0
815,1,301,487,0,-76,0
815,2,418,428,0,-119,0
815,3,420,150,0,81,0
815,4,296,562,0,-25,0
815,5,191,156,0,-12,0
815,6,723,643,0,29,0
815,7,513,294,0,71,0
815,8,403,354,0,88,0
815,10,229,447,0,-91,0
815,11,602,690,0,70,0
815,12,244,239,0,-130,0
815,13,128,263,0,-134,0
815,14,388,237,0,38,0
815,15,100,56,0,-172,0
815,16,411,523,0,-29,0
815,17,70,672,0,-177,0
815,18,198,322,0,-237,0
815,19,521,14,0,-88,0
815,54,318,339,0,-192,1
815,69,27,723,0,-23,1
815,74,512,40,0,-61,0
815,75,457,130,0,-265,0
815,85,551,290,0,-82,0
815,89,78,74,0,-145,1
815,99,695,303,0,-95,0
815,101,586,552,0,-114,1
815,104,578,661,0,-70,1
815,107,91,2,0,-127,1
815,108,269,247,0,-48,1
815,112,304,694,0,-241,1
815,114,338,693,0,-218,0
815,116,218,623,0,-212,1
815,119,144,66,0,-50,1
815,120,259,9,0,-250,1
815,121,135,589,0,78,1
815,122,364,322,0,-185,1
815,123,319,129,0,-90,0
815,124,626,521,0,-153,1
815,125,313,14,0,-11,1
815,126,330,336,0,-178,1
816,0,480,96,0,67,0
816,1,304,487,0,-76,0
816,2,420,429,0,-119,0
816,3,417,150,0,81,0
816,4,297,559,0,-25,0
816,5,191,153,0,-12,0
816,6,722,640,0,12,0
816,7,510,293,0,71,0
816,8,400,354,0,88,0
816,10,232,447,0,-91,0
816,11,599,689,0,71,0
816,12,247,241,0,-130,0
816,13,130,265,0,-134,0
816,14,386,235,0,52,0
816,15,100,56,0,-172,0
816,16,412,521,0,-29,0
816,17,70,675,0,-177,0
816,18,195,324,0,-237,0
816,19,524,14,0,-88,0
816,54,317,342,0,-192,1
816,69,28,720,0,-23,1
816,74,515,39,0,-61,0
816,75,454,130,0,-265,0
816,85,554,289,0,-82,0
816,89,79,77,0,-152,1
816,99,698,303,0,-95,0
816,101,589,553,0,-114,1
816,104,581,660,0,-70,1
816,107,92,5,0,-155,1
816,108,271,245,0,-48,1
816,112,302,697,0,-216,1
816,114,336,696,0,-218,0
816,116,217,626,0,-212,1
816,119,146,64,0,-50,1
816,120,257,10,0,-243,1
816,121,132,588,0,78,1
816,122,364,325,0,-185,1
816,123,322,129,0,-90,0
816,124,627,524,0,-162,1
816,125,313,11,0,-11,1
816,126,330,339,0,-178,1
817,0,477,95,0,67,0
817,1,307,486,0,-76,0
817,2,423,431,0,-119,0
817,3,414,149,0,81,0
817,4,299,556,0,-25,0
817,5,192,150,0,-12,0
817,6,722,637,0,12,0
817,7,507,292,0,71,0
817,8,397,354,0,88,0
817,10,235,447,0,-91,0
817,11,596,688,0,71,0
817,12,249,242,0,-113,0
817,13,132,268,0,-134,0
817,14,384,233,0,52,0
817,15,100,56,0,-172,0
817,16,413,518,0,-26,0
817,17,70,678,0,-177,0
817,18,193,326,0,-237,0
817,19,527,14,0,-88,0
817,54,316,345,0,-205,1
817,69,29,717,0,-23,1
817,74,517,37,0,-61,0
817,75,451,131,0,-242,0
817,85,557,289,0,-82,0
817,89,79,80,0,-180,1
817,99,701,303,0,-84,0
817,101,591,554,0,-114,1
817,104,584,659,0,-70,1
817,107,93,7,0,-155,1
817,108,274,243,0,-48,1
817,112,302,700,0,-188,1
817,114,334,698,0,-216,0
817,116,215,628,0,-212,1
817,119,149,62,0,-50,1
817,120,254,11,0,-243,1
817,121,130,587,0,61,1
817,122,364,328,0,-185,1
817,123,325,129,0,-90,0
817,124,629,526,0,-148,1
817,125,314,8,0,-11,1
817,126,329,341,0,-197,1
818,0,475,93,0,67,0
818,1,310,485,0,-76,0
818,2,426,432,0,-119,0
818,3,411,149,0,81,0
818,4,300,553,0,-25,0
818,5,193,148,0,-12,0
818,6,721,634,0,12,0
818,7,504,291,0,71,0
818,8,394,354,0,88,0
818,10,238,447,0,-91,0
818,11,593,687,0,71,0
818,12,252,243,0,-113,0
818,13,134,270,0,-134,0
818,14,381,231,0,52,0
818,15,100,56,0,-172,0
818,16,415,515,0,-26,0
818,17,71,681,0,-177,0
818,18,191,328,0,-216,0
818,19,530,13,0,-78,0
818,54,315,348,0,-205,1
818,69,30,715,0,-23,1
818,74,520,36,0,-61,0
818,75,448,133,0,-240,0
818,85,560,288,0,-82,0
818,89,79,83,0,-180,1
818,99,704,302,0,-71,0
818,101,594,555,0,-96,1
818,104,587,658,0,-70,1
818,107,94,10,0,-155,1
818,108,276,241,0,-48,1
818,112,301,703,0,-188,1
818,114,333,701,0,-216,0
818,116,213,631,0,-212,1
818,119,151,60,0,-50,1
818,120,251,13,0,-243,1
818,121,127,585,0,61,1
818,122,364,331,0,-169,1
818,123,328,129,0,-90,0
818,124,630,529,0,-148,1
818,125,314,5,0,2,1
818,126,328,344,0,-197,1
819,0,472,92,0,67,0
819,1,313,484,0,-76,0
819,2,428,433,0,-119,0
819,3,408,148,0,81,0
819,4,300,550,0,5,0
819,5,193,145,0,-12,0
819,6,720,631,0,12,0
819,7,501,290,0,71,0
819,8,391,354,0,88,0
819,10,241,448,0,-106,0
819,11,590,686,0,67,0
819,12,254,245,0,-135,0
819,13,136,272,0,-134,0
819,14,379,229,0,44,0
819,15,100,56,0,-172,0
819,16,416,513,0,-26,0
819,17,71,684,0,-177,0
819,18,189,331,0,-211,0
819,19,533,14,0,-102,0
819,54,314,350,0,-205,1
819,69,31,712,0,-23,1
819,74,523,35,0,-61,0
819,75,446,134,0,-240,0
819,85,563,288,0,-82,0
819,89,79,86,0,-180,1
819,99,707,301,0,-71,0
819,101,597,555,0,-96,1
819,104,590,657,0,-70,1
819,107,96,13,0,-155,1
819,108,278,239,0,-48,1
819,112,301,706,0,-188,1
819,114,330,702,0,-234,0
819,116,212,633,0,-212,1
819,119,153,58,0,-50,1
819,120,249,14,0,-243,1
819,121,125,584,0,61,1
819,122,365,333,0,-169,1
819,123,331,129,0,-90,0
819,124,632,532,0,-152,1
819,125,313,2,0,2,1
819,126,327,347,0,-197,1
820,0,469,92,0,77,0
820,1,316,484,0,-76,0
820,2,431,435,0,-119,0
820,3,405,148,0,81,0
820,4,299,547,0,5,0
820,5,194,142,0,-12,0
820,6,719,628,0,19,0
820,7,499,291,0,-264,0
820,8,388,354,0,88,0
820,10,244,449,0,-106,0
820,11,588,685,0,67,0
820,12,256,247,0,-135,0
820,13,139,274,0,-134,0
820,14,377,227,0,44,0
820,15,100,56,0,-172,0
820,16,419,511,0,-56,0
820,17,71,687,0,-177,0
820,18,188,333,0,-211,0
820,19,536,14,0,-102,0
820,54,312,353,0,-205,1
820,69,33,709,0,-23,1
820,74,525,33,0,-61,0
820,75,443,136,0,-240,0
820,85,566,288,0,-88,0
820,89,80,89,0,-180,1
820,99,709,300,0,-71,0
820,101,600,555,0,-96,1
820,104,592,656,0,-70,1
820,107,97,15,0,-155,1
820,108,280,237,0,-48,1
820,112,300,709,0,-188,1
820,114,328,704,0,-234,0
820,116,210,636,0,-212,1
820,119,155,56,0,-33,1
820,120,246,15,0,-243,1
820,121,122,582,0,61,1
820,122,365,336,0,-169,1
820,123,334,129,0,-90,0
820,124,633,534,0,-152,1
820,125,313,-1,0,2,1
820,126,327,350,0,-197,1
821,0,466,91,0,77,0
821,1,319,483,0,-76,0
821,2,434,436,0,-119,0
821,3,402,148,0,81,0
821,4,299,544,0,5,0
821,5,194,139,0,-12,0
821,6,718,626,0,19,0
821,7,496,291,0,-259,0
821,8,385,354,0,82,0
821,10,247,449,0,-103,0
821,11,585,683,0,67,0
821,12,258,249,0,-135,0
821,13,141,276,0,-134,0
821,14,375,224,0,44,0
821,15,100,56,0,-172,0
821,16,421,509,0,-56,0
821,17,71,690,0,-177,0
821,18,186,336,0,-211,0
821,19,539,15,0,-102,0
821,54,310,355,0,-232,1
821,69,34,706,0,-23,1
821,74,527,31,0,-46,0
821,75,441,137,0,-240,0
821,85,569,288,0,-88,0
821,89,80,92,0,-180,1
821,99,712,299,0,-71,0
821,101,603,556,0,-96,1
821,104,595,655,0,-70,1
821,107,99,17,0,-136,1
821,108,283,235,0,-48,1
821,112,300,712,0,-188,1
821,114,325,706,0,-234,0
821,116,209,638,0,-212,1
821,119,157,54,0,-59,1
821,120,244,17,0,-234,1
821,121,119,581,0,61,1
821,122,366,339,0,-169,1
821,123,337,129,0,-90,0
821,124,635,537,0,-152,1
821,125,314,747,0,-7,1
821,126,326,353,0,-197,1
822,0,463,90,0,77,0
822,1,322,482,0,-76,0
822,2,436,438,0,-119,0
822,3,399,149,0,-250,0
822,4,299,542,0,5,0
822,5,195,136,0,-12,0
822,6,718,623,0,10,0
822,7,493,292,0,-259,0
822,8,382,353,0,82,0
822,10,250,450,0,-103,0
822,11,582,682,0,67,0
822,12,261,252,0,-135,0
822,13,143,278,0,-134,0
822,14,373,222,0,44,0
822,15,100,56,0,-172,0
822,16,424,508,0,-56,0
822,17,71,693,0,-177,0
822,18,185,338,0,-211,0
822,19,542,16,0,-102,0
822,54,308,357,0,-232,1
822,69,35,704,0,-23,1
822,74,529,29,0,-46,0
822,75,438,138,0,-260,0
822,85,572,288,0,-88,0
822,89,80,95,0,-180,1
822,99,715,298,0,-70,0
822,101,606,556,0,-96,1
822,104,598,654,0,-70,1
822,107,101,20,0,-136,1
822,108,285,233,0,-48,1
822,112,299,715,0,-188,1
822,114,323,708,0,-234,0
822,116,207,641,0,-203,1
822,119,160,53,0,-59,1
822,120,241,19,0,-234,1
822,121,117,579,0,61,1
822,122,367,342,0,-169,1
822,123,340,129,0,-90,0
822,124,636,540,0,-152,1
822,125,314,744,0,-7,1
822,126,325,356,0,-197,1
823,0,460,90,0,77,0
823,1,325,481,0,-76,0
823,2,439,439,0,-119,0
823,3,396,148,0,81,0
823,4,299,539,0,5,0
823,5,195,133,0,5,0
823,6,717,620,0,10,0
823,7,490,292,0,-259,0
823,8,379,353,0,82,0
823,10,253,451,0,-103,0
823,11,579,681,0,67,0
823,12,263,254,0,-135,0
823,13,146,279,0,-112,0
823,14,371,220,0,44,0
823,15,100,56,0,-172,0
823,16,426,506,0,-56,0
823,17,71,696,0,-177,0
823,18,182,340,0,-228,0
823,19,545,16,0,-102,0
823,54,305,358,0,-244,1
823,69,36,701,0,-23,1
823,74,532,27,0,-46,0
823,75,435,138,0,-260,0
823,85,574,289,0,-117,0
823,89,80,98,0,-180,1
823,99,718,297,0,-70,0
823,101,609,556,0,-96,1
823,104,601,653,0,-70,1
823,107,104,21,0,-126,1
823,108,288,232,0,-71,1
823,112,299,718,0,-188,1
823,114,320,709,0,-234,0
823,116,206,644,0,-203,1
823,119,162,51,0,-59,1
823,120,239,21,0,-234,1
823,121,114,578,0,61,1
823,122,368,345,0,-146,1
823,123,343,128,0,-76,0
823,124,637,542,0,-152,1
823,125,314,741,0,2,1
823,126,324,359,0,-197,1
824,0,457,89,0,77,0
824,1,328,481,0,-76,0
824,2,441,441,0,-119,0
824,3,393,148,0,81,0
824,4,299,536,0,-7,0
824,5,194,130,0,5,0
824,6,717,617,0,10,0
824,7,487,293,0,-264,0
824,8,376,352,0,82,0
824,10,256,451,0,-103,0
824,11,577,680,0,67,0
824,12,265,256,0,-135,0
824,13,148,280,0,-112,0
824,14,369,218,0,44,0
824,15,100,56,0,-172,0
824,16,428,504,0,-56,0
824,17,72,699,0,-177,0
824,18,180,342,0,-228,0
824,19,548,17,0,-102,0
824,54,302,359,0,-244,1
824,69,37,698,0,-23,1
824,74,534,25,0,-46,0
824,75,432,139,0,-260,0
824,85,577,290,0,-117,0
824,89,80,101,0,-180,1
824,99,721,296,0,-70,0
824,101,612,557,0,-96,1
824,104,604,652,0,-70,1
824,107,106,23,0,-126,1
824,108,290,230,0,-60,1
824,112,299,721,0,-188,1
824,114,318,711,0,-234,0
824,116,205,646,0,-203,1
824,119,165,50,0,-59,1
824,120,236,23,0,-234,1
824,121,111,576,0,61,1
824,122,370,347,0,-146,1
824,123,346,128,0,-76,0
824,124,639,545,0,-152,1
824,125,314,738,0,2,1
824,126,323,362,0,-197,1
825,0,454,88,0,77,0
825,1,330,480,0,-76,0
825,2,444,442,0,-119,0
825,3,390,147,0,81,0
825,4,299,533,0,-7,0
825,5,194,127,0,5,0
825,6,716,614,0,10,0
825,7,484,293,0,-264,0
825,8,373,352,0,82,0
825,10,259,452,0,-103,0
825,11,574,679,0,67,0
825,12,266,259,0,-157,0
825,13,151,281,0,-106,0
825,14,367,215,0,31,0
825,15,100,56,0,-172,0
825,16,431,503,0,-56,0
825,17,72,702,0,-177,0
825,18,178,344,0,-228,0
825,19,551,16,0,-73,0
825,54,299,361,0,-244,1
825,69,38,695,0,-23,1
825,74,536,23,0,-46,0
825,75,429,138,0,79,0
825,85,579,293,0,-146,0
825,89,79,104,0,-182,1
825,99,724,295,0,-70,0
825,101,615,557,0,-92,1
825,104,607,651,0,-70,1
825,107,108,25,0,-126,1
825,108,293,229,0,-60,1
825,112,298,724,0,-188,1
825,114,316,713,0,-234,0
825,116,204,649,0,-203,1
825,119,168,48,0,-59,1
825,120,234,23,0,-258,1
825,121,109,575,0,61,1
825,122,372,350,0,-146,1
825,123,349,127,0,-76,0
825,124,640,548,0,-152,1
825,125,314,735,0,2,1
825,126,322,364,0,-197,1
826,0,452,88,0,77,0
826,1,333,479,0,-72,0
826,2,447,444,0,-119,0
826,3,387,147,0,81,0
826,4,300,530,0,-10,0
826,5,194,124,0,5,0
826,6,716,611,0,10,0
826,7,481,293,0,-264,0
826,8,370,351,0,82,0
826,10,261,453,0,-103,0
826,11,572,677,0,46,0
826,12,267,261,0,-157,0
826,13,154,282,0,-106,0
826,14,366,213,0,31,0
826,15,100,56,0,-172,0
826,16,433,501,0,-56,0
826,17,73,705,0,-157,0
826,18,176,346,0,-228,0
826,19,553,15,0,-73,0
826,54,297,362,0,-244,1
826,69,40,692,0,-23,1
826,74,538,21,0,-46,0
826,75,426,138,0,79,0
826,85,580,295,0,-146,0
826,89,79,107,0,-182,1
826,99,726,294,0,-70,0
826,101,618,557,0,-92,1
826,104,609,651,0,-78,1
826,107,111,27,0,-126,1
826,108,296,227,0,-60,1
826,112,298,727,0,-188,1
826,114,313,715,0,-234,0
826,116,203,652,0,-203,1
826,119,170,47,0,-59,1
826,120,231,24,0,-258,1
826,121,106,574,0,61,1
826,122,373,352,0,-146,1
826,123,352,126,0,-76,0
826,124,642,550,0,-152,1
826,125,314,732,0,2,1
826,126,321,367,0,-197,1
827,0,449,87,0,77,0
827,1,336,479,0,-84,0
827,2,450,444,0,-98,0
827,3,384,147,0,90,0
827,4,300,527,0,-3,0
827,5,194,121,0,5,0
827,6,715,608,0,10,0
827,7,478,294,0,-264,0
827,8,367,351,0,82,0
827,10,264,454,0,-110,0
827,11,570,674,0,46,0
827,12,268,264,0,-157,0
827,13,157,283,0,-106,0
827,14,364,210,0,31,0
827,15,100,56,0,-172,0
827,16,436,499,0,-56,0
827,17,74,708,0,-157,0
827,18,173,348,0,-238,0
827,19,556,14,0,-73,0
827,54,294,363,0,-244,1
827,69,41,690,0,-23,1
827,74,540,19,0,-46,0
827,75,423,137,0,79,0
827,85,582,298,0,-146,0
827,89,78,110,0,-199,1
827,99,729,293,0,-70,0
827,101,621,556,0,-69,1
827,104,612,651,0,-101,1
827,107,113,28,0,-126,1
827,108,298,226,0,-60,1
827,112,297,730,0,-188,1
827,114,311,716,0,-234,0
827,116,201,655,0,-203,1
827,119,173,45,0,-59,1
827,120,228,24,0,-258,1
827,121,104,572,0,61,1
827,122,375,355,0,-146,1
827,123,354,126,0,-76,0
827,124,643,553,0,-152,1
827,125,313,729,0,2,1
827,126,320,370,0,-197,1
828,0,446,86,0,66,0
828,1,339,478,0,-84,0
828,2,453,444,0,-98,0
828,3,381,147,0,90,0
828,4,300,524,0,-3,0
828,5,193,118,0,5,0
828,6,715,605,0,10,0
828,7,475,294,0,-264,0
828,8,365,351,0,82,0
828,10,267,455,0,-110,0
828,11,567,673,0,60,0
828,12,269,267,0,-171,0
828,13,160,283,0,-106,0
828,14,363,207,0,14,0
828,15,100,56,0,-172,0
828,16,438,497,0,-48,0
828,17,75,711,0,-157,0
828,18,171,350,0,-238,0
828,19,559,13,0,-73,0
828,54,292,365,0,-235,1
828,69,42,687,0,-23,1
828,74,542,17,0,-46,0
828,75,420,136,0,79,0
828,85,584,300,0,-146,0
828,89,77,113,0,-199,1
828,99,732,292,0,-70,0
828,101,624,555,0,-69,1
828,104,615,652,0,-101,1
828,107,116,29,0,-105,1
828,108,300,224,0,-41,1
828,112,296,732,0,-214,1
828,114,308,718,0,-234,0
828,116,202,658,0,-174,1
828,119,175,43,0,-59,1
828,120,225,25,0,-258,1
828,121,101,571,0,68,1
828,122,377,357,0,-146,1
828,123,357,125,0,-76,0
828,124,644,556,0,-152,1
828,125,313,726,0,2,1
828,126,320,373,0,-197,1
829,0,443,84,0,57,0
829,1,342,478,0,-84,0
829,2,456,445,0,-98,0
829,3,378,147,0,86,0
829,4,300,521,0,-3,0
829,5,193,115,0,5,0
829,6,714,602,0,10,0
829,7,472,294,0,-264,0
829,8,362,350,0,82,0
829,10,270,456,0,-110,0
829,11,564,673,0,81,0
829,12,269,270,0,-171,0
829,13,163,284,0,-106,0
829,14,363,204,0,14,0
829,15,100,56,0,-172,0
829,16,440,495,0,-48,0
829,17,76,713,0,-173,0
829,18,168,351,0,-238,0
829,19,562,12,0,-73,0
829,54,289,367,0,-235,1
829,69,42,684,0,0,1
829,74,545,14,0,-46,0
829,75,417,136,0,79,0
829,85,585,303,0,-146,0
829,89,78,116,0,-177,1
829,99,735,292,0,-90,0
829,101,627,553,0,-69,1
829,104,618,652,0,-101,1
829,107,119,30,0,-105,1
829,108,302,221,0,-41,1
829,112,294,734,0,-214,1
829,114,306,720,0,-234,0
829,116,202,661,0,-174,1
829,119,178,42,0,-59,1
829,120,222,26,0,-258,1
829,121,98,570,0,68,1
829,122,378,360,0,-146,1
829,123,360,124,0,-76,0
829,124,646,558,0,-152,1
829,126,319,376,0,-187,1
830,0,440,84,0,80,0
830,1,345,478,0,-84,0
830,2,459,445,0,-98,0
830,3,375,147,0,-268,0
830,4,300,518,0,-3,0
830,5,193,112,0,5,0
830,6,714,599,0,10,0
830,7,469,295,0,-264,0
830,8,359,350,0,82,0
830,10,273,457,0,-110,0
830,11,561,672,0,81,0
830,12,270,273,0,-171,0
830,13,166,285,0,-106,0
830,14,362,202,0,14,0
830,15,100,56,0,-172,0
830,16,443,493,0,-48,0
830,17,76,716,0,-173,0
830,18,166,353,0,-238,0
830,19,565,11,0,-73,0
830,54,287,369,0,-235,1
830,69,42,681,0,0,1
830,74,547,12,0,-48,0
830,75,414,135,0,79,0
830,85,587,305,0,-152,0
830,89,78,119,0,-177,1
830,99,738,292,0,-90,0
830,101,630,553,0,-82,1
830,104,621,653,0,-101,1
830,107,122,31,0,-111,1
830,108,304,219,0,-41,1
830,112,292,737,0,-214,1
830,114,304,722,0,-227,0
830,116,202,664,0,-174,1
830,119,180,40,0,-59,1
830,120,219,26,0,-258,1
830,121,95,569,0,68,1
830,122,380,362,0,-149,1
830,123,363,123,0,-76,0
830,124,647,561,0,-152,1
830,126,319,379,0,-176,1
831,0,437,84,0,-259,0
831,1,348,477,0,-84,0
831,2,462,446,0,-98,0
831,3,372,147,0,-268,0
831,4,301,515,0,-3,0
831,5,192,109,0,5,0
831,6,713,596,0,10,0
831,7,466,295,0,-264,0
831,8,356,349,0,82,0
831,10,276,458,0,-110,0
831,11,558,672,0,81,0
831,12,269,276,0,-193,0
831,13,169,286,0,-106,0
831,14,362,199,0,-3,0
831,15,100,56,0,-172,0
831,16,445,491,0,-48,0
831,17,78,719,0,-148,0
831,18,163,354,0,-242,0
831,19,568,10,0,-73,0
831,54,284,370,0,-235,1
831,69,42,678,0,0,1
831,74,549,11,0,-62,0
831,75,411,135,0,87,0
831,85,588,308,0,-152,0
831,89,78,122,0,-177,1
831,99,741,292,0,-90,0
831,101,633,553,0,-82,1
831,104,624,653,0,-101,1
831,107,125,32,0,-110,1
831,108,306,217,0,-41,1
831,112,290,739,0,-214,1
831,114,301,724,0,-227,0
831,116,203,667,0,-174,1
831,119,183,39,0,-59,1
831,120,216,27,0,-258,1
831,121,92,568,0,68,1
831,122,382,365,0,-149,1
831,123,366,123,0,-76,0
831,124,649,564,0,-152,1
831,126,320,382,0,-176,1
832,0,434,85,0,-259,0
832,1,351,478,0,-92,0
832,2,465,446,0,-98,0
832,3,369,147,0,-255,0
832,4,300,512,0,19,0
832,5,192,106,0,5,0
832,6,712,593,0,10,0
832,7,463,295,0,-264,0
832,8,353,349,0,82,0
832,10,278,459,0,-110,0
832,11,555,671,0,78,0
832,12,267,278,0,-218,0
832,13,171,287,0,-106,0
832,14,363,196,0,-21,0
832,15,100,56,0,-172,0
832,16,447,489,0,-48,0
832,17,79,722,0,-148,0
832,18,160,356,0,-242,0
832,19,571,10,0,-73,0
832,54,281,371,0,-261,1
832,69,42,675,0,-8,1
832,74,552,10,0,-62,0
832,75,408,135,0,87,0
832,85,590,311,0,-152,0
832,89,78,125,0,-177,1
832,99,744,292,0,-90,0
832,101,636,552,0,-82,1
832,104,627,652,0,-73,1
832,107,127,34,0,-125,1
832,108,309,215,0,-55,1
832,112,288,741,0,-240,1
832,114,299,726,0,-227,0
832,116,203,670,0,-174,1
832,119,186,38,0,-83,1
832,120,213,28,0,-258,1
832,121,90,566,0,68,1
832,122,383,368,0,-161,1
832,123,369,122,0,-76,0
832,124,650,566,0,-152,1
832,126,320,385,0,-176,1
833,0,432,85,0,-259,0
833,1,354,478,0,-92,0
833,2,467,448,0,-123,0
833,3,366,148,0,-259,0
833,4,299,509,0,19,0
833,5,192,103,0,5,0
833,6,712,590,0,10,0
833,7,460,296,0,-264,0
833,8,350,348,0,82,0
833,10,281,460,0,-110,0
833,11,552,671,0,-263,0
833,12,265,280,0,-237,0
833,13,174,288,0,-106,0
833,14,364,193,0,-21,0
833,15,100,56,0,-172,0
833,16,449,487,0,-48,0
833,17,81,724,0,-153,0
833,18,158,357,0,-242,0
833,19,573,9,0,-73,0
833,54,278,371,0,-261,1
833,69,43,672,0,-8,1
833,74,555,8,0,-62,0
833,75,405,135,0,-264,0
833,85,591,313,0,-152,0
833,89,78,128,0,-177,1
833,99,747,292,0,-90,0
833,101,639,552,0,-82,1
833,104,630,653,0,-100,1
833,107,130,35,0,-125,1
833,108,311,214,0,-55,1
833,112,285,742,0,-240,1
833,114,297,728,0,-227,0
833,116,203,673,0,-175,1
833,119,189,38,0,-83,1
833,120,210,28,0,-258,1
833,121,87,565,0,68,1
833,122,383,371,0,-173,1
833,123,372,121,0,-76,0
833,124,651,569,0,-152,1
833,126,321,388,0,-152,1
834,0,429,87,0,-238,0
834,1,357,478,0,-92,0
834,2,470,449,0,-123,0
834,3,363,149,0,-259,0
834,4,298,506,0,19,0
834,5,193,100,0,-19,0
834,6,711,587,0,10,0
834,7,457,296,0,-264,0
834,8,347,348,0,82,0
834,10,284,461,0,-110,0
834,11,549,672,0,-263,0
834,12,262,282,0,-237,0
834,13,177,288,0,-107,0
834,14,365,190,0,-21,0
834,15,100,56,0,-172,0
834,16,451,485,0,-48,0
834,17,82,727,0,-153,0
834,18,155,358,0,-242,0
834,19,576,8,0,-73,0
834,54,275,372,0,-261,1
834,69,43,669,0,-8,1
834,74,557,7,0,-62,0
834,75,403,137,0,-235,0
834,85,592,316,0,-152,0
834,89,78,131,0,-177,1
834,99,750,292,0,-90,0
834,101,641,551,0,-79,1
834,104,633,654,0,-100,1
834,107,132,38,0,-142,1
834,108,313,211,0,-46,1
834,112,283,744,0,-240,1
834,114,294,729,0,-254,0
834,116,204,676,0,-170,1
834,119,192,37,0,-73,1
834,120,207,29,0,-258,1
834,121,84,564,0,68,1
834,122,383,374,0,-173,1
834,123,375,121,0,-76,0
834,124,653,572,0,-152,1
834,126,323,390,0,-152,1
835,0,426,88,0,-238,0
835,1,360,478,0,-92,0
835,2,472,451,0,-123,0
835,3,360,149,0,-259,0
835,4,296,503,0,28,0
835,5,194,97,0,-19,0
835,7,454,296,0,-264,0
835,8,344,349,0,-250,0
835,10,287,462,0,-110,0
835,11,546,672,0,-263,0
835,12,260,283,0,-237,0
835,13,180,289,0,-107,0
835,14,367,187,0,-21,0
835,15,101,59,0,-172,0
835,16,454,483,0,-48,0
835,17,83,730,0,-153,0
835,18,152,360,0,-242,0
835,19,579,7,0,-73,0
835,54,272,372,0,-261,1
835,69,44,666,0,-8,1
835,74,560,5,0,-62,0
835,75,400,139,0,-235,0
835,85,594,319,0,-152,0
835,89,79,134,0,-177,1
835,99,3,292,0,-90,0
835,101,644,549,0,-51,1
835,104,636,654,0,-100,1
835,107,133,40,0,-142,1
835,108,315,209,0,-46,1
835,112,280,745,0,-240,1
835,114,291,730,0,-254,0
835,116,204,679,0,-170,1
835,119,195,36,0,-73,1
835,120,204,29,0,-258,1
835,121,81,563,0,68,1
835,122,383,377,0,-188,1
835,123,378,120,0,-76,0
835,124,654,574,0,-152,1
835,126,324,393,0,-152,1
836,0,424,90,0,-238,0
836,1,363,478,0,-92,0
836,2,475,453,0,-123,0
836,3,358,150,0,-259,0
836,4,295,501,0,28,0
836,5,195,94,0,-19,0
836,7,451,297,0,-264,0
836,8,341,350,0,-250,0
836,10,290,463,0,-110,0
836,11,543,672,0,-263,0
836,12,257,285,0,-237,0
836,13,183,290,0,-107,0
836,14,368,185,0,-21,0
836,15,101,62,0,-172,0
836,16,456,481,0,-48,0
836,17,85,732,0,-153,0
836,18,150,361,0,-242,0
836,19,582,6,0,-70,0
836,54,269,373,0,-261,1
836,69,44,663,0,-8,1
836,74,563,5,0,-88,0
836,75,399,141,0,-206,0
836,85,595,321,0,-152,0
836,89,79,137,0,-177,1
836,99,6,292,0,-90,0
836,101,646,547,0,-50,1
836,104,639,655,0,-100,1
836,107,135,43,0,-142,1
836,108,317,207,0,-46,1
836,112,277,746,0,-265,1
836,114,288,730,0,-254,0
836,116,205,682,0,-170,1
836,119,198,35,0,-73,1
836,120,201,30,0,-258,1
836,121,79,562,0,62,1
836,122,382,380,0,-188,1
836,123,381,119,0,-76,0
836,124,656,577,0,-152,1
836,126,325,396,0,-152,1
837,0,421,92,0,-238,0
837,1,366,478,0,-92,0
837,2,477,454,0,-123,0
837,3,355,150,0,-259,0
837,4,293,498,0,28,0
837,5,196,92,0,-19,0
837,7,448,297,0,-264,0
837,8,339,352,0,-234,0
837,10,293,464,0,-110,0
837,11,540,672,0,81,0
837,12,254,286,0,-241,0
837,13,186,291,0,-107,0
837,14,369,182,0,-21,0
837,15,102,65,0,-160,0
837,16,458,479,0,-48,0
837,17,86,735,0,-150,0
837,18,147,363,0,-242,0
837,19,585,5,0,-70,0
837,54,266,373,0,-261,1
837,69,44,660,0,10,1
837,74,566,5,0,-88,0
837,75,398,144,0,-206,0
837,85,597,324,0,-152,0
837,89,79,140,0,-177,1
837,99,9,293,0,-101,0
837,101,648,546,0,-50,1
837,104,642,655,0,-100,1
837,107,137,45,0,-142,1
837,108,320,205,0,-46,1
837,112,274,746,0,-265,1
837,114,286,731,0,-254,0
837,116,205,684,0,-170,1
837,119,201,35,0,-73,1
837,120,198,31,0,-258,1
837,121,76,560,0,62,1
837,122,382,383,0,-188,1
837,123,384,118,0,-76,0
837,124,658,579,0,-124,1
837,126,327,398,0,-152,1
838,0,419,93,0,-238,0
838,1,369,477,0,-63,0
838,2,480,456,0,-123,0
838,3,352,151,0,-259,0
838,4,292,496,0,28,0
838,5,197,89,0,-19,0
838,7,445,297,0,-264,0
838,8,336,354,0,-234,0
838,10,295,465,0,-110,0
838,11,537,672,0,-269,0
838,12,252,288,0,-240,0
838,13,189,292,0,-107,0
838,14,369,179,0,3,0
838,15,103,68,0,-160,0
838,16,459,476,0,-22,0
838,17,88,737,0,-150,0
838,18,145,364,0,-242,0
838,19,588,4,0,-68,0
838,54,263,373,0,-261,1
838,69,43,657,0,10,1
838,74,569,5,0,-88,0
838,75,396,147,0,-206,0
838,85,598,327,0,-152,0
838,89,79,143,0,-177,1
838,99,12,293,0,-101,0
838,101,651,544,0,-50,1
838,104,645,656,0,-100,1
838,107,139,47,0,-142,1
838,108,322,203,0,-46,1
838,112,271,746,0,-265,1
838,114,283,732,0,-254,0
838,116,206,687,0,-170,1
838,119,203,34,0,-73,1
838,120,195,31,0,-258,1
838,121,73,559,0,62,1
838,122,382,385,0,-188,1
838,123,387,118,0,-76,0
838,124,661,580,0,-124,1
838,126,328,401,0,-152,1
839,0,416,95,0,-238,0
839,1,371,475,0,-49,0
839,2,482,458,0,-138,0
839,3,349,151,0,83,0
839,4,291,493,0,28,0
839,5,197,86,0,-4,0
839,7,442,298,0,-264,0
839,8,334,355,0,-234,0
839,10,298,466,0,-110,0
839,11,534,672,0,-269,0
839,12,249,289,0,-240,0
839,13,191,294,0,-133,0
839,14,368,176,0,3,0
839,15,104,70,0,-160,0
839,16,460,473,0,-22,0
839,17,89,740,0,-150,0
839,18,142,366,0,-242,0
839,19,590,3,0,-68,0
839,54,260,374,0,-261,1
839,69,43,654,0,10,1
839,74,572,5,0,-88,0
839,75,395,150,0,-206,0
839,85,599,329,0,-152,0
839,89,79,146,0,-174,1
839,99,15,294,0,-111,0
839,101,653,542,0,-50,1
839,104,647,657,0,-126,1
839,107,141,50,0,-142,1
839,108,324,201,0,-46,1
839,112,268,747,0,-265,1
839,114,280,733,0,-254,0
839,116,206,690,0,-170,1
839,119,206,33,0,-67,1
839,120,192,32,0,-258,1
839,121,71,558,0,74,1
839,122,381,388,0,-188,1
839,123,389,116,0,-59,0
839,124,662,583,0,-141,1
839,126,329,404,0,-163,1
840,0,413,96,0,-251,0
840,1,373,473,0,-49,0
840,2,484,460,0,-138,0
840,3,346,150,0,83,0
840,4,289,490,0,28,0
840,5,197,83,0,-4,0
840,7,439,298,0,-264,0
840,8,333,358,0,-206,0
840,10,301,467,0,-110,0
840,11,531,672,0,-269,0
840,12,247,291,0,-240,0
840,13,194,295,0,-105,0
840,14,368,173,0,3,0
840,15,105,73,0,-160,0
840,16,461,471,0,-22,0
840,17,91,743,0,-150,0
840,18,139,367,0,-242,0
840,19,593,2,0,-79,0
840,54,258,374,0,-261,1
840,69,42,651,0,10,1
840,74,575,5,0,-88,0
840,75,394,152,0,-206,0
840,85,601,332,0,-152,0
840,89,80,149,0,-174,1
840,99,17,295,0,-111,0
840,101,655,540,0,-50,1
840,104,650,659,0,-126,1
840,107,143,52,0,-142,1
840,108,326,199,0,-46,1
840,112,265,747,0,-265,1
840,114,277,734,0,-254,0
840,116,206,693,0,-176,1
840,119,209,31,0,-67,1
840,120,190,33,0,-258,1
840,121,68,557,0,74,1
840,122,381,391,0,-188,1
840,123,392,115,0,-59,0
840,124,664,585,0,-141,1
840,126,330,407,0,-163,1
841,0,410,96,0,-264,0
841,1,376,471,0,-49,0
841,2,486,463,0,-138,0
841,3,343,150,0,83,0
841,4,288,488,0,28,0
841,5,198,80,0,-26,0
841,7,436,298,0,-264,0
841,8,331,361,0,-206,0
841,10,304,468,0,-110,0
841,11,528,672,0,-269,0
841,12,244,292,0,-240,0
841,13,197,296,0,-105,0
841,14,368,170,0,3,0
841,15,106,76,0,-160,0
841,16,463,468,0,-22,0
841,17,92,745,0,-150,0
841,18,137,368,0,-242,0
841,19,596,1,0,-79,0
841,54,255,375,0,-261,1
841,69,41,648,0,10,1
841,74,578,5,0,-88,0
841,75,392,155,0,-206,0
841,85,602,335,0,-152,0
841,89,81,151,0,-145,1
841,99,20,296,0,-111,0
841,101,658,538,0,-50,1
841,104,652,661,0,-126,1
841,107,144,54,0,-146,1
841,108,328,197,0,-46,1
841,112,262,747,0,-265,1
841,114,274,734,0,-254,0
841,116,207,696,0,-176,1
841,119,212,30,0,-67,1
841,120,187,32,0,74,1
841,121,65,556,0,74,1
841,122,380,394,0,-188,1
841,123,394,113,0,-59,0
841,124,666,587,0,-141,1
841,126,331,409,0,-163,1
842,0,407,96,0,-264,0
842,1,378,469,0,-49,0
842,2,488,465,0,-138,0
842,3,340,149,0,83,0
842,4,286,485,0,28,0
842,5,200,77,0,-26,0
842,7,433,299,0,-264,0
842,8,330,363,0,-206,0
842,10,307,469,0,-110,0
842,11,525,673,0,-254,0
842,12,241,294,0,-240,0
842,13,200,296,0,-105,0
842,14,368,167,0,3,0
842,15,107,79,0,-160,0
842,16,464,465,0,-22,0
842,17,94,748,0,-150,0
842,18,134,370,0,-242,0
842,19,599,1,0,-89,0
842,54,252,375,0,88,1
842,69,41,645,0,10,1
842,74,581,5,0,-88,0
842,75,391,158,0,-206,0
842,85,603,337,0,-152,0
842,89,83,154,0,-145,1
842,99,23,297,0,-111,0
842,101,660,536,0,-50,1
842,104,654,663,0,-126,1
842,107,146,57,0,-146,1
842,108,330,195,0,-46,1
842,112,260,749,0,-243,1
842,114,271,735,0,-254,0
842,116,207,699,0,-176,1
842,119,214,29,0,-67,1
842,120,184,31,0,74,1
842,121,62,555,0,74,1
842,122,380,397,0,-188,1
842,123,397,112,0,-59,0
842,124,668,590,0,-141,1
842,126,332,412,0,-163,1
843,0,404,97,0,-264,0
843,1,380,467,0,-49,0
843,2,490,467,0,-141,0
843,3,337,149,0,83,0
843,4,286,482,0,2,0
843,5,200,74,0,-2,0
843,7,430,299,0,-264,0
843,8,329,366,0,-206,0
843,10,309,470,0,-110,0
843,11,522,674,0,-254,0
843,12,239,295,0,-238,0
843,13,203,297,0,-105,0
843,14,368,164,0,3,0
843,15,109,81,0,-138,0
843,16,465,462,0,-22,0
843,17,95,750,0,-150,0
843,18,132,372,0,-223,0
843,19,602,1,0,-89,0
843,54,249,375,0,88,1
843,69,40,642,0,10,1
843,74,584,4,0,-71,0
843,75,390,160,0,-206,0
843,85,605,340,0,-152,0
843,89,85,156,0,-145,1
843,99,26,299,0,-111,0
843,101,662,534,0,-50,1
843,104,657,663,0,-100,1
843,107,148,59,0,-146,1
843,108,333,193,0,-46,1
843,112,257,748,0,87,1
843,114,268,736,0,-254,0
843,116,207,702,0,-176,1
843,119,217,28,0,-67,1
843,120,181,30,0,74,1
843,121,59,555,0,77,1
843,122,379,400,0,-206,1
843,123,399,110,0,-59,0
843,124,670,592,0,-141,1
843,126,332,415,0,-183,1
844,0,401,97,0,-264,0
844,1,383,466,0,-72,0
844,2,492,469,0,-128,0
844,3,334,149,0,83,0
844,4,285,479,0,23,0
844,5,200,71,0,-2,0
844,7,427,299,0,-264,0
844,8,327,369,0,-206,0
844,10,312,471,0,-110,0
844,11,520,674,0,-254,0
844,12,237,298,0,-214,0
844,13,205,298,0,-105,0
844,14,368,161,0,3,0
844,15,111,83,0,-138,0
844,16,466,460,0,-22,0
844,17,97,2,0,-143,0
844,18,130,374,0,-223,0
844,19,605,1,0,-89,0
844,54,246,375,0,88,1
844,69,40,639,0,10,1
844,74,587,2,0,-67,0
844,75,387,162,0,-235,0
844,85,606,343,0,-152,0
844,89,87,159,0,-145,1
844,99,29,300,0,-111,0
844,101,664,532,0,-50,1
844,104,660,664,0,-100,1
844,107,150,61,0,-124,1
844,108,335,191,0,-52,1
844,112,254,748,0,87,1
844,114,265,737,0,-254,0
844,116,207,705,0,-176,1
844,119,220,27,0,-67,1
844,120,178,29,0,69,1
844,121,56,554,0,77,1
844,122,377,403,0,-206,1
844,123,402,109,0,-59,0
844,124,672,594,0,-141,1
844,126,332,418,0,-183,1
845,0,398,97,0,-264,0
845,1,386,465,0,-72,0
845,2,494,471,0,-128,0
845,3,331,148,0,83,0
845,4,284,476,0,23,0
845,5,200,68,0,-2,0
845,7,424,300,0,-264,0
845,8,326,372,0,-206,0
845,10,315,472,0,-110,0
845,11,517,675,0,-254,0
845,12,235,300,0,-231,0
845,13,208,299,0,-105,0
845,14,368,158,0,3,0
845,15,113,85,0,-138,0
845,16,467,457,0,-22,0
845,17,99,5,0,-141,0
845,18,128,377,0,-223,0
845,19,608,0,0,-69,0
845,54,243,374,0,88,1
845,69,39,636,0,10,1
845,74,589,1,0,-67,0
845,75,385,164,0,-235,0
845,85,608,345,0,-154,0
845,89,88,161,0,-145,1
845,99,31,301,0,-111,0
845,101,667,531,0,-72,1
845,104,663,663,0,-83,1
845,107,153,63,0,-124,1
845,108,337,189,0,-52,1
845,112,251,748,0,87,1
845,114,262,738,0,-254,0
845,116,209,708,0,-151,1
845,119,223,25,0,-67,1
845,120,175,28,0,69,1
845,121,53,553,0,77,1
845,122,376,405,0,-206,1
845,123,404,106,0,-36,0
845,124,674,596,0,-141,1
845,126,331,421,0,-183,1
846,0,396,98,0,-253,0
846,1,389,464,0,-72,0
846,2,497,473,0,-128,0
846,3,328,148,0,83,0
846,4,283,474,0,23,0
846,5,200,65,0,5,0
846,7,421,300,0,-264,0
846,8,325,374,0,-206,0
846,10,318,473,0,-110,0
846,11,514,676,0,-254,0
846,12,233,302,0,-231,0
846,13,211,299,0,-105,0
846,14,367,155,0,3,0
846,15,115,88,0,-138,0
846,16,468,454,0,-12,0
846,17,99,8,0,-170,0
846,18,126,379,0,-223,0
846,19,611,-2,0,-56,0
846,54,240,374,0,88,1
846,69,39,634,0,10,1
846,74,592,0,0,-67,0
846,75,382,164,0,-263,0
846,85,609,348,0,-154,0
846,89,89,164,0,-172,1
846,99,34,302,0,-117,0
846,101,670,530,0,-72,1
846,104,666,663,0,-83,1
846,107,155,64,0,-124,1
846,108,339,187,0,-41,1
846,112,248,747,0,60,1
846,114,260,738,0,-254,0
846,116,210,711,0,-151,1
846,119,225,24,0,-67,1
846,120,172,27,0,69,1
846,121,50,553,0,77,1
846,122,375,408,0,-206,1
846,123,405,104,0,-36,0
846,124,676,599,0,-141,1
846,126,331,424,0,-183,1
847,0,393,100,0,-238,0
847,1,391,462,0,-55,0
847,2,499,474,0,-128,0
847,3,325,147,0,83,0
847,4,281,471,0,23,0
847,5,200,62,0,5,0
847,7,418,300,0,-264,0
847,8,323,377,0,-206,0
847,10,321,474,0,-110,0
847,11,511,677,0,-254,0
847,12,230,303,0,-231,0
847,13,214,300,0,-105,0
847,14,367,152,0,3,0
847,15,116,91,0,-162,0
847,16,468,451,0,-12,0
847,17,98,11,0,-198,0
847,18,124,381,0,-223,0
847,19,613,748,0,-56,0
847,54,237,374,0,88,1
847,69,38,631,0,17,1
847,74,595,-1,0,-67,0
847,75,379,164,0,-263,0
847,85,610,351,0,-154,0
847,89,89,167,0,-172,1
847,99,37,303,0,-117,0
847,101,673,529,0,-72,1
847,104,669,663,0,-83,1
847,107,158,66,0,-124,1
847,108,341,184,0,-41,1
847,112,245,745,0,60,1
847,114,257,739,0,-254,0
847,116,212,713,0,-151,1
847,119,228,23,0,-67,1
847,120,170,26,0,69,1
847,121,47,552,0,77,1
847,122,373,411,0,-206,1
847,123,407,101,0,-36,0
847,124,678,601,0,-141,1
847,126,331,427,0,-183,1
848,0,390,101,0,-238,0
848,1,394,461,0,-55,0
848,2,501,476,0,-128,0
848,3,322,147,0,83,0
848,4,280,468,0,23,0
848,5,199,59,0,5,0
848,7,415,301,0,-264,0
848,8,322,380,0,-206,0
848,10,324,475,0,-110,0
848,11,508,678,0,-254,0
848,12,228,305,0,-231,0
848,13,217,301,0,-99,0
848,14,367,149,0,3,0
848,15,117,93,0,-162,0
848,16,469,448,0,-12,0
848,17,97,13,0,-198,0
848,18,122,383,0,-223,0
848,19,614,746,0,-27,0
848,54,234,374,0,90,1
848,69,37,628,0,17,1
848,74,598,749,0,-67,0
848,75,376,165,0,-263,0
848,85,612,353,0,-154,0
848,89,90,170,0,-172,1
848,99,40,305,0,-117,0
848,101,676,528,0,-72,1
848,104,672,661,0,-63,1
848,107,160,68,0,-124,1
848,108,343,182,0,-41,1
848,112,243,744,0,60,1
848,114,254,740,0,-254,0
848,116,213,716,0,-159,1
848,119,231,22,0,-67,1
848,120,167,25,0,69,1
848,121,44,551,0,77,1
848,122,372,414,0,-206,1
848,123,409,99,0,-36,0
848,124,679,603,0,-141,1
848,126,331,430,0,-183,1
849,0,388,103,0,-238,0
849,1,396,459,0,-55,0
849,2,504,478,0,-126,0
849,3,319,147,0,83,0
849,4,279,466,0,28,0
849,5,200,57,0,-23,0
849,7,412,301,0,-264,0
849,8,321,382,0,-206,0
849,10,326,476,0,-110,0
849,11,505,679,0,-254,0
849,12,225,307,0,-231,0
849,13,220,301,0,-99,0
849,14,367,146,0,3,0
849,15,118,96,0,-162,0
849,16,469,445,0,-12,0
849,17,97,16,0,-198,0
849,18,120,385,0,-223,0
849,19,616,743,0,-27,0
849,54,231,374,0,90,1
849,69,36,625,0,17,1
849,74,600,748,0,-67,0
849,75,373,165,0,-263,0
849,85,611,356,0,-184,0
849,89,90,173,0,-172,1
849,99,42,306,0,-117,0
849,101,679,527,0,-72,1
849,104,675,660,0,-63,1
849,107,163,69,0,-107,1
849,108,345,180,0,-41,1
849,114,251,741,0,-254,0
849,116,214,719,0,-159,1
849,119,234,20,0,-61,1
849,120,165,23,0,50,1
849,121,41,551,0,77,1
849,122,371,416,0,-206,1
849,123,411,96,0,-36,0
849,124,681,606,0,-141,1
849,126,331,433,0,-183,1
850,0,385,104,0,-238,0
850,1,399,457,0,-55,0
850,2,506,480,0,-126,0
850,3,316,146,0,83,0
850,4,277,463,0,28,0
850,5,202,54,0,-23,0
850,7,409,300,0,68,0
850,8,319,385,0,-206,0
850,10,329,477,0,-110,0
850,11,502,679,0,-254,0
850,12,223,309,0,-231,0
850,13,223,302,0,-99,0
850,14,367,143,0,3,0
850,15,119,99,0,-162,0
850,16,469,442,0,12,0
850,17,96,19,0,-198,0
850,18,118,388,0,-223,0
850,19,617,740,0,-27,0
850,54,228,373,0,70,1
850,69,35,622,0,17,1
850,74,603,746,0,-67,0
850,75,370,166,0,-263,0
850,85,611,359,0,-185,0
850,89,90,176,0,-172,1
850,99,45,307,0,-117,0
850,101,682,527,0,-91,1
850,104,677,659,0,-63,1
850,107,166,70,0,-107,1
850,108,347,178,0,-41,1
850,114,251,741,0,-254,0
850,116,215,722,0,-159,1
850,119,235,18,0,-32,1
850,120,162,21,0,50,1
850,121,39,550,0,77,1
850,122,370,419,0,-194,1
850,123,412,94,0,-36,0
850,124,683,608,0,-141,1
850,126,331,436,0,-183,1
851,0,383,106,0,-238,0
851,1,401,456,0,-62,0
851,2,509,482,0,-126,0
851,3,313,146,0,83,0
851,4,276,460,0,28,0
851,5,203,51,0,-23,0
851,7,407,297,0,38,0
851,8,318,388,0,-206,0
851,10,332,478,0,-110,0
851,11,499,680,0,-254,0
851,12,221,311,0,-231,0
851,13,226,302,0,-99,0
851,14,367,140,0,3,0
851,15,119,102,0,-177,0
851,16,468,439,0,12,0
851,17,95,22,0,-196,0
851,18,116,390,0,-223,0
851,19,619,738,0,-27,0
851,54,225,372,0,70,1
851,69,35,619,0,17,1
851,74,606,745,0,-59,0
851,75,367,166,0,-263,0
851,85,612,362,0,-166,0
851,89,91,179,0,-172,1
851,99,48,309,0,-117,0
851,101,685,527,0,-91,1
851,104,680,657,0,-63,1
851,107,169,70,0,-107,1
851,108,349,175,0,-41,1
851,114,251,741,0,-254,0
851,116,216,724,0,-159,1
851,119,237,15,0,-32,1
851,120,160,19,0,50,1
851,121,36,549,0,77,1
851,122,369,422,0,-194,1
851,123,414,91,0,-36,0
851,124,685,610,0,-134,1
851,126,331,439,0,-183,1
852,0,380,108,0,-238,0
852,1,404,454,0,-62,0
852,2,511,483,0,-126,0
852,3,310,146,0,83,0
852,4,275,458,0,28,0
852,5,203,48,0,-8,0
852,7,406,295,0,38,0
852,8,316,390,0,-230,0
852,10,335,479,0,-110,0
852,11,497,681,0,-254,0
852,12,218,311,0,-260,0
852,13,229,303,0,-99,0
852,14,367,137,0,3,0
852,15,119,105,0,-177,0
852,16,468,436,0,12,0
852,17,94,25,0,-196,0
852,18,114,392,0,-223,0
852,19,620,735,0,-27,0
852,54,222,371,0,70,1
852,69,34,616,0,17,1
852,74,608,743,0,-59,0
852,75,364,166,0,-263,0
852,85,613,365,0,-153,0
852,89,91,182,0,-172,1
852,99,50,310,0,-117,0
852,101,688,527,0,-91,1
852,104,683,656,0,-63,1
852,107,172,71,0,-107,1
852,108,351,173,0,-41,1
852,114,251,741,0,-254,0
852,116,218,727,0,-135,1
852,119,238,13,0,-32,1
852,120,158,17,0,50,1
852,121,33,549,0,77,1
852,122,369,425,0,-194,1
852,123,416,89,0,-36,0
852,124,688,612,0,-134,1
852,126,330,442,0,-183,1
853,0,378,109,0,-238,0
853,1,406,453,0,-62,0
853,2,514,485,0,-126,0
853,3,307,145,0,83,0
853,4,274,455,0,11,0
853,5,204,45,0,-8,0
853,7,404,293,0,38,0
853,8,313,392,0,-230,0
853,10,338,480,0,-110,0
853,11,494,682,0,-254,0
853,12,215,312,0,-260,0
853,13,232,303,0,-99,0
853,14,365,134,0,31,0
853,15,121,108,0,-154,0
853,16,467,433,0,12,0
853,17,93,28,0,-196,0
853,18,112,394,0,-226,0
853,19,621,732,0,-27,0
853,54,219,370,0,70,1
853,69,33,613,0,17,1
853,74,611,742,0,-59,0
853,75,361,167,0,-263,0
853,85,614,368,0,-153,0
853,89,92,185,0,-172,1
853,99,53,311,0,-117,0
853,101,691,528,0,-91,1
853,104,685,654,0,-63,1
853,107,175,72,0,-107,1
853,108,352,170,0,-13,1
853,114,251,741,0,-254,0
853,116,221,728,0,-123,1
853,119,241,11,0,-56,1
853,120,155,15,0,50,1
853,121,30,548,0,77,1
853,122,368,428,0,-194,1
853,123,418,87,0,-36,0
853,124,690,614,0,-118,1
853,126,331,445,0,-171,1
854,0,375,111,0,-238,0
854,1,409,451,0,-62,0
854,2,516,487,0,-126,0
854,3,304,145,0,83,0
854,4,273,452,0,11,0
854,5,204,42,0,-8,0
854,7,402,290,0,38,0
854,8,311,393,0,-230,0
854,10,340,482,0,-135,0
854,11,491,683,0,-254,0
854,12,212,312,0,-260,0
854,13,235,304,0,-99,0
854,14,363,132,0,31,0
854,15,122,111,0,-154,0
854,16,466,430,0,12,0
854,17,92,31,0,-196,0
854,18,109,396,0,-230,0
854,19,623,730,0,-27,0
854,54,216,369,0,70,1
854,69,32,611,0,17,1
854,74,614,740,0,-59,0
854,75,358,167,0,-263,0
854,85,615,371,0,-174,0
854,89,93,187,0,-157,1
854,99,56,313,0,-117,0
854,101,694,528,0,-91,1
854,104,688,653,0,-63,1
854,107,177,73,0,-107,1
854,108,352,167,0,-13,1
854,114,251,741,0,-254,0
854,116,223,730,0,-123,1
854,119,243,9,0,-56,1
854,120,154,13,0,32,1
854,121,28,546,0,48,1
854,122,367,431,0,-194,1
854,123,419,84,0,-36,0
854,124,693,615,0,-118,1
854,126,331,448,0,-171,1
855,0,372,112,0,-252,0
855,1,412,450,0,-62,0
855,2,519,489,0,-126,0
855,3,301,144,0,83,0
855,4,273,449,0,11,0
855,5,205,39,0,-8,0
855,7,400,288,0,38,0
855,8,309,395,0,-230,0
855,10,342,485,0,-144,0
855,11,488,684,0,-254,0
855,12,209,313,0,-260,0
855,13,238,304,0,-99,0
855,14,362,129,0,31,0
855,15,123,113,0,-154,0
855,16,466,427,0,12,0
855,17,91,34,0,-196,0
855,18,108,399,0,-202,0
855,19,624,727,0,-27,0
855,54,214,368,0,70,1
855,69,31,608,0,17,1
855,74,616,739,0,-59,0
855,75,355,167,0,-263,0
855,85,616,374,0,-165,0
855,89,94,190,0,-157,1
855,99,58,314,0,-117,0
855,101,697,528,0,-91,1
855,104,690,651,0,-54,1
855,107,180,74,0,-107,1
855,108,353,164,0,-13,1
855,114,251,741,0,-254,0
855,116,226,731,0,-123,1
855,119,246,8,0,-56,1
855,120,152,10,0,32,1
855,121,26,543,0,25,1
855,122,367,434,0,-194,1
855,123,421,82,0,-36,0
855,124,696,617,0,-118,1
855,126,332,451,0,-171,1
856,0,369,113,0,-252,0
856,1,414,449,0,-62,0
856,2,521,490,0,-126,0
856,3,298,144,0,83,0
856,4,272,446,0,11,0
856,5,205,36,0,-7,0
856,7,398,286,0,38,0
856,8,306,396,0,-249,0
856,10,342,488,0,-166,0
856,11,485,684,0,-254,0
856,12,206,313,0,-260,0
856,13,241,304,0,-99,0
856,14,360,127,0,31,0
856,15,125,116,0,-154,0
856,16,465,424,0,12,0
856,17,91,36,0,-196,0
856,18,107,402,0,-202,0
856,19,626,724,0,-27,0
856,54,211,367,0,70,1
856,69,30,605,0,17,1
856,74,619,738,0,-75,0
856,75,352,168,0,-266,0
856,85,616,376,0,-165,0
856,89,95,193,0,-157,1
856,99,61,315,0,-117,0
856,101,700,528,0,-91,1
856,104,693,649,0,-54,1
856,107,183,75,0,-107,1
856,108,354,161,0,-13,1
856,114,251,741,0,-254,0
856,116,228,733,0,-123,1
856,119,248,6,0,-56,1
856,120,151,8,0,32,1
856,121,25,541,0,25,1
856,122,366,437,0,-194,1
856,123,423,79,0,-36,0
856,124,698,618,0,-118,1
856,126,332,454,0,-171,1
857,0,367,114,0,-237,0
857,1,417,447,0,-62,0
857,2,523,492,0,-126,0
857,3,295,145,0,-255,0
857,4,272,443,0,11,0
857,5,205,33,0,-7,0
857,7,396,283,0,38,0
857,8,303,398,0,-249,0
857,10,343,491,0,-166,0
857,11,483,687,0,-225,0
857,12,203,314,0,-260,0
857,13,244,304,0,-87,0
857,14,359,124,0,31,0
857,15,125,119,0,-170,0
857,16,465,421,0,12,0
857,17,90,39,0,-196,0
857,18,106,404,0,-202,0
857,19,626,722,0,-17,0
857,54,208,368,0,-260,1
857,69,29,602,0,17,1
857,74,622,737,0,-75,0
857,75,349,168,0,-266,0
857,85,617,379,0,-165,0
857,89,97,195,0,-131,1
857,99,64,317,0,-117,0
857,101,703,528,0,-91,1
857,104,695,648,0,-54,1
857,107,186,75,0,-107,1
857,108,354,159,0,-13,1
857,114,251,741,0,-254,0
857,116,231,735,0,-123,1
857,119,251,4,0,-56,1
857,120,149,5,0,32,1
857,121,24,538,0,25,1
857,122,365,439,0,-204,1
857,123,425,77,0,-36,0
857,124,701,619,0,-118,1
857,126,333,457,0,-171,1
858,0,364,115,0,-262,0
858,1,420,446,0,-62,0
858,2,526,494,0,-126,0
858,3,292,146,0,-255,0
858,4,271,440,0,11,0
858,5,206,30,0,-7,0
858,7,394,281,0,38,0
858,8,300,399,0,-249,0
858,10,344,493,0,-166,0
858,11,481,689,0,-225,0
858,12,200,314,0,-260,0
858,13,247,304,0,-87,0
858,14,357,121,0,31,0
858,15,126,122,0,-170,0
858,16,465,418,0,-6,0
858,17,89,42,0,-196,0
858,18,105,407,0,-202,0
858,19,628,719,0,-39,0
858,54,205,368,0,-255,1
858,69,28,599,0,16,1
858,74,625,736,0,-75,0
858,75,346,168,0,-266,0
858,85,618,382,0,-165,0
858,89,100,197,0,-137,1
858,99,66,318,0,-117,0
858,101,706,528,0,-91,1
858,104,698,646,0,-54,1
858,107,189,76,0,-107,1
858,114,251,741,0,-254,0
858,116,233,736,0,-123,1
858,119,253,3,0,-56,1
858,120,147,2,0,32,1
858,121,22,535,0,25,1
858,122,363,442,0,-219,1
858,123,427,74,0,-36,0
858,124,703,621,0,-118,1
858,126,333,460,0,-171,1
859,0,361,115,0,-262,0
859,1,422,444,0,-62,0
859,2,528,496,0,-126,0
859,3,290,147,0,-241,0
859,4,270,437,0,27,0
859,5,206,27,0,-7,0
859,7,393,279,0,38,0
859,8,297,398,0,83,0
859,10,344,496,0,-166,0
859,11,478,690,0,-244,0
859,12,197,315,0,-260,0
859,13,250,304,0,-87,0
859,14,356,119,0,31,0
859,15,126,125,0,-173,0
859,16,466,416,0,-27,0
859,17,87,44,0,-220,0
859,18,104,410,0,-205,0
859,19,630,717,0,-39,0
859,54,202,370,0,-247,1
859,69,28,596,0,16,1
859,74,628,736,0,-75,0
859,75,343,168,0,-266,0
859,85,619,385,0,-165,0
859,89,101,200,0,-145,1
859,99,69,319,0,-117,0
859,101,709,528,0,-91,1
859,104,700,644,0,-54,1
859,107,192,76,0,-83,1
859,114,251,741,0,-254,0
859,116,236,738,0,-123,1
859,119,256,1,0,-56,1
859,120,146,0,0,32,1
859,121,21,532,0,25,1
859,122,361,444,0,-219,1
859,123,428,72,0,-36,0
859,124,706,623,0,-126,1
859,126,334,463,0,-171,1
860,0,358,115,0,-262,0
860,1,425,444,0,-90,0
860,2,531,497,0,-126,0
860,3,287,149,0,-225,0
860,4,269,435,0,27,0
860,5,206,24,0,-7,0
860,7,391,276,0,38,0
860,8,294,398,0,83,0
860,10,345,499,0,-166,0
860,11,475,691,0,-244,0
860,12,194,315,0,-260,0
860,13,253,304,0,-87,0
860,14,354,116,0,31,0
860,15,126,128,0,-173,0
860,16,468,413,0,-27,0
860,17,85,47,0,-220,0
860,18,102,413,0,-205,0
860,19,632,714,0,-39,0
860,54,199,371,0,-247,1
860,69,27,593,0,16,1
860,74,631,735,0,-75,0
860,75,340,168,0,-266,0
860,85,620,388,0,-165,0
860,89,104,202,0,-130,1
860,99,72,321,0,-118,0
860,101,712,528,0,-91,1
860,104,703,642,0,-54,1
860,107,195,76,0,-89,1
860,114,251,741,0,-254,0
860,116,238,740,0,-123,1
860,119,258,-1,0,-56,1
860,120,144,748,0,49,1
860,121,20,530,0,25,1
860,122,359,446,0,-219,1
860,123,431,71,0,-60,0
860,124,708,624,0,-126,1
860,126,336,465,0,-142,1
861,0,355,116,0,-262,0
861,1,428,444,0,-90,0
861,2,533,499,0,-126,0
861,3,285,151,0,-225,0
861,4,268,432,0,11,0
861,5,207,21,0,-7,0
861,7,389,274,0,38,0
861,8,292,398,0,83,0
861,10,347,502,0,-142,0
861,11,473,693,0,-244,0
861,12,191,316,0,-260,0
861,13,256,304,0,-87,0
861,14,352,114,0,50,0
861,15,127,131,0,-173,0
861,16,468,410,0,-12,0
861,17,83,49,0,-220,0
861,18,101,415,0,-205,0
861,19,634,712,0,-39,0
861,54,197,372,0,-247,1
861,69,26,590,0,9,1
861,74,634,734,0,-75,0
861,75,337,169,0,-266,0
861,85,620,391,0,-165,0
861,89,105,204,0,-147,1
861,99,74,322,0,-118,0
861,101,715,528,0,-91,1
861,104,705,641,0,-54,1
861,107,198,76,0,-89,1
861,114,251,741,0,-254,0
861,116,241,741,0,-123,1
861,119,261,748,0,-56,1
861,120,141,747,0,73,1
861,121,19,527,0,25,1
861,122,357,449,0,-219,1
861,123,433,68,0,-38,0
861,124,711,626,0,-126,1
861,126,337,468,0,-142,1
862,0,352,116,0,-262,0
862,1,431,444,0,-90,0
862,2,536,501,0,-121,0
862,3,283,153,0,-225,0
862,4,267,429,0,11,0
862,5,207,18,0,-7,0
862,7,387,272,0,38,0
862,8,289,397,0,83,0
862,10,349,504,0,-142,0
862,11,470,694,0,-244,0
862,12,188,317,0,-260,0
862,13,259,304,0,-96,0
862,14,349,112,0,50,0
862,15,127,134,0,-173,0
862,16,468,407,0,10,0
862,17,81,51,0,-220,0
862,18,100,418,0,-205,0
862,19,637,711,0,-65,0
862,54,194,373,0,-247,1
862,69,27,587,0,-15,1
862,74,636,733,0,-75,0
862,75,334,169,0,-266,0
862,85,621,394,0,-165,0
862,89,106,207,0,-166,1
862,99,77,324,0,-118,0
862,101,718,528,0,-91,1
862,104,707,639,0,-54,1
862,107,201,76,0,-89,1
862,114,251,741,0,-254,0
862,116,243,743,0,-123,1
862,119,263,747,0,-56,1
862,120,138,746,0,73,1
862,121,17,524,0,25,1
862,122,355,451,0,-219,1
862,123,435,66,0,-38,0
862,124,713,628,0,-126,1
862,126,339,470,0,-142,1
863,0,349,117,0,-262,0
863,1,434,444,0,-90,0
863,2,538,502,0,-121,0
863,3,281,155,0,-225,0
863,4,267,426,0,11,0
863,5,207,15,0,-7,0
863,7,385,269,0,38,0
863,8,286,397,0,83,0
863,10,352,505,0,-115,0
863,11,467,694,0,-260,0
863,12,185,317,0,-260,0
863,13,262,304,0,-96,0
863,14,347,111,0,50,0
863,15,128,136,0,-156,0
863,16,467,404,0,10,0
863,17,79,54,0,-220,0
863,18,99,421,0,-205,0
863,19,639,710,0,-65,0
863,54,192,375,0,-232,1
863,69,28,585,0,-16,1
863,74,639,733,0,-75,0
863,75,331,170,0,-252,0
863,85,622,397,0,-165,0
863,89,106,210,0,-178,1
863,99,80,325,0,-118,0
863,101,721,528,0,-85,1
863,104,710,637,0,-54,1
863,107,204,76,0,-89,1
863,114,251,741,0,-254,0
863,116,246,745,0,-123,1
863,119,266,745,0,-56,1
863,120,135,745,0,73,1
863,121,16,522,0,25,1
863,122,353,453,0,-219,1
863,123,436,63,0,-38,0
863,124,716,630,0,-126,1
863,126,341,473,0,-142,1
864,0,346,117,0,-262,0
864,1,437,444,0,-90,0
864,2,541,504,0,-121,0
864,3,279,157,0,-225,0
864,4,266,423,0,11,0
864,5,208,12,0,-7,0
864,7,383,267,0,38,0
864,8,283,396,0,83,0
864,10,354,507,0,-125,0
864,11,464,695,0,-260,0
864,12,182,318,0,-260,0
864,13,265,304,0,-82,0
864,14,345,109,0,50,0
864,15,129,139,0,-156,0
864,16,467,401,0,10,0
864,17,77,56,0,-220,0
864,18,97,424,0,-205,0
864,19,642,708,0,-65,0
864,54,189,377,0,-232,1
864,69,29,582,0,-16,1
864,74,642,733,0,-89,0
864,75,328,171,0,-252,0
864,85,623,400,0,-165,0
864,89,106,213,0,-178,1
864,99,82,326,0,-118,0
864,101,724,527,0,-85,1
864,104,712,635,0,-54,1
864,107,207,76,0,-89,1
864,114,251,741,0,-254,0
864,116,248,746,0,-123,1
864,119,268,743,0,-56,1
864,120,133,743,0,45,1
864,121,14,519,0,31,1
864,122,351,456,0,-219,1
864,123,438,61,0,-38,0
864,124,718,631,0,-126,1
864,126,342,475,0,-162,1
865,0,343,117,0,-262,0
865,1,440,444,0,-90,0
865,2,543,505,0,-121,0
865,3,277,160,0,-225,0
865,4,266,420,0,11,0
865,5,208,10,0,-7,0
865,7,381,265,0,38,0
865,8,280,396,0,83,0
865,10,356,509,0,-125,0
865,11,461,695,0,-260,0
865,12,180,319,0,-233,0
865,13,267,302,0,-56,0
865,14,343,107,0,50,0
865,15,131,142,0,-156,0
865,16,466,398,0,10,0
865,17,75,58,0,-220,0
865,18,96,426,0,-205,0
865,19,645,708,0,-89,0
865,54,187,379,0,-232,1
865,69,30,579,0,-16,1
865,74,645,732,0,-87,0
865,75,326,171,0,-252,0
865,85,623,402,0,-165,0
865,89,106,216,0,-178,1
865,99,85,328,0,-128,0
865,101,727,527,0,-85,1
865,104,715,634,0,-54,1
865,107,210,76,0,-89,1
865,114,251,741,0,-254,0
865,116,251,748,0,-123,1
865,119,271,743,0,-76,1
865,120,131,741,0,45,1
865,121,13,516,0,31,1
865,122,350,458,0,-219,1
865,123,440,59,0,-38,0
865,124,720,633,0,-126,1
865,126,343,478,0,-162,1
866,0,340,118,0,-262,0
866,1,443,444,0,-90,0
866,2,546,507,0,-121,0
866,3,275,162,0,-225,0
866,4,266,417,0,-13,0
866,5,208,7,0,-7,0
866,7,380,262,0,23,0
866,8,277,396,0,83,0
866,10,359,510,0,-125,0
866,11,458,696,0,-260,0
866,12,178,321,0,-233,0
866,13,270,301,0,-53,0
866,14,340,105,0,49,0
866,15,131,145,0,-176,0
866,16,466,395,0,10,0
866,17,73,60,0,-220,0
866,18,94,428,0,-233,0
866,19,648,708,0,-89,0
866,54,184,381,0,-232,1
866,69,29,576,0,10,1
866,74,648,732,0,-87,0
866,75,323,172,0,-252,0
866,85,624,405,0,-165,0
866,89,107,219,0,-155,1
866,99,87,330,0,-116,0
866,101,730,527,0,-85,1
866,104,716,631,0,-30,1
866,107,213,76,0,-89,1
866,114,251,741,0,-254,0
866,116,253,750,0,-123,1
866,119,274,743,0,-99,1
866,120,129,739,0,32,1
866,121,12,513,0,14,1
866,122,348,460,0,-219,1
866,123,442,56,0,-38,0
866,124,723,635,0,-126,1
866,126,344,481,0,-162,1
867,0,337,118,0,-262,0
867,1,446,444,0,-90,0
867,2,549,508,0,-121,0
867,3,273,164,0,-225,0
867,4,267,414,0,-13,0
867,5,209,4,0,-7,0
867,7,379,259,0,23,0
867,8,274,395,0,83,0
867,10,361,512,0,-125,0
867,11,455,696,0,-265,0
867,12,175,323,0,-233,0
867,13,272,299,0,-53,0
867,14,338,103,0,49,0
867,15,131,148,0,-176,0
867,16,465,392,0,10,0
867,17,71,63,0,-220,0
867,18,91,430,0,-233,0
867,19,651,708,0,-89,0
867,54,182,382,0,-232,1
867,69,29,573,0,10,1
867,74,651,732,0,-87,0
867,75,320,173,0,-252,0
867,85,625,408,0,-165,0
867,89,108,222,0,-167,1
867,99,90,331,0,-116,0
867,101,733,526,0,-85,1
867,104,718,628,0,-30,1
867,107,216,76,0,-89,1
867,114,251,741,0,-254,0
867,116,256,751,0,-123,1
867,119,277,744,0,-99,1
867,120,128,736,0,32,1
867,121,11,511,0,14,1
867,122,346,463,0,-219,1
867,123,445,55,0,-55,0
867,124,725,637,0,-126,1
867,126,345,484,0,-162,1
868,0,334,119,0,-262,0
868,1,449,444,0,-90,0
868,2,551,510,0,-121,0
868,3,270,166,0,-229,0
868,4,268,411,0,-13,0
868,5,210,1,0,-20,0
868,7,378,256,0,23,0
868,8,271,395,0,83,0
868,10,364,514,0,-125,0
868,11,452,696,0,-265,0
868,12,173,325,0,-233,0
868,13,274,297,0,-53,0
868,14,336,101,0,49,0
868,15,131,151,0,-176,0
868,16,464,390,0,10,0
868,17,70,65,0,-220,0
868,18,90,433,0,-208,0
868,19,654,708,0,-89,0
868,54,180,384,0,-232,1
868,69,28,570,0,10,1
868,74,654,732,0,-87,0
868,75,317,174,0,-252,0
868,85,626,411,0,-165,0
868,89,109,225,0,-167,1
868,99,93,332,0,-116,0
868,101,736,526,0,-85,1
868,104,719,626,0,-30,1
868,107,219,76,0,-89,1
868,114,251,741,0,-254,0
868,116,258,2,0,-137,1
868,119,280,744,0,-99,1
868,120,126,733,0,32,1
868,121,11,508,0,14,1
868,122,344,465,0,-219,1
868,123,447,53,0,-55,0
868,124,728,638,0,-126,1
868,126,346,487,0,-162,1
869,0,331,119,0,-262,0
869,1,452,444,0,-90,0
869,2,554,511,0,-121,0
869,3,268,168,0,-229,0
869,4,269,408,0,-13,0
869,5,211,-2,0,-20,0
869,7,377,253,0,23,0
869,8,268,395,0,83,0
869,10,366,516,0,-125,0
869,11,449,697,0,-265,0
869,12,170,327,0,-233,0
869,13,277,295,0,-58,0
869,14,334,99,0,49,0
869,15,131,154,0,-176,0
869,16,465,387,0,-20,0
869,17,68,67,0,-220,0
869,18,89,435,0,-196,0
869,19,657,709,0,-100,0
869,54,177,386,0,-232,1
869,69,27,567,0,10,1
869,74,657,732,0,-87,0
869,75,314,175,0,-252,0
869,85,627,414,0,-165,0
869,89,110,227,0,-155,1
869,99,95,333,0,-116,0
869,101,738,525,0,-64,1
869,104,721,623,0,-30,1
869,107,222,76,0,-98,1
869,114,251,741,0,-254,0
869,116,260,4,0,-137,1
869,119,283,745,0,-99,1
869,120,124,731,0,32,1
869,121,10,505,0,14,1
869,122,342,468,0,-219,1
869,123,449,51,0,-55,0
869,124,730,640,0,-126,1
869,126,347,490,0,-162,1
870,0,328,120,0,-259,0
870,1,455,445,0,-107,0
870,2,556,513,0,-121,0
870,3,266,170,0,-229,0
870,4,269,405,0,-13,0
870,5,213,748,0,-44,0
870,7,376,251,0,23,0
870,8,265,396,0,-252,0
870,10,369,517,0,-125,0
870,11,446,697,0,-265,0
870,12,168,328,0,-233,0
870,13,279,294,0,-58,0
870,14,331,97,0,49,0
870,15,132,157,0,-176,0
870,16,467,384,0,-20,0
870,17,66,70,0,-220,0
870,18,88,438,0,-196,0
870,19,660,709,0,-100,0
870,54,174,387,0,-255,1
870,69,27,564,0,10,1
870,74,660,732,0,-87,0
870,75,311,176,0,-256,0
870,85,629,416,0,-140,0
870,89,111,230,0,-155,1
870,99,98,335,0,-127,0
870,101,741,523,0,-64,1
870,104,722,621,0,-36,1
870,107,225,77,0,-98,1
870,114,251,741,0,-254,0
870,116,262,6,0,-124,1
870,119,286,745,0,-99,1
870,120,123,729,0,41,1
870,121,9,502,0,23,1
870,122,340,470,0,-219,1
870,123,452,50,0,-55,0
870,124,733,642,0,-126,1
870,126,348,492,0,-162,1
871,0,325,120,0,-259,0
871,1,458,446,0,-107,0
871,2,559,514,0,-121,0
871,3,264,172,0,-226,0
871,4,270,402,0,-13,0
871,5,215,746,0,-44,0
871,7,374,248,0,23,0
871,8,262,396,0,-252,0
871,10,370,520,0,-155,0
871,11,443,697,0,-265,0
871,12,166,330,0,-233,0
871,13,282,292,0,-58,0
871,14,329,95,0,49,0
871,15,133,160,0,-158,0
871,16,468,381,0,-20,0
871,17,64,72,0,-220,0
871,18,87,441,0,-196,0
871,19,663,711,0,-122,0
871,54,172,388,0,-255,1
871,69,26,561,0,10,1
871,74,663,732,0,-87,0
871,75,309,177,0,-241,0
871,85,631,419,0,-140,0
871,89,113,232,0,-146,1
871,99,100,337,0,-127,0
871,101,744,522,0,-64,1
871,104,724,618,0,-36,1
871,107,228,77,0,-98,1
871,114,251,741,0,-254,0
871,116,264,9,0,-151,1
871,119,289,745,0,-99,1
871,120,121,726,0,41,1
871,121,8,499,0,23,1
871,122,338,472,0,-219,1
871,123,454,48,0,-55,0
871,124,735,644,0,-126,1
871,126,349,495,0,-162,1
872,0,322,121,0,-259,0
872,1,461,447,0,-107,0
872,2,561,516,0,-121,0
872,3,261,174,0,-230,0
872,4,271,399,0,-13,0
872,5,217,744,0,-44,0
872,7,373,245,0,23,0
872,8,259,397,0,-260,0
872,10,371,523,0,-155,0
872,11,440,698,0,-265,0
872,12,163,332,0,-233,0
872,13,285,291,0,-58,0
872,14,327,93,0,49,0
872,15,134,162,0,-159,0
872,16,469,378,0,-20,0
872,17,62,74,0,-220,0
872,18,87,444,0,-185,0
872,19,665,712,0,-122,0
872,54,169,388,0,-255,1
872,69,26,558,0,10,1
872,74,666,732,0,-87,0
872,75,306,179,0,-241,0
872,85,632,421,0,-140,0
872,89,115,235,0,-146,1
872,99,103,339,0,-127,0
872,101,746,521,0,-64,1
872,104,726,616,0,-36,1
872,107,231,77,0,-98,1
872,114,251,741,0,-254,0
872,116,265,11,0,-151,1
872,119,292,746,0,-99,1
872,120,119,724,0,41,1
872,121,6,496,0,23,1
872,122,336,475,0,-219,1
872,123,457,46,0,-55,0
872,124,738,645,0,-126,1
872,126,349,498,0,-162,1
873,0,319,121,0,-259,0
873,1,464,448,0,-107,0
873,2,564,518,0,-121,0
873,3,259,176,0,-230,0
873,4,271,396,0,-13,0
873,5,219,741,0,-44,0
873,7,372,242,0,23,0
873,8,256,398,0,-260,0
873,10,373,526,0,-155,0
873,11,437,698,0,-265,0
873,12,161,334,0,-233,0
873,13,287,289,0,-58,0
873,14,324,91,0,49,0
873,15,135,165,0,-159,0
873,16,470,375,0,-20,0
873,17,60,77,0,-220,0
873,18,87,447,0,-185,0
873,19,668,714,0,-122,0
873,54,166,389,0,-255,1
873,69,25,555,0,10,1
873,74,669,731,0,-87,0
873,75,303,180,0,-241,0
873,85,634,423,0,-140,0
873,89,116,237,0,-146,1
873,99,105,341,0,-127,0
873,101,749,521,0,-92,1
873,104,729,615,0,-65,1
873,107,234,78,0,-98,1
873,114,251,741,0,-254,0
873,116,267,14,0,-151,1
873,119,295,745,0,-72,1
873,120,117,722,0,33,1
873,121,5,494,0,23,1
873,122,335,477,0,-218,1
873,123,459,44,0,-55,0
873,124,740,647,0,-126,1
873,126,350,501,0,-162,1
874,0,317,122,0,-259,0
874,1,466,450,0,-133,0
874,2,567,519,0,-121,0
874,3,257,178,0,-230,0
874,4,272,394,0,-13,0
874,5,221,739,0,-44,0
874,7,372,239,0,13,0
874,8,253,398,0,-260,0
874,10,374,528,0,-155,0
874,11,434,698,0,-265,0
874,12,158,336,0,-233,0
874,13,290,287,0,-58,0
874,14,321,90,0,78,0
874,15,136,168,0,-159,0
874,16,470,372,0,-4,0
874,17,58,79,0,-220,0
874,18,87,450,0,-185,0
874,19,670,715,0,-122,0
874,54,163,390,0,-255,1
874,69,25,552,0,10,1
874,74,672,731,0,-87,0
874,75,300,181,0,-253,0
874,85,636,425,0,-140,0
874,89,119,239,0,-133,1
874,99,107,342,0,-127,0
874,101,752,521,0,-92,1
874,104,732,614,0,-86,1
874,107,237,78,0,-98,1
874,114,251,741,0,-254,0
874,116,268,17,0,-151,1
874,119,298,744,0,-72,1
874,120,115,719,0,33,1
874,121,4,491,0,23,1
874,122,333,479,0,-218,1
874,123,462,43,0,-55,0
874,124,742,649,0,-131,1
874,126,351,504,0,-162,1
875,0,314,123,0,-259,0
875,1,468,452,0,-130,0
875,2,569,521,0,-121,0
875,3,254,180,0,-230,0
875,4,273,391,0,-13,0
875,5,223,737,0,-44,0
875,7,371,237,0,13,0
875,8,250,399,0,-260,0
875,10,375,531,0,-155,0
875,11,431,698,0,-265,0
875,12,156,336,0,-254,0
875,13,292,286,0,-58,0
875,14,319,90,0,78,0
875,15,137,171,0,-159,0
875,16,470,369,0,-4,0
875,17,56,81,0,-220,0
875,18,86,453,0,-185,0
875,19,673,716,0,-106,0
875,54,160,391,0,-255,1
875,69,24,549,0,10,1
875,74,675,731,0,-87,0
875,75,298,182,0,-253,0
875,85,638,428,0,-140,0
875,89,121,242,0,-133,1
875,99,110,345,0,-133,0
875,101,3,521,0,-91,1
875,104,735,614,0,-86,1
875,107,240,79,0,-98,1
875,114,251,741,0,-254,0
875,116,270,19,0,-151,1
875,119,300,743,0,-72,1
875,120,114,717,0,33,1
875,121,3,488,0,23,1
875,122,331,482,0,-218,1
875,123,465,42,0,-77,0
875,124,744,652,0,-150,1
875,126,352,507,0,-162,1
876,0,311,123,0,-259,0
876,1,471,454,0,-130,0
876,2,572,522,0,-121,0
876,3,252,181,0,-230,0
876,4,273,388,0,-13,0
876,5,225,735,0,-44,0
876,7,370,234,0,13,0
876,8,247,399,0,-260,0
876,10,377,534,0,-148,0
876,11,428,699,0,-265,0
876,12,153,337,0,-254,0
876,13,295,284,0,-58,0
876,14,316,89,0,78,0
876,15,138,174,0,-159,0
876,16,470,366,0,-4,0
876,17,54,83,0,-220,0
876,18,86,456,0,-194,0
876,19,676,717,0,-106,0
876,54,157,391,0,-255,1
876,69,24,546,0,10,1
876,74,678,731,0,-87,0
876,75,295,183,0,-253,0
876,85,640,430,0,-140,0
876,89,122,244,0,-145,1
876,99,112,347,0,-133,0
876,101,6,521,0,-91,1
876,104,738,614,0,-86,1
876,107,243,79,0,-98,1
876,114,251,741,0,-254,0
876,116,271,22,0,-151,1
876,119,303,742,0,-72,1
876,120,112,714,0,33,1
876,121,2,485,0,23,1
876,122,329,484,0,-218,1
876,123,468,41,0,-77,0
876,124,745,654,0,-150,1
876,126,353,510,0,-162,1
877,0,308,124,0,-259,0
877,1,473,455,0,-130,0
877,2,574,524,0,-121,0
877,3,250,183,0,-230,0
877,4,274,385,0,-13,0
877,5,228,733,0,-44,0
877,7,371,231,0,-15,0
877,8,244,400,0,-260,0
877,10,378,536,0,-148,0
877,11,425,699,0,86,0
877,12,150,338,0,-254,0
877,13,297,283,0,-58,0
877,14,313,88,0,78,0
877,15,140,176,0,-148,0
877,16,470,363,0,2,0
877,17,52,86,0,-220,0
877,18,85,459,0,-194,0
877,19,679,718,0,-106,0
877,54,154,391,0,88,1
877,69,23,543,0,10,1
877,74,681,731,0,-87,0
877,75,292,183,0,-261,0
877,85,642,432,0,-140,0
877,89,124,246,0,-145,1
877,99,114,349,0,-133,0
877,101,9,521,0,-91,1
877,104,741,614,0,-86,1
877,107,246,80,0,-98,1
877,114,251,741,0,-254,0
877,116,273,24,0,-151,1
877,119,306,742,0,-85,1
877,120,110,712,0,47,1
877,121,1,483,0,11,1
877,122,327,486,0,-221,1
877,123,471,41,0,-77,0
877,124,747,657,0,-150,1
877,126,354,512,0,-162,1
878,0,305,125,0,-250,0
878,1,475,457,0,-130,0
878,2,577,525,0,-121,0
878,3,248,185,0,-230,0
878,4,275,382,0,-13,0
878,5,230,731,0,-44,0
878,7,372,228,0,-26,0
878,8,241,400,0,-260,0
878,10,380,539,0,-148,0
878,11,422,698,0,86,0
878,12,147,339,0,-254,0
878,13,300,281,0,-58,0
878,14,310,88,0,78,0
878,15,141,179,0,-148,0
878,16,470,360,0,2,0
878,17,50,88,0,-220,0
878,18,84,462,0,-194,0
878,19,682,719,0,-106,0
878,54,151,391,0,88,1
878,69,23,540,0,10,1
878,74,684,731,0,-87,0
878,75,289,184,0,-261,0
878,85,644,435,0,-140,0
878,89,126,249,0,-145,1
878,99,116,350,0,-129,0
878,101,12,521,0,-81,1
878,104,744,614,0,-86,1
878,107,249,80,0,-98,1
878,114,251,741,0,-254,0
878,116,274,27,0,-151,1
878,119,309,742,0,-85,1
878,120,108,710,0,47,1
878,121,0,480,0,21,1
878,122,325,489,0,-221,1
878,123,473,40,0,-77,0
878,124,747,660,0,-167,1
878,126,355,515,0,-162,1
879,0,302,126,0,-250,0
879,1,478,458,0,-110,0
879,2,579,527,0,-121,0
879,3,245,187,0,-230,0
879,4,276,379,0,-13,0
879,5,232,728,0,-44,0
879,7,375,226,0,-51,0
879,8,238,401,0,-260,0
879,10,381,541,0,-148,0
879,11,419,698,0,86,0
879,12,144,340,0,-254,0
879,13,302,280,0,-58,0
879,14,307,87,0,78,0
879,15,143,181,0,-148,0
879,16,470,357,0,2,0
879,17,48,90,0,-220,0
879,18,84,465,0,-183,0
879,19,685,719,0,-106,0
879,54,148,391,0,88,1
879,69,22,538,0,10,1
879,74,687,730,0,-74,0
879,75,286,184,0,-261,0
879,85,646,437,0,-140,0
879,89,128,251,0,-145,1
879,99,118,353,0,-142,0
879,101,15,520,0,-81,1
879,104,747,613,0,-86,1
879,107,252,80,0,-98,1
879,114,251,741,0,-254,0
879,116,275,30,0,-151,1
879,119,312,741,0,-85,1
879,120,106,708,0,47,1
879,121,749,477,0,21,1
879,122,324,491,0,-198,1
879,123,476,39,0,-77,0
879,124,748,663,0,-167,1
879,126,356,518,0,-162,1
880,0,299,127,0,-250,0
880,1,481,459,0,-99,0
880,2,582,528,0,-121,0
880,3,243,190,0,-217,0
880,4,276,376,0,-7,0
880,5,234,726,0,-44,0
880,7,377,224,0,-51,0
880,8,235,401,0,-260,0
880,10,384,543,0,-126,0
880,11,416,699,0,-257,0
880,12,141,341,0,-254,0
880,13,305,278,0,-58,0
880,14,304,86,0,78,0
880,15,144,184,0,-165,0
880,16,470,354,0,2,0
880,17,47,93,0,-200,0
880,18,84,468,0,-183,0
880,19,688,720,0,-106,0
880,54,145,390,0,65,1
880,69,22,535,0,10,1
880,74,690,729,0,-74,0
880,75,283,184,0,-266,0
880,85,648,439,0,-140,0
880,89,129,254,0,-145,1
880,99,120,355,0,-142,0
880,101,18,520,0,-81,1
880,104,750,613,0,-86,1
880,107,255,81,0,-98,1
880,114,251,741,0,-254,0
880,116,277,32,0,-151,1
880,119,315,741,0,-85,1
880,120,103,706,0,47,1
880,121,747,474,0,31,1
880,122,324,494,0,-182,1
880,123,479,39,0,-77,0
880,124,749,666,0,-167,1
880,126,357,521,0,-162,1
881,0,296,128,0,-250,0
881,1,484,459,0,-99,0
881,2,585,530,0,-121,0
881,3,241,192,0,-223,0
881,4,276,373,0,-4,0
881,5,236,724,0,-44,0
881,7,379,222,0,-51,0
881,8,232,402,0,-260,0
881,10,386,545,0,-126,0
881,11,413,699,0,-257,0
881,12,138,342,0,-254,0
881,13,307,276,0,-58,0
881,14,301,86,0,78,0
881,15,145,187,0,-165,0
881,16,470,351,0,2,0
881,17,46,96,0,-200,0
881,18,84,471,0,-183,0
881,19,690,722,0,-129,0
881,54,143,389,0,65,1
881,69,20,532,0,28,1
881,74,693,728,0,-74,0
881,75,280,185,0,-266,0
881,85,650,441,0,-140,0
881,89,131,256,0,-145,1
881,99,122,358,0,-142,0
881,101,21,519,0,-81,1
881,104,753,613,0,-86,1
881,107,257,81,0,-98,1
881,114,251,741,0,-254,0
881,116,278,35,0,-151,1
881,119,318,741,0,-85,1
881,120,101,704,0,47,1
881,121,746,472,0,31,1
881,122,324,497,0,-182,1
881,123,482,38,0,-77,0
881,124,749,669,0,-167,1
881,126,358,524,0,-162,1
882,0,294,129,0,-250,0
882,1,487,460,0,-99,0
882,2,587,531,0,-121,0
882,3,239,194,0,-223,0
882,4,276,370,0,-4,0
882,5,238,722,0,-44,0
882,7,382,220,0,-51,0
882,8,229,402,0,-260,0
882,10,389,546,0,-126,0
882,11,410,700,0,-257,0
882,12,135,342,0,-254,0
882,13,310,275,0,-58,0
882,14,298,85,0,78,0
882,15,145,190,0,-165,0
882,16,470,348,0,2,0
882,17,46,99,0,-188,0
882,18,83,474,0,-183,0
882,19,692,724,0,-133,0
882,54,140,387,0,65,1
882,69,19,529,0,28,1
882,74,696,727,0,-74,0
882,75,277,185,0,-266,0
882,85,652,444,0,-140,0
882,89,132,259,0,-171,1
882,99,123,360,0,-163,0
882,101,24,519,0,-81,1
882,104,3,613,0,-86,1
882,107,260,82,0,-98,1
882,114,251,741,0,-254,0
882,116,280,37,0,-151,1
882,119,321,741,0,-92,1
882,120,99,702,0,47,1
882,121,744,469,0,31,1
882,122,324,500,0,-182,1
882,123,485,37,0,-77,0
882,124,750,672,0,-167,1
882,126,359,527,0,-162,1
883,0,291,130,0,-250,0
883,1,490,460,0,-99,0
883,2,590,533,0,-121,0
883,3,237,196,0,-223,0
883,4,277,367,0,-4,0
883,5,240,720,0,-44,0
883,7,384,218,0,-51,0
883,8,227,403,0,-260,0
883,10,391,548,0,-130,0
883,11,408,701,0,-257,0
883,12,132,343,0,-262,0
883,13,313,273,0,-58,0
883,14,295,85,0,-267,0
883,15,146,193,0,-165,0
883,16,470,345,0,2,0
883,17,45,102,0,-188,0
883,18,83,477,0,-183,0
883,19,694,726,0,-133,0
883,54,137,386,0,61,1
883,69,17,527,0,28,1
883,74,699,727,0,-87,0
883,75,274,185,0,-266,0
883,85,654,446,0,-140,0
883,89,132,262,0,-171,1
883,99,124,363,0,-163,0
883,101,27,518,0,-81,1
883,104,6,613,0,-86,1
883,107,263,82,0,-98,1
883,114,251,741,0,-254,0
883,116,281,40,0,-151,1
883,119,324,741,0,-92,1
883,120,97,700,0,47,1
883,121,743,467,0,31,1
883,122,324,503,0,-182,1
883,123,488,37,0,-74,0
883,124,0,675,0,-173,1
883,126,360,530,0,-162,1
884,0,288,131,0,-250,0
884,1,493,462,0,-116,0
884,2,592,534,0,-121,0
884,3,235,199,0,-223,0
884,4,277,364,0,-4,0
884,5,242,718,0,-44,0
884,7,386,217,0,-51,0
884,8,224,403,0,-260,0
884,10,393,550,0,-130,0
884,11,405,701,0,-257,0
884,12,129,343,0,-262,0
884,13,315,272,0,-58,0
884,14,292,86,0,-267,0
884,15,147,196,0,-165,0
884,16,469,342,0,2,0
884,17,45,105,0,-188,0
884,18,83,480,0,-183,0
884,19,696,728,0,-133,0
884,54,135,385,0,66,1
884,69,16,524,0,28,1
884,74,702,727,0,-87,0
884,75,271,185,0,-266,0
884,85,656,448,0,-140,0
884,89,133,265,0,-171,1
884,99,125,366,0,-163,0
884,101,30,518,0,-81,1
884,104,9,612,0,-86,1
884,107,266,84,0,-121,1
884,114,251,741,0,-254,0
884,116,283,43,0,-151,1
884,119,327,741,0,-92,1
884,120,94,698,0,47,1
884,121,741,464,0,31,1
884,122,325,506,0,-157,1
884,123,491,36,0,-74,0
884,124,1,678,0,-173,1
884,126,359,533,0,-190,1
885,0,285,132,0,-250,0
885,1,495,463,0,-116,0
885,2,595,536,0,-118,0
885,3,233,201,0,-223,0
885,4,277,361,0,-4,0
885,5,244,716,0,-44,0
885,7,388,215,0,-51,0
885,8,221,404,0,-260,0
885,10,396,551,0,-113,0
885,11,402,702,0,-257,0
885,12,126,344,0,-262,0
885,13,318,270,0,-58,0
885,14,289,86,0,-267,0
885,15,148,199,0,-165,0
885,16,469,339,0,2,0
885,17,43,107,0,-207,0
885,18,83,483,0,-183,0
885,19,698,731,0,-144,0
885,54,132,383,0,66,1
885,69,15,521,0,28,1
885,74,705,727,0,-87,0
885,75,268,185,0,81,0
885,85,658,451,0,-140,0
885,89,133,268,0,-171,1
885,99,127,368,0,-138,0
885,101,33,517,0,-81,1
885,104,12,612,0,-83,1
885,107,269,85,0,-121,1
885,114,251,741,0,-254,0
885,116,284,45,0,-151,1
885,119,330,741,0,-92,1
885,120,92,696,0,47,1
885,121,740,461,0,31,1
885,122,326,509,0,-157,1
885,123,494,34,0,-62,0
885,124,1,681,0,-173,1
885,126,359,535,0,-190,1
886,0,282,133,0,-250,0
886,1,498,464,0,-116,0
886,2,598,537,0,-118,0
886,3,231,203,0,-223,0
886,4,277,358,0,-4,0
886,5,246,713,0,-44,0
886,7,390,212,0,-34,0
886,8,218,404,0,-260,0
886,10,399,553,0,-113,0
886,11,399,703,0,-257,0
886,12,123,344,0,-262,0
886,13,320,268,0,-58,0
886,14,286,86,0,-267,0
886,15,148,202,0,-165,0
886,16,469,336,0,2,0
886,17,42,110,0,-207,0
886,18,83,486,0,-183,0
886,19,700,733,0,-144,0
886,54,129,382,0,66,1
886,69,13,519,0,28,1
886,74,708,727,0,-87,0
886,75,265,184,0,81,0
886,85,660,453,0,-140,0
886,89,133,271,0,-171,1
886,99,129,371,0,-138,0
886,101,36,517,0,-81,1
886,104,15,612,0,-83,1
886,107,271,87,0,-121,1
886,114,251,741,0,-254,0
886,116,286,48,0,-151,1
886,119,333,741,0,-92,1
886,120,90,694,0,47,1
886,121,739,459,0,20,1
886,122,327,512,0,-155,1
886,123,496,33,0,-62,0
886,124,2,683,0,-173,1
886,126,358,538,0,-190,1
887,0,279,134,0,-250,0
887,1,501,466,0,-116,0
887,2,600,539,0,-118,0
887,3,229,205,0,-223,0
887,4,278,355,0,-13,0
887,5,248,711,0,-44,0
887,7,392,210,0,-34,0
887,8,215,405,0,-260,0
887,10,402,554,0,-113,0
887,11,396,703,0,-257,0
887,12,121,344,0,-262,0
887,13,323,267,0,-68,0
887,14,284,87,0,-238,0
887,15,149,204,0,-165,0
887,16,469,333,0,2,0
887,17,41,113,0,-207,0
887,18,82,489,0,-183,0
887,19,702,735,0,-144,0
887,69,12,516,0,28,1
887,74,711,727,0,-87,0
887,75,262,184,0,81,0
887,85,662,455,0,-140,0
887,89,134,274,0,-171,1
887,99,131,373,0,-138,0
887,101,38,516,0,-65,1
887,104,18,611,0,-83,1
887,107,273,89,0,-138,1
887,114,251,741,0,-254,0
887,116,287,51,0,-151,1
887,119,336,741,0,-90,1
887,120,88,692,0,47,1
887,121,737,456,0,28,1
887,122,329,514,0,-155,1
887,123,499,32,0,-62,0
887,124,1,686,0,-190,1
887,126,358,541,0,-190,1
887,127,38,516,0,-64,1
888,0,277,135,0,-250,0
888,1,503,467,0,-116,0
888,2,603,540,0,-118,0
888,3,227,207,0,-223,0
888,4,279,352,0,-13,0
888,5,250,709,0,-44,0
888,7,394,207,0,-34,0
888,8,212,406,0,-248,0
888,10,404,556,0,-127,0
888,11,393,704,0,-257,0
888,12,118,345,0,-262,0
888,13,326,266,0,-68,0
888,14,281,89,0,-238,0
888,15,150,207,0,-165,0
888,16,470,331,0,-27,0
888,17,39,116,0,-207,0
888,18,82,492,0,-183,0
888,19,704,738,0,-144,0
888,69,10,513,0,28,1
888,74,714,727,0,-91,0
888,75,259,183,0,81,0
888,85,664,457,0,-118,0
888,89,134,277,0,-171,1
888,99,133,375,0,-138,0
888,101,41,514,0,-65,1
888,104,21,611,0,-83,1
888,107,275,91,0,-138,1
888,114,251,741,0,-254,0
888,116,289,53,0,-151,1
888,119,339,741,0,-90,1
888,120,86,690,0,47,1
888,121,737,453,0,2,1
888,122,330,517,0,-155,1
888,123,502,30,0,-62,0
888,124,0,689,0,-190,1
888,126,357,544,0,-190,1
888,127,41,514,0,-64,1
889,0,274,137,0,-230,0
889,1,506,468,0,-116,0
889,2,606,541,0,-118,0
889,3,225,210,0,-223,0
889,4,279,349,0,-13,0
889,5,253,707,0,-44,0
889,7,395,205,0,-34,0
889,8,209,407,0,-250,0
889,10,406,557,0,-127,0
889,11,390,705,0,-257,0
889,12,115,345,0,-262,0
889,13,329,265,0,-68,0
889,14,279,91,0,-229,0
889,15,151,210,0,-165,0
889,16,471,328,0,-19,0
889,17,38,118,0,-207,0
889,18,82,495,0,-183,0
889,19,705,740,0,-144,0
889,69,9,511,0,28,1
889,74,717,727,0,-91,0
889,75,256,183,0,81,0
889,85,667,458,0,-118,0
889,89,135,280,0,-171,1
889,99,135,377,0,-138,0
889,101,44,513,0,-65,1
889,104,24,611,0,-83,1
889,107,277,94,0,-138,1
889,114,251,741,0,-254,0
889,116,290,56,0,-151,1
889,119,342,742,0,-90,1
889,120,83,688,0,47,1
889,121,737,450,0,2,1
889,122,331,520,0,-155,1
889,123,504,29,0,-62,0
889,124,0,692,0,-190,1
889,126,357,547,0,-190,1
889,127,44,513,0,-64,1
890,0,272,139,0,-230,0
890,1,508,470,0,-135,0
890,2,608,543,0,-118,0
890,3,223,212,0,-223,0
890,4,280,346,0,-13,0
890,5,255,705,0,-44,0
890,7,397,202,0,-34,0
890,8,206,408,0,-250,0
890,10,409,559,0,-127,0
890,11,387,705,0,-257,0
890,12,112,346,0,-262,0
890,13,331,264,0,-68,0
890,14,276,93,0,-229,0
890,15,152,213,0,-165,0
890,16,472,325,0,-19,0
890,17,37,121,0,-207,0
890,18,83,498,0,-169,0
890,19,707,743,0,-144,0
890,69,8,508,0,28,1
890,74,720,726,0,-82,0
890,75,253,182,0,81,0
890,85,670,459,0,-118,0
890,89,135,283,0,-171,1
890,99,137,379,0,-138,0
890,101,47,512,0,-65,1
890,104,27,610,0,-82,1
890,107,279,96,0,-142,1
890,114,248,742,0,-254,0
890,116,292,58,0,-151,1
890,119,345,742,0,-90,1
890,120,81,686,0,47,1
890,121,737,447,0,2,1
890,122,332,523,0,-155,1
890,123,507,27,0,-62,0
890,124,749,695,0,-190,1
890,126,356,550,0,-190,1
890,127,46,512,0,-64,1
891,0,270,141,0,-230,0
891,1,510,472,0,-135,0
891,2,611,544,0,-118,0
891,3,221,214,0,-223,0
891,4,282,344,0,-39,0
891,5,257,703,0,-44,0
891,7,399,200,0,-34,0
891,8,204,409,0,-250,0
891,10,411,561,0,-127,0
891,11,384,706,0,-257,0
891,12,109,346,0,-262,0
891,13,334,263,0,-68,0
891,14,274,95,0,-229,0
891,15,152,216,0,-165,0
891,16,473,322,0,-15,0
891,17,35,124,0,-207,0
891,18,83,501,0,-169,0
891,19,709,745,0,-144,0
891,69,6,505,0,28,1
891,74,723,726,0,-82,0
891,75,250,182,0,81,0
891,85,672,461,0,-118,0
891,89,136,286,0,-171,1
891,99,139,382,0,-138,0
891,101,48,509,0,-35,1
891,104,30,610,0,-82,1
891,107,281,98,0,-142,1
891,114,246,744,0,-230,0
891,116,293,61,0,-151,1
891,119,348,742,0,-90,1
891,120,79,684,0,47,1
891,121,737,444,0,5,1
891,122,334,525,0,-155,1
891,123,509,26,0,-62,0
891,124,749,698,0,-190,1
891,126,356,553,0,-190,1
891,127,49,510,0,-64,1
892,0,267,142,0,-230,0
892,1,513,474,0,-135,0
892,2,614,545,0,-111,0
892,3,219,216,0,-223,0
892,4,284,342,0,-39,0
892,5,258,700,0,-16,0
892,7,400,197,0,-34,0
892,8,201,410,0,-250,0
892,10,413,563,0,-134,0
892,11,381,707,0,-257,0
892,12,106,346,0,-262,0
892,13,337,262,0,-68,0
892,14,272,97,0,-229,0
892,15,153,219,0,-165,0
892,16,475,320,0,-43,0
892,17,34,126,0,-207,0
892,18,83,504,0,-186,0
892,19,711,748,0,-144,0
892,69,5,503,0,28,1
892,74,725,724,0,-59,0
892,75,247,181,0,80,0
892,85,675,462,0,-118,0
892,89,136,289,0,-171,1
892,99,140,384,0,-153,0
892,101,49,506,0,-8,1
892,104,33,609,0,-66,1
892,107,283,101,0,-142,1
892,114,243,746,0,-230,0
892,116,294,64,0,-169,1
892,119,351,742,0,-103,1
892,120,77,682,0,47,1
892,121,736,441,0,5,1
892,122,335,528,0,-155,1
892,123,512,24,0,-62,0
892,124,748,701,0,-190,1
892,126,355,556,0,-187,1
892,127,52,509,0,-64,1
893,0,265,144,0,-241,0
893,1,515,477,0,-135,0
893,2,617,546,0,-111,0
893,3,217,218,0,-223,0
893,4,286,339,0,-39,0
893,5,258,697,0,-16,0
893,7,402,195,0,-34,0
893,8,198,411,0,-250,0
893,10,416,565,0,-134,0
893,11,378,707,0,-257,0
893,12,103,347,0,-262,0
893,13,340,261,0,-68,0
893,14,270,99,0,-229,0
893,15,154,222,0,-165,0
893,16,477,318,0,-43,0
893,17,33,129,0,-207,0
893,18,83,507,0,-186,0
893,19,712,750,0,-150,0
893,69,3,500,0,28,1
893,74,728,723,0,-59,0
893,75,244,181,0,80,0
893,85,678,464,0,-118,0
893,89,137,292,0,-171,1
893,99,141,387,0,-153,0
893,101,50,504,0,-36,1
893,104,35,607,0,-66,1
893,107,284,103,0,-142,1
893,114,241,747,0,-230,0
893,116,294,67,0,-169,1
893,119,354,743,0,-103,1
893,120,75,679,0,47,1
893,121,736,438,0,13,1
893,122,336,531,0,-155,1
893,123,515,23,0,-62,0
893,124,748,704,0,-190,1
893,126,355,559,0,-187,1
893,127,55,509,0,-81,1
894,0,262,145,0,-241,0
894,1,517,479,0,-133,0
894,2,619,548,0,-111,0
894,3,215,221,0,-223,0
894,4,288,337,0,-39,0
894,5,259,694,0,-16,0
894,7,404,192,0,-34,0
894,8,195,412,0,-250,0
894,10,417,568,0,-153,0
894,11,375,708,0,-257,0
894,12,100,347,0,-262,0
894,13,343,260,0,-68,0
894,14,267,101,0,-229,0
894,15,155,225,0,-165,0
894,16,479,316,0,-43,0
894,17,31,131,0,-220,0
894,18,82,510,0,-186,0
894,19,714,3,0,-150,0
894,69,2,497,0,28,1
894,74,730,721,0,-59,0
894,75,241,180,0,80,0
894,85,680,465,0,-118,0
894,89,137,295,0,-171,1
894,99,143,390,0,-153,0
894,101,52,502,0,-36,1
894,104,38,606,0,-66,1
894,107,286,105,0,-142,1
894,114,239,749,0,-230,0
894,116,295,70,0,-169,1
894,119,357,742,0,-78,1
894,120,72,677,0,47,1
894,121,735,435,0,13,1
894,122,337,533,0,-155,1
894,123,517,22,0,-62,0
894,124,747,707,0,-190,1
894,126,355,562,0,-187,1
894,127,58,508,0,-81,1
895,0,260,148,0,-217,0
895,1,519,481,0,-133,0
895,2,622,549,0,-111,0
895,3,213,223,0,-223,0
895,4,289,335,0,-39,0
895,5,260,691,0,-16,0
895,7,405,190,0,-34,0
895,8,192,413,0,-250,0
895,10,418,571,0,-153,0
895,11,373,710,0,-231,0
895,12,97,348,0,-262,0
895,13,345,258,0,-68,0
895,14,265,103,0,-229,0
895,15,156,228,0,-165,0
895,16,481,313,0,-43,0
895,17,29,134,0,-215,0
895,18,82,513,0,-186,0
895,19,715,5,0,-150,0
895,69,1,495,0,19,1
895,74,733,720,0,-59,0
895,75,238,180,0,80,0
895,85,683,466,0,-118,0
895,89,139,297,0,-146,1
895,99,144,392,0,-153,0
895,101,54,499,0,-36,1
895,104,41,605,0,-66,1
895,107,288,108,0,-142,1
895,114,237,751,0,-230,0
895,116,295,73,0,-169,1
895,119,360,742,0,-78,1
895,120,71,675,0,30,1
895,121,734,432,0,13,1
895,122,339,536,0,-155,1
895,123,520,20,0,-62,0
895,124,747,710,0,-190,1
895,126,354,565,0,-187,1
895,127,61,508,0,-81,1
896,0,259,150,0,-217,0
896,1,521,483,0,-133,0
896,2,625,550,0,-111,0
896,3,212,225,0,-207,0
896,4,291,332,0,-39,0
896,5,261,688,0,-16,0
896,7,407,187,0,-34,0
896,8,189,414,0,-250,0
896,10,420,573,0,-153,0
896,11,371,712,0,-231,0
896,12,94,348,0,-262,0
896,13,348,257,0,-68,0
896,14,263,105,0,-229,0
896,15,156,230,0,-165,0
896,16,484,311,0,-43,0
896,17,26,135,0,-244,0
896,18,82,516,0,-186,0
896,19,717,8,0,-150,0
896,69,1,492,0,-5,1
896,74,736,718,0,-59,0
896,75,235,180,0,-263,0
896,85,685,468,0,-118,0
896,89,141,300,0,-146,1
896,99,145,395,0,-153,0
896,101,56,497,0,-34,1
896,104,44,604,0,-66,1
896,107,290,110,0,-142,1
896,114,234,2,0,-230,0
896,116,296,76,0,-169,1
896,119,362,740,0,-52,1
896,120,69,672,0,30,1
896,121,732,430,0,37,1
896,122,340,539,0,-155,1
896,123,523,19,0,-62,0
896,124,746,713,0,-190,1
896,126,354,568,0,-193,1
896,127,64,507,0,-81,1
897,0,257,153,0,-217,0
897,1,524,485,0,-133,0
897,2,628,551,0,-111,0
897,3,210,228,0,-207,0
897,4,293,330,0,-39,0
897,5,262,685,0,-16,0
897,7,409,185,0,-48,0
897,8,187,416,0,-234,0
897,10,421,576,0,-153,0
897,11,368,714,0,-237,0
897,12,91,348,0,-262,0
897,13,351,256,0,-68,0
897,14,261,107,0,-229,0
897,15,157,233,0,-165,0
897,16,486,309,0,-43,0
897,17,24,136,0,-244,0
897,18,81,519,0,-186,0
897,19,718,10,0,-150,0
897,69,2,489,0,-5,1
897,74,738,717,0,-59,0
897,75,232,179,0,77,0
897,85,687,470,0,-143,0
897,89,142,302,0,-153,1
897,99,147,398,0,-153,0
897,101,57,494,0,-34,1
897,104,47,604,0,-90,1
897,107,292,113,0,-142,1
897,114,232,4,0,-230,0
897,116,296,79,0,-169,1
897,119,365,738,0,-52,1
897,120,67,670,0,52,1
897,121,731,427,0,37,1
897,122,341,542,0,-155,1
897,123,525,17,0,-62,0
897,124,746,716,0,-190,1
897,126,353,571,0,-193,1
897,127,67,507,0,-81,1
898,0,255,155,0,-217,0
898,1,526,487,0,-133,0
898,2,630,552,0,-123,0
898,3,210,231,0,-183,0
898,4,295,328,0,-39,0
898,5,263,682,0,-16,0
898,7,411,183,0,-48,0
898,8,185,418,0,-234,0
898,10,422,579,0,-153,0
898,11,365,714,0,-260,0
898,12,88,350,0,-233,0
898,13,353,255,0,-58,0
898,14,258,109,0,-229,0
898,15,158,236,0,-165,0
898,16,488,307,0,-43,0
898,17,21,138,0,-244,0
898,18,82,521,0,-161,0
898,19,720,13,0,-150,0
898,69,1,486,0,6,1
898,74,741,715,0,-59,0
898,75,229,179,0,77,0
898,85,689,473,0,-143,0
898,89,143,305,0,-153,1
898,99,148,400,0,-153,0
898,101,59,492,0,-34,1
898,104,50,604,0,-90,1
898,107,294,115,0,-142,1
898,114,230,6,0,-230,0
898,116,297,82,0,-171,1
898,119,367,736,0,-52,1
898,120,65,669,0,52,1
898,121,729,425,0,37,1
898,122,342,544,0,-155,1
898,123,528,16,0,-58,0
898,124,745,719,0,-190,1
898,126,352,574,0,-193,1
898,127,70,506,0,-81,1
899,0,252,157,0,-238,0
899,1,528,489,0,-131,0
899,2,633,553,0,-94,0
899,3,209,234,0,-198,0
899,4,297,325,0,-39,0
899,5,263,680,0,-16,0
899,7,413,181,0,-36,0
899,8,182,420,0,-234,0
899,10,424,581,0,-153,0
899,11,362,715,0,-260,0
899,12,86,352,0,-233,0
899,13,356,253,0,-46,0
899,14,256,111,0,-229,0
899,15,159,239,0,-165,0
899,16,490,305,0,-43,0
899,17,18,138,0,-264,0
899,18,83,524,0,-161,0
899,19,721,16,0,-150,0
899,69,0,483,0,29,1
899,74,743,714,0,-59,0
899,75,227,178,0,77,0
899,85,691,475,0,-143,0
899,89,145,308,0,-153,1
899,99,150,403,0,-153,0
899,101,61,489,0,-34,1
899,104,52,605,0,-105,1
899,107,296,117,0,-142,1
899,114,227,8,0,-230,0
899,116,297,85,0,-171,1
899,119,369,734,0,-52,1
899,120,62,667,0,52,1
899,121,727,423,0,37,1
899,122,344,547,0,-155,1
899,123,530,14,0,-58,0
899,124,745,722,0,-190,1
899,126,352,577,0,-193,1
899,127,73,506,0,-81,1
900,0,250,158,0,-238,0
900,1,530,491,0,-131,0
900,2,636,553,0,-94,0
900,3,208,237,0,-198,0
900,4,299,323,0,-39,0
900,5,264,677,0,-16,0
900,7,415,178,0,-36,0
900,8,180,421,0,-234,0
900,10,425,584,0,-153,0
900,11,360,716,0,-237,0
900,12,84,354,0,-233,0
900,13,358,251,0,-46,0
900,14,254,113,0,-229,0
900,15,160,242,0,-165,0
900,16,492,303,0,-43,0
900,17,15,138,0,-264,0
900,18,84,527,0,-161,0
900,19,722,18,0,-150,0
900,69,749,480,0,29,1
900,74,745,711,0,-46,0
900,75,224,177,0,77,0
900,85,693,478,0,-143,0
900,89,146,310,0,-153,1
900,99,151,406,0,-153,0
900,101,62,487,0,-34,1
900,104,55,605,0,-105,1
900,107,297,120,0,-142,1
900,114,225,10,0,-230,0
900,116,298,88,0,-171,1
900,119,372,732,0,-52,1
900,120,60,665,0,52,1
900,121,725,420,0,37,1
900,122,345,550,0,-155,1
900,123,533,13,0,-58,0
900,126,351,580,0,-193,1
900,127,76,505,0,-81,1
901,0,247,160,0,-238,0
901,1,533,493,0,-131,0
901,2,639,553,0,-94,0
901,3,207,240,0,-198,0
901,4,301,321,0,-39,0
901,5,265,674,0,-16,0
901,7,417,176,0,-36,0
901,8,177,423,0,-243,0
901,10,426,587,0,-153,0
901,11,357,718,0,-237,0
901,12,81,355,0,-253,0
901,13,360,248,0,-46,0
901,14,252,115,0,-229,0
901,15,160,245,0,-165,0
901,16,494,300,0,-45,0
901,17,12,139,0,-264,0
901,18,85,530,0,-161,0
901,19,724,21,0,-150,0
901,69,747,478,0,29,1
901,74,748,709,0,-46,0
901,75,221,177,0,77,0
901,85,694,480,0,-143,0
901,89,147,313,0,-153,1
901,99,152,409,0,-168,0
901,101,64,484,0,-34,1
901,104,58,605,0,-76,1
901,107,299,122,0,-142,1
901,114,223,12,0,-230,0
901,116,299,90,0,-147,1
901,119,374,731,0,-52,1
901,120,58,662,0,28,1
901,121,723,419,0,66,1
901,122,346,553,0,-155,1
901,123,536,11,0,-58,0
901,126,350,583,0,-193,1
901,127,79,505,0,-81,1
902,0,245,161,0,-238,0
902,1,535,495,0,-131,0
902,2,642,553,0,-94,0
902,3,206,242,0,-198,0
902,4,303,318,0,-39,0
902,5,266,671,0,-23,0
902,7,418,174,0,-36,0
902,8,174,424,0,-253,0
902,10,428,589,0,-153,0
902,11,355,720,0,-237,0
902,12,78,356,0,-246,0
902,13,362,246,0,-46,0
902,14,249,117,0,-229,0
902,15,161,248,0,-165,0
902,16,496,298,0,-45,0
902,17,9,139,0,-264,0
902,18,86,533,0,-161,0
902,19,725,23,0,-150,0
902,69,746,475,0,29,1
902,74,750,707,0,-46,0
902,75,218,178,0,-253,0
902,85,695,483,0,-165,0
902,89,148,316,0,-174,1
902,99,152,412,0,-168,0
902,101,66,482,0,-34,1
902,104,61,604,0,-76,1
902,107,301,124,0,-142,1
902,114,221,14,0,-230,0
902,116,301,93,0,-147,1
902,119,377,729,0,-52,1
902,120,57,660,0,28,1
902,121,720,418,0,66,1
902,122,347,555,0,-155,1
902,123,538,9,0,-58,0
902,126,348,585,0,-221,1
902,127,81,504,0,-81,1
903,0,243,164,0,-219,0
903,1,537,497,0,-131,0
903,2,645,554,0,-94,0
903,3,205,245,0,-198,0
903,4,304,316,0,-39,0
903,5,268,669,0,-44,0
903,7,420,171,0,-36,0
903,8,171,424,0,-260,0
903,10,429,592,0,-153,0
903,11,352,721,0,-237,0
903,12,75,357,0,-246,0
903,13,364,244,0,-46,0
903,14,247,119,0,-229,0
903,15,160,251,0,-192,0
903,16,499,298,0,-75,0
903,17,6,139,0,-264,0
903,18,87,536,0,-161,0
903,19,727,26,0,-150,0
903,69,744,472,0,29,1
903,74,752,705,0,-46,0
903,75,215,179,0,-240,0
903,85,696,486,0,-165,0
903,89,148,319,0,-174,1
903,99,153,415,0,-168,0
903,101,68,480,0,-54,1
903,104,64,603,0,-76,1
903,107,303,127,0,-142,1
903,114,218,16,0,-230,0
903,116,303,95,0,-147,1
903,119,379,727,0,-52,1
903,120,56,657,0,28,1
903,121,717,417,0,66,1
903,122,350,557,0,-127,1
903,123,541,8,0,-58,0
903,126,346,587,0,-221,1
903,127,84,505,0,-104,1
904,0,241,166,0,-219,0
904,1,539,499,0,-131,0
904,2,648,554,0,-94,0
904,3,204,248,0,-198,0
904,4,306,314,0,-39,0
904,5,270,667,0,-44,0
904,7,422,169,0,-36,0
904,8,168,425,0,-260,0
904,10,430,595,0,-160,0
904,11,349,722,0,-249,0
904,12,72,358,0,-246,0
904,13,366,242,0,-46,0
904,14,245,121,0,-229,0
904,15,160,254,0,-192,0
904,16,502,297,0,-80,0
904,17,3,140,0,-264,0
904,18,88,538,0,-161,0
904,19,728,29,0,-150,0
904,69,743,470,0,29,1
904,74,3,704,0,-63,0
904,75,213,181,0,-240,0
904,85,697,489,0,-165,0
904,89,148,322,0,-174,1
904,99,153,418,0,-168,0
904,101,70,478,0,-54,1
904,104,67,602,0,-76,1
904,107,305,129,0,-142,1
904,114,216,18,0,-230,0
904,116,304,98,0,-147,1
904,119,381,725,0,-52,1
904,120,54,654,0,28,1
904,121,714,415,0,66,1
904,122,352,559,0,-127,1
904,123,543,6,0,-58,0
904,126,344,589,0,-221,1
904,127,87,506,0,-104,1
905,0,240,169,0,-200,0
905,1,542,500,0,-115,0
905,2,651,554,0,-87,0
905,3,203,251,0,-198,0
905,4,308,311,0,-30,0
905,5,273,665,0,-44,0
905,7,424,166,0,-36,0
905,8,166,426,0,-238,0
905,10,432,597,0,-143,0
905,11,346,723,0,-261,0
905,12,70,360,0,-246,0
905,13,369,240,0,-46,0
905,14,243,123,0,-229,0
905,15,159,257,0,-192,0
905,16,505,297,0,-80,0
905,17,0,140,0,-264,0
905,18,89,541,0,-161,0
905,19,730,31,0,-150,0
905,69,741,467,0,29,1
905,74,5,703,0,-63,0
905,75,210,182,0,-240,0
905,85,697,492,0,-165,0
905,89,149,325,0,-174,1
905,99,154,421,0,-168,0
905,101,73,476,0,-54,1
905,104,70,602,0,-76,1
905,107,307,131,0,-142,1
905,114,214,19,0,-230,0
905,116,306,100,0,-147,1
905,119,384,723,0,-52,1
905,120,53,652,0,28,1
905,121,712,414,0,66,1
905,122,353,562,0,-156,1
905,123,546,5,0,-58,0
905,126,342,592,0,-221,1
905,127,90,507,0,-110,1
906,0,239,172,0,-200,0
906,1,545,501,0,-115,0
906,2,654,552,0,-69,0
906,3,203,254,0,-198,0
906,4,310,309,0,-50,0
906,5,275,662,0,-44,0
906,7,425,164,0,-28,0
906,8,163,427,0,-261,0
906,10,434,600,0,-143,0
906,11,344,723,0,-261,0
906,12,67,361,0,-246,0
906,13,371,238,0,-46,0
906,14,240,124,0,-251,0
906,15,159,260,0,-192,0
906,16,508,296,0,-79,0
906,17,-3,140,0,-264,0
906,18,90,544,0,-161,0
906,19,731,34,0,-150,0
906,69,740,465,0,29,1
906,74,8,701,0,-63,0
906,75,207,184,0,-240,0
906,85,698,494,0,-165,0
906,89,149,328,0,-174,1
906,99,155,423,0,-168,0
906,101,75,475,0,-54,1
906,104,73,602,0,-102,1
906,107,308,134,0,-142,1
906,114,211,21,0,-230,0
906,116,308,103,0,-147,1
906,119,386,721,0,-52,1
906,120,51,649,0,28,1
906,121,709,413,0,66,1
906,122,355,564,0,-156,1
906,123,548,3,0,-58,0
906,126,340,594,0,-221,1
906,127,93,509,0,-121,1
907,0,238,174,0,-200,0
907,1,547,502,0,-115,0
907,2,656,550,0,-45,0
907,3,202,257,0,-198,0
907,4,312,307,0,-50,0
907,5,277,660,0,-44,0
907,7,427,161,0,-28,0
907,8,160,427,0,-261,0
907,10,435,602,0,-145,0
907,11,341,722,0,71,0
907,12,64,362,0,-252,0
907,13,373,236,0,-46,0
907,14,237,125,0,-251,0
907,15,159,262,0,-162,0
907,16,511,296,0,-92,0
907,17,747,141,0,-264,0
907,18,91,547,0,-161,0
907,19,733,37,0,-150,0
907,69,738,462,0,29,1
907,74,10,699,0,-51,0
907,75,205,185,0,-240,0
907,85,699,497,0,-165,0
907,89,149,331,0,-174,1
907,99,155,426,0,-168,0
907,101,78,473,0,-54,1
907,104,76,603,0,-102,1
907,107,310,136,0,-142,1
907,114,209,23,0,-230,0
907,116,309,105,0,-147,1
907,119,389,720,0,-64,1
907,120,50,646,0,28,1
907,121,706,413,0,-267,1
907,122,356,567,0,-156,1
907,123,551,2,0,-58,0
907,126,339,596,0,-213,1
907,127,95,510,0,-121,1
908,0,237,177,0,-200,0
908,1,550,504,0,-115,0
908,2,658,548,0,-45,0
908,3,201,260,0,-198,0
908,4,315,305,0,-50,0
908,5,279,658,0,-44,0
908,7,428,158,0,-28,0
908,8,157,429,0,-238,0
908,10,437,604,0,-145,0
908,11,338,721,0,71,0
908,12,61,361,0,83,0
908,13,375,234,0,-52,0
908,14,234,125,0,-264,0
908,15,160,265,0,-162,0
908,16,514,296,0,-92,0
908,17,744,141,0,-264,0
908,18,92,550,0,-161,0
908,19,734,39,0,-150,0
908,69,737,459,0,29,1
908,74,13,697,0,-51,0
908,75,202,187,0,-240,0
908,85,700,500,0,-165,0
908,89,150,334,0,-174,1
908,99,156,429,0,-168,0
908,101,80,471,0,-54,1
908,104,79,604,0,-102,1
908,107,312,139,0,-142,1
908,114,207,25,0,-242,0
908,116,311,108,0,-147,1
908,119,391,718,0,-39,1
908,120,48,644,0,28,1
908,121,703,413,0,-268,1
908,122,357,570,0,-156,1
908,123,553,0,0,-58,0
908,126,337,599,0,-213,1
908,127,98,512,0,-121,1
909,0,236,180,0,-200,0
909,1,553,505,0,-115,0
909,2,661,547,0,-69,0
909,3,200,262,0,-198,0
909,4,317,303,0,-49,0
909,5,281,656,0,-44,0
909,7,430,156,0,-28,0
909,8,155,431,0,-238,0
909,10,439,607,0,-145,0
909,11,335,720,0,57,0
909,12,58,361,0,83,0
909,13,378,232,0,-52,0
909,14,231,124,0,68,0
909,15,161,268,0,-162,0
909,16,517,296,0,-92,0
909,17,741,141,0,-264,0
909,18,93,553,0,-161,0
909,19,736,42,0,-150,0
909,69,736,457,0,29,1
909,74,15,695,0,-51,0
909,75,200,189,0,-231,0
909,85,701,503,0,-165,0
909,89,150,337,0,-174,1
909,99,157,432,0,-168,0
909,101,83,469,0,-54,1
909,104,82,604,0,-102,1
909,107,314,141,0,-142,1
909,114,204,26,0,-242,0
909,116,314,109,0,-117,1
909,119,393,716,0,-46,1
909,120,47,641,0,28,1
909,121,700,415,0,-242,1
909,122,359,572,0,-144,1
909,123,556,-2,0,-58,0
909,126,335,602,0,-213,1
909,127,100,513,0,-121,1
910,0,235,183,0,-200,0
910,1,555,507,0,-124,0
910,2,664,546,0,-69,0
910,3,199,265,0,-198,0
910,4,319,301,0,-49,0
910,5,283,654,0,-44,0
910,7,431,153,0,-28,0
910,8,152,432,0,-238,0
910,10,441,609,0,-145,0
910,11,333,718,0,57,0
910,12,55,361,0,83,0
910,13,380,231,0,-52,0
910,14,228,123,0,68,0
910,15,162,271,0,-162,0
910,16,520,296,0,-92,0
910,17,738,142,0,-257,0
910,18,94,555,0,-161,0
910,19,737,44,0,-150,0
910,69,734,454,0,29,1
910,74,17,694,0,-51,0
910,75,198,191,0,-229,0
910,85,701,506,0,-165,0
910,89,150,340,0,-174,1
910,99,157,435,0,-168,0
910,101,85,468,0,-54,1
910,104,85,605,0,-102,1
910,107,316,143,0,-142,1
910,114,201,28,0,-242,0
910,116,316,110,0,-117,1
910,119,395,714,0,-46,1
910,120,46,639,0,28,1
910,121,698,416,0,-230,1
910,122,360,575,0,-144,1
910,123,559,748,0,-58,0
910,126,334,604,0,-213,1
910,127,103,515,0,-121,1
911,0,234,186,0,-200,0
911,1,558,508,0,-124,0
911,2,667,545,0,-69,0
911,3,198,268,0,-198,0
911,4,321,299,0,-49,0
911,5,285,652,0,-44,0
911,7,432,151,0,-28,0
911,8,150,434,0,-238,0
911,10,442,612,0,-145,0
911,11,330,716,0,57,0
911,12,52,360,0,83,0
911,13,382,229,0,-52,0
911,14,226,121,0,68,0
911,15,163,274,0,-162,0
911,16,523,296,0,-92,0
911,17,735,143,0,-257,0
911,18,95,558,0,-161,0
911,19,739,47,0,-150,0
911,69,733,451,0,29,1
911,74,20,692,0,-51,0
911,75,195,193,0,-229,0
911,85,702,509,0,-165,0
911,89,150,343,0,-189,1
911,99,157,438,0,-192,0
911,101,88,466,0,-54,1
911,104,88,605,0,-102,1
911,107,318,146,0,-142,1
911,114,198,29,0,-248,0
911,116,319,112,0,-117,1
911,119,397,711,0,-46,1
911,120,45,636,0,12,1
911,121,696,418,0,-230,1
911,122,362,577,0,-144,1
911,123,561,747,0,-68,0
911,126,332,607,0,-213,1
911,127,106,516,0,-121,1
912,0,232,188,0,-227,0
912,1,560,510,0,-124,0
912,2,669,544,0,-69,0
912,3,197,271,0,-198,0
912,4,324,297,0,-49,0
912,5,287,650,0,-44,0
912,7,435,149,0,-55,0
912,8,148,436,0,-225,0
912,10,444,614,0,-145,0
912,11,328,715,0,57,0
912,12,49,360,0,83,0
912,13,385,227,0,-52,0
912,14,224,119,0,38,0
912,15,164,277,0,-162,0
912,16,526,297,0,-92,0
912,17,732,143,0,-257,0
912,18,96,561,0,-161,0
912,19,741,49,0,-125,0
912,69,731,449,0,29,1
912,74,22,690,0,-51,0
912,75,193,195,0,-229,0
912,85,703,512,0,-165,0
912,89,149,346,0,-189,1
912,99,156,441,0,-192,0
912,101,90,464,0,-54,1
912,104,90,606,0,-102,1
912,107,319,148,0,-142,1
912,114,196,30,0,-248,0
912,116,322,113,0,-117,1
912,119,399,710,0,-52,1
912,120,44,633,0,12,1
912,121,693,420,0,-230,1
912,122,364,580,0,-144,1
912,123,564,746,0,-68,0
912,126,331,609,0,-213,1
912,127,108,517,0,-102,1
913,0,229,190,0,-227,0
913,1,563,512,0,-124,0
913,2,672,543,0,-69,0
913,3,196,274,0,-198,0
913,4,326,295,0,-49,0
913,5,289,647,0,-44,0
913,7,437,147,0,-55,0
913,8,145,438,0,-225,0
913,10,447,616,0,-122,0
913,11,325,713,0,57,0
913,12,46,359,0,83,0
913,13,388,226,0,-66,0
913,14,222,117,0,38,0
913,15,165,280,0,-162,0
913,16,529,297,0,-92,0
913,17,729,144,0,-257,0
913,18,97,564,0,-161,0
913,19,744,50,0,-125,0
913,69,730,446,0,29,1
913,74,25,689,0,-78,0
913,75,191,196,0,-237,0
913,85,704,515,0,-165,0
913,89,149,349,0,-193,1
913,99,156,444,0,-174,0
913,101,92,462,0,-54,1
913,104,93,607,0,-102,1
913,107,321,150,0,-142,1
913,114,193,30,0,-266,0
913,116,324,114,0,-117,1
913,119,402,708,0,-52,1
913,120,44,630,0,12,1
913,121,692,423,0,-216,1
913,122,366,582,0,-144,1
913,123,567,745,0,-68,0
913,126,329,612,0,-213,1
913,127,111,516,0,-81,1
914,0,227,192,0,-227,0
914,1,565,513,0,-124,0
914,2,675,542,0,-69,0
914,3,195,277,0,-198,0
914,4,329,294,0,-67,0
914,5,292,645,0,-44,0
914,7,440,145,0,-55,0
914,8,143,440,0,-225,0
914,10,449,617,0,-122,0
914,11,323,711,0,57,0
914,12,43,359,0,83,0
914,13,390,224,0,-66,0
914,14,220,114,0,38,0
914,15,166,282,0,-162,0
914,16,532,297,0,-92,0
914,17,726,145,0,-257,0
914,18,98,567,0,-161,0
914,19,746,52,0,-125,0
914,69,728,444,0,29,1
914,74,28,690,0,-107,0
914,75,188,198,0,-237,0
914,85,704,518,0,-165,0
914,89,148,352,0,-193,1
914,99,157,447,0,-174,0
914,101,95,461,0,-54,1
914,104,96,607,0,-102,1
914,107,323,153,0,-142,1
914,114,190,30,0,-266,0
914,116,327,116,0,-124,1
914,119,404,706,0,-52,1
914,120,44,627,0,-7,1
914,121,689,424,0,-237,1
914,122,368,584,0,-144,1
914,123,570,744,0,-68,0
914,126,327,614,0,-213,1
914,127,114,516,0,-81,1
915,0,225,194,0,-227,0
915,1,568,515,0,-124,0
915,2,678,541,0,-69,0
915,3,194,280,0,-198,0
915,4,332,293,0,-67,0
915,5,294,643,0,-44,0
915,7,442,144,0,-55,0
915,8,141,442,0,-225,0
915,10,452,619,0,-122,0
915,11,321,709,0,30,0
915,12,40,359,0,83,0
915,13,393,224,0,-73,0
915,14,218,112,0,38,0
915,15,167,285,0,-162,0
915,16,535,297,0,-92,0
915,17,724,145,0,-257,0
915,18,99,570,0,-161,0
915,19,749,54,0,-125,0
915,69,727,441,0,29,1
915,74,31,691,0,-107,0
915,75,186,199,0,-237,0
915,85,705,521,0,-165,0
915,89,147,355,0,-193,1
915,99,158,450,0,-159,0
915,101,97,459,0,-54,1
915,104,99,608,0,-102,1
915,107,325,155,0,-142,1
915,114,187,30,0,-266,0
915,116,329,118,0,-124,1
915,119,407,704,0,-52,1
915,120,44,624,0,-7,1
915,121,687,426,0,-237,1
915,122,370,586,0,-122,1
915,123,572,743,0,-63,0
915,126,326,617,0,-213,1
915,127,117,515,0,-81,1
916,0,223,196,0,-227,0
916,1,570,517,0,-130,0
916,2,681,540,0,-69,0
916,3,194,282,0,-191,0
916,4,334,291,0,-48,0
916,5,296,641,0,-50,0
916,7,445,142,0,-68,0
916,8,139,444,0,-225,0
916,10,453,622,0,-147,0
916,11,319,707,0,55,0
916,12,38,357,0,60,0
916,13,396,223,0,-73,0
916,14,216,110,0,38,0
916,15,168,288,0,-162,0
916,16,538,297,0,-92,0
916,17,721,146,0,-257,0
916,18,100,572,0,-161,0
916,19,751,56,0,-125,0
916,69,726,438,0,29,1
916,74,33,692,0,-107,0
916,75,183,201,0,-237,0
916,85,706,523,0,-165,0
916,89,145,357,0,-218,1
916,99,160,452,0,-141,0
916,101,100,457,0,-54,1
916,104,102,608,0,-102,1
916,107,327,158,0,-142,1
916,114,184,31,0,-266,0
916,116,332,119,0,-124,1
916,119,409,702,0,-52,1
916,120,45,621,0,-7,1
916,121,684,428,0,-237,1
916,122,373,588,0,-122,1
916,123,575,741,0,-63,0
916,126,324,619,0,-213,1
916,127,120,515,0,-81,1
917,0,221,198,0,-227,0
917,1,572,519,0,-130,0
917,2,683,539,0,-69,0
917,3,193,285,0,-191,0
917,4,336,289,0,-48,0
917,5,298,639,0,-50,0
917,7,448,141,0,-68,0
917,8,137,446,0,-225,0
917,10,455,624,0,-147,0
917,11,316,706,0,73,0
917,12,36,355,0,45,0
917,13,399,222,0,-73,0
917,14,214,108,0,56,0
917,15,169,291,0,-162,0
917,16,541,297,0,-92,0
917,17,718,147,0,-257,0
917,18,101,575,0,-161,0
917,19,2,57,0,-125,0
917,69,724,436,0,29,1
917,74,36,693,0,-107,0
917,75,181,203,0,-237,0
917,85,707,526,0,-165,0
917,89,144,359,0,-218,1
917,99,161,454,0,-141,0
917,101,102,455,0,-54,1
917,104,105,609,0,-102,1
917,107,329,160,0,-142,1
917,114,181,32,0,-242,0
917,116,334,122,0,-138,1
917,119,411,700,0,-52,1
917,120,45,618,0,-7,1
917,121,682,429,0,-237,1
917,122,375,589,0,-122,1
917,123,578,740,0,-63,0
917,126,322,622,0,-213,1
917,127,123,514,0,-81,1
918,0,218,200,0,-227,0
918,1,575,521,0,-130,0
918,2,686,538,0,-69,0
918,3,193,288,0,-191,0
918,4,338,287,0,-48,0
918,5,301,638,0,-71,0
918,7,450,140,0,-68,0
918,8,135,449,0,-225,0
918,10,457,627,0,-147,0
918,11,313,705,0,73,0
918,12,34,353,0,45,0
918,13,402,222,0,-91,0
918,14,211,107,0,63,0
918,15,169,294,0,-177,0
918,16,544,297,0,-92,0
918,17,715,147,0,-257,0
918,18,102,578,0,-161,0
918,19,5,59,0,-125,0
918,69,722,434,0,46,1
918,74,39,694,0,-107,0
918,75,178,204,0,-237,0
918,85,708,529,0,-165,0
918,89,142,362,0,-218,1
918,99,163,457,0,-141,0
918,101,105,454,0,-52,1
918,104,108,608,0,-75,1
918,107,331,162,0,-134,1
918,114,178,34,0,-242,0
918,116,336,124,0,-138,1
918,119,414,698,0,-52,1
918,120,46,615,0,-7,1
918,121,679,431,0,-237,1
918,122,378,591,0,-122,1
918,123,580,738,0,-63,0
918,126,321,624,0,-213,1
918,127,126,514,0,-81,1
919,0,216,202,0,-227,0
919,1,577,523,0,-130,0
919,2,689,537,0,-69,0
919,3,193,291,0,-180,0
919,4,341,285,0,-48,0
919,5,304,637,0,-71,0
919,7,453,139,0,-68,0
919,8,134,451,0,-197,0
919,10,458,629,0,-147,0
919,11,310,704,0,74,0
919,12,32,351,0,35,0
919,13,405,222,0,-91,0
919,14,209,105,0,63,0
919,15,169,297,0,-177,0
919,16,547,297,0,-92,0
919,17,712,148,0,-257,0
919,18,103,581,0,-161,0
919,19,7,61,0,-125,0
919,69,720,431,0,46,1
919,74,42,694,0,-107,0
919,75,176,206,0,-237,0
919,85,708,532,0,-165,0
919,89,140,364,0,-218,1
919,99,165,459,0,-141,0
919,101,107,452,0,-52,1
919,104,111,607,0,-75,1
919,107,333,164,0,-134,1
919,114,176,35,0,-242,0
919,116,338,126,0,-138,1
919,119,416,698,0,-77,1
919,120,46,612,0,-17,1
919,121,677,433,0,-237,1
919,122,380,592,0,-122,1
919,123,583,737,0,-63,0
919,126,319,627,0,-213,1
919,127,129,513,0,-81,1
920,0,214,204,0,-227,0
920,1,578,525,0,-159,0
920,2,692,535,0,-69,0
920,3,193,294,0,-180,0
920,4,343,283,0,-48,0
920,5,307,636,0,-71,0
920,7,456,138,0,-68,0
920,8,133,454,0,-197,0
920,10,459,632,0,-163,0
920,11,307,704,0,74,0
920,12,30,348,0,35,0
920,13,408,222,0,-93,0
920,14,206,104,0,63,0
920,15,169,300,0,-177,0
920,16,550,297,0,-92,0
920,17,709,148,0,-264,0
920,18,104,584,0,-161,0
920,19,10,62,0,-113,0
920,69,718,429,0,46,1
920,74,45,695,0,-107,0
920,75,174,209,0,-216,0
920,85,710,535,0,-152,0
920,89,138,366,0,-218,1
920,99,167,462,0,-153,0
920,101,109,450,0,-52,1
920,104,114,607,0,-75,1
920,107,335,166,0,-134,1
920,114,173,36,0,-242,0
920,116,339,129,0,-155,1
920,119,419,697,0,-77,1
920,120,48,609,0,-29,1
920,121,674,434,0,-237,1
920,122,382,595,0,-140,1
920,123,585,735,0,-39,0
920,126,318,629,0,-213,1
920,127,132,513,0,-81,1
921,0,212,206,0,-227,0
921,1,579,528,0,-159,0
921,2,695,534,0,-69,0
921,3,193,297,0,-180,0
921,4,345,281,0,-48,0
921,5,310,636,0,-71,0
921,7,458,136,0,-48,0
921,8,132,457,0,-197,0
921,10,460,635,0,-163,0
921,11,304,703,0,74,0
921,12,28,346,0,35,0
921,13,411,222,0,-93,0
921,14,203,103,0,67,0
921,15,169,303,0,-177,0
921,16,553,298,0,-101,0
921,17,706,149,0,-264,0
921,18,105,587,0,-161,0
921,19,13,63,0,-113,0
921,69,716,427,0,30,1
921,74,48,696,0,-107,0
921,75,172,211,0,-216,0
921,85,711,537,0,-152,0
921,89,136,369,0,-218,1
921,99,168,464,0,-153,0
921,101,112,448,0,-52,1
921,104,117,605,0,-63,1
921,107,338,168,0,-126,1
921,114,170,37,0,-256,0
921,116,340,132,0,-155,1
921,119,422,696,0,-77,1
921,120,49,607,0,-29,1
921,121,672,436,0,-237,1
921,122,384,597,0,-140,1
921,123,587,732,0,-39,0
921,126,317,632,0,-197,1
921,127,135,512,0,-81,1
922,0,209,208,0,-227,0
922,1,581,530,0,-136,0
922,2,697,533,0,-69,0
922,3,193,300,0,-180,0
922,4,347,279,0,-48,0
922,5,312,635,0,-71,0
922,7,460,134,0,-48,0
922,8,131,460,0,-197,0
922,10,461,638,0,-163,0
922,11,301,702,0,74,0
922,12,27,343,0,35,0
922,13,414,222,0,-93,0
922,14,200,102,0,80,0
922,15,170,306,0,-177,0
922,16,556,298,0,-101,0
922,17,703,149,0,-264,0
922,18,106,590,0,-161,0
922,19,16,64,0,-113,0
922,69,714,425,0,53,1
922,74,51,697,0,-107,0
922,75,171,214,0,-210,0
922,85,713,540,0,-152,0
922,89,134,371,0,-218,1
922,99,169,467,0,-155,0
922,101,114,446,0,-52,1
922,104,119,604,0,-63,1
922,107,340,170,0,-126,1
922,114,168,39,0,-240,0
922,116,343,134,0,-131,1
922,119,425,696,0,-77,1
922,120,51,604,0,-29,1
922,121,670,439,0,-213,1
922,122,386,599,0,-140,1
922,123,589,730,0,-39,0
922,126,316,635,0,-197,1
922,127,138,512,0,-81,1
923,0,207,209,0,-247,0
923,1,582,533,0,-160,0
923,2,700,532,0,-69,0
923,3,193,303,0,-180,0
923,4,349,277,0,-48,0
923,5,315,634,0,-71,0
923,7,463,132,0,-48,0
923,8,130,463,0,-197,0
923,10,462,641,0,-163,0
923,11,299,701,0,74,0
923,12,25,341,0,35,0
923,13,417,222,0,-93,0
923,14,197,102,0,80,0
923,15,170,309,0,-177,0
923,16,559,299,0,-101,0
923,17,700,149,0,-264,0
923,18,107,592,0,-161,0
923,19,18,65,0,-113,0
923,69,711,423,0,53,1
923,74,53,698,0,-107,0
923,75,169,216,0,-210,0
923,85,713,543,0,-170,0
923,89,132,374,0,-218,1
923,99,170,470,0,-164,0
923,101,116,444,0,-52,1
923,104,122,603,0,-63,1
923,107,342,171,0,-126,1
923,114,165,40,0,-252,0
923,116,345,136,0,-131,1
923,119,428,695,0,-77,1
923,120,52,601,0,-29,1
923,121,668,441,0,-213,1
923,122,388,602,0,-140,1
923,123,591,728,0,-39,0
923,127,141,511,0,-81,1
924,0,204,210,0,-247,0
924,1,583,536,0,-160,0
924,2,703,530,0,-50,0
924,3,193,306,0,-180,0
924,4,352,275,0,-48,0
924,5,318,633,0,-71,0
924,7,465,130,0,-48,0
924,8,129,466,0,-197,0
924,10,463,643,0,-163,0
924,11,296,700,0,73,0
924,12,23,338,0,31,0
924,13,420,223,0,-93,0
924,14,194,102,0,-260,0
924,15,171,312,0,-160,0
924,16,562,300,0,-101,0
924,17,697,150,0,-264,0
924,18,107,595,0,-161,0
924,19,21,67,0,-113,0
924,69,709,422,0,62,1
924,74,56,699,0,-107,0
924,75,168,219,0,-210,0
924,85,714,546,0,-170,0
924,89,131,376,0,-218,1
924,99,171,473,0,-164,0
924,101,119,442,0,-52,1
924,104,125,601,0,-63,1
924,107,345,173,0,-130,1
924,114,162,40,0,-252,0
924,116,348,136,0,-105,1
924,119,431,694,0,-77,1
924,120,54,599,0,-29,1
924,121,667,444,0,-213,1
924,122,390,604,0,-140,1
924,123,592,725,0,-39,0
924,127,144,511,0,-81,1
925,0,201,211,0,-247,0
925,1,584,539,0,-160,0
925,2,705,528,0,-50,0
925,3,193,309,0,-180,0
925,4,354,273,0,-48,0
925,5,321,632,0,-71,0
925,7,467,128,0,-48,0
925,8,129,469,0,-197,0
925,10,463,646,0,-163,0
925,11,293,699,0,73,0
925,12,22,336,0,31,0
925,13,423,223,0,-89,0
925,14,191,103,0,-260,0
925,15,171,315,0,-185,0
925,16,565,300,0,-101,0
925,17,694,150,0,89,0
925,18,108,598,0,-161,0
925,19,24,68,0,-113,0
925,69,706,420,0,62,1
925,74,59,700,0,-112,0
925,75,166,221,0,-210,0
925,85,714,549,0,-170,0
925,89,129,378,0,-218,1
925,99,172,476,0,-164,0
925,101,121,441,0,-52,1
925,104,127,600,0,-63,1
925,107,347,175,0,-130,1
925,114,159,41,0,-252,0
925,116,351,137,0,-105,1
925,119,434,695,0,-104,1
925,120,55,596,0,-29,1
925,121,665,446,0,-213,1
925,122,392,606,0,-129,1
925,123,594,723,0,-39,0
925,127,147,511,0,-81,1
926,0,198,213,0,-247,0
926,1,585,542,0,-160,0
926,2,707,527,0,-50,0
926,3,193,312,0,-180,0
926,4,356,271,0,-48,0
926,5,324,631,0,-75,0
926,7,468,125,0,-22,0
926,8,128,472,0,-197,0
926,10,464,649,0,-163,0
926,11,290,699,0,73,0
926,12,20,333,0,31,0
926,13,426,222,0,-89,0
926,14,188,103,0,-260,0
926,15,170,318,0,-185,0
926,16,567,301,0,-101,0
926,17,691,149,0,89,0
926,18,109,601,0,-161,0
926,19,27,69,0,-113,0
926,69,703,419,0,62,1
926,74,62,701,0,-114,0
926,75,165,224,0,-210,0
926,85,715,552,0,-169,0
926,89,128,381,0,-194,1
926,99,173,479,0,-164,0
926,101,123,438,0,-44,1
926,104,130,599,0,-63,1
926,107,349,177,0,-130,1
926,114,156,42,0,-252,0
926,116,354,138,0,-105,1
926,119,437,696,0,-104,1
926,120,56,594,0,-29,1
926,121,663,449,0,-213,1
926,122,394,608,0,-129,1
926,123,596,721,0,-39,0
926,127,150,510,0,-85,1
927,0,196,215,0,-225,0
927,1,586,544,0,-160,0
927,2,710,525,0,-60,0
927,3,192,315,0,-180,0
927,4,359,270,0,-73,0
927,5,327,630,0,-62,0
927,7,469,122,0,-22,0
927,8,127,474,0,-197,0
927,10,465,652,0,-163,0
927,11,287,698,0,73,0
927,12,19,330,0,18,0
927,13,429,222,0,-89,0
927,14,185,104,0,-260,0
927,15,170,321,0,-185,0
927,16,570,301,0,-101,0
927,17,688,149,0,89,0
927,18,110,604,0,-161,0
927,19,30,70,0,-107,0
927,69,701,418,0,62,1
927,74,65,702,0,-114,0
927,75,164,227,0,-184,0
927,85,715,555,0,-169,0
927,89,126,384,0,-220,1
927,99,173,482,0,-164,0
927,101,125,437,0,-52,1
927,104,133,597,0,-63,1
927,107,352,179,0,-134,1
927,114,153,42,0,85,0
927,116,356,139,0,-105,1
927,119,440,696,0,-104,1
927,120,58,591,0,-29,1
927,121,661,451,0,-231,1
927,122,397,610,0,-129,1
927,123,598,718,0,-39,0
927,127,153,510,0,-84,1
928,0,194,217,0,-225,0
928,1,589,547,0,-132,0
928,2,713,524,0,-78,0
928,3,192,318,0,-180,0
928,4,362,269,0,-73,0
928,5,329,628,0,-62,0
928,7,471,120,0,-22,0
928,8,126,477,0,-197,0
928,10,466,655,0,-163,0
928,11,284,697,0,73,0
928,12,18,327,0,18,0
928,13,432,222,0,-89,0
928,14,182,104,0,-260,0
928,15,170,324,0,-170,0
928,16,573,301,0,-88,0
928,17,685,149,0,89,0
928,18,111,607,0,-161,0
928,19,32,71,0,-107,0
928,69,698,416,0,62,1
928,74,67,704,0,-114,0
928,75,164,230,0,-184,0
928,85,716,558,0,-169,0
928,89,124,386,0,-229,1
928,99,174,484,0,-164,0
928,101,128,435,0,-52,1
928,104,135,596,0,-63,1
928,107,354,181,0,-134,1
928,114,150,42,0,85,0
928,116,359,139,0,-102,1
928,119,443,697,0,-104,1
928,120,60,589,0,-54,1
928,121,659,452,0,-231,1
928,122,399,611,0,-129,1
928,123,600,716,0,-39,0
928,127,156,510,0,-96,1
929,0,192,219,0,-225,0
929,1,590,549,0,-153,0
929,2,715,522,0,-48,0
929,3,192,321,0,-180,0
929,4,365,268,0,-73,0
929,5,332,627,0,-62,0
929,7,472,117,0,-22,0
929,8,125,480,0,-197,0
929,10,467,658,0,-163,0
929,11,281,696,0,73,0
929,12,17,324,0,18,0
929,13,435,222,0,-76,0
929,14,179,105,0,-260,0
929,15,171,327,0,-170,0
929,16,576,301,0,-88,0
929,17,682,151,0,-246,0
929,18,112,609,0,-161,0
929,19,35,71,0,-107,0
929,69,695,415,0,62,1
929,74,70,705,0,-114,0
929,75,164,233,0,-184,0
929,85,717,561,0,-160,0
929,89,122,387,0,-229,1
929,99,175,487,0,-171,0
929,101,130,433,0,-52,1
929,104,138,595,0,-63,1
929,107,357,182,0,-106,1
929,114,147,41,0,70,0
929,116,362,140,0,-102,1
929,119,446,698,0,-104,1
929,120,63,587,0,-54,1
929,121,656,454,0,-231,1
929,122,401,613,0,-129,1
929,123,602,714,0,-39,0
929,127,159,511,0,-113,1
930,0,190,221,0,-225,0
930,1,591,552,0,-153,0
930,2,717,520,0,-48,0
930,3,192,324,0,-180,0
930,4,368,267,0,-73,0
930,5,334,625,0,-62,0
930,7,474,114,0,-38,0
930,8,123,482,0,-226,0
930,10,468,661,0,-163,0
930,11,279,695,0,73,0
930,12,16,322,0,18,0
930,13,438,221,0,-76,0
930,14,177,106,0,-260,0
930,15,171,330,0,-170,0
930,16,579,301,0,-88,0
930,17,679,152,0,-246,0
930,18,113,612,0,-161,0
930,19,38,72,0,-107,0
930,69,693,413,0,62,1
930,74,73,706,0,-114,0
930,75,164,236,0,-184,0
930,85,719,563,0,-140,0
930,89,119,389,0,-229,1
930,99,175,490,0,-171,0
930,101,133,431,0,-52,1
930,104,141,593,0,-63,1
930,107,360,183,0,-106,1
930,114,145,40,0,70,0
930,116,365,141,0,-102,1
930,119,449,699,0,-104,1
930,120,65,586,0,-54,1
930,121,654,456,0,-231,1
930,122,404,615,0,-129,1
930,123,604,711,0,-39,0
930,127,161,513,0,-113,1
931,0,188,223,0,-225,0
931,1,593,555,0,-153,0
931,2,719,518,0,-48,0
931,3,192,327,0,-180,0
931,4,370,267,0,-73,0
931,5,337,624,0,-62,0
931,7,476,112,0,-38,0
931,8,121,484,0,-226,0
931,10,468,664,0,-173,0
931,11,276,696,0,-258,0
931,12,15,319,0,18,0
931,13,441,221,0,-84,0
931,14,174,106,0,-260,0
931,15,172,333,0,-170,0
931,16,582,301,0,-88,0
931,17,677,153,0,-246,0
931,18,114,615,0,-161,0
931,19,41,73,0,-107,0
931,69,690,413,0,74,1
931,74,76,707,0,-114,0
931,75,163,239,0,-184,0
931,85,721,565,0,-140,0
931,89,117,391,0,-229,1
931,99,176,493,0,-171,0
931,101,135,429,0,-52,1
931,104,143,592,0,-63,1
931,107,362,184,0,-106,1
931,114,142,39,0,70,0
931,116,368,141,0,-102,1
931,119,452,699,0,-104,1
931,120,68,584,0,-54,1
931,121,652,458,0,-231,1
931,122,405,618,0,-146,1
931,123,606,709,0,-39,0
931,127,164,514,0,-113,1
932,0,186,225,0,-225,0
932,1,594,557,0,-153,0
932,2,722,516,0,-48,0
932,3,192,330,0,-189,0
932,4,373,266,0,-73,0
932,5,340,623,0,-62,0
932,7,477,110,0,-38,0
932,8,119,486,0,-226,0
932,10,468,667,0,-173,0
932,11,273,697,0,-230,0
932,12,15,316,0,10,0
932,13,444,220,0,-84,0
932,14,171,107,0,-260,0
932,15,172,335,0,-170,0
932,16,585,301,0,-88,0
932,17,674,153,0,88,0
932,18,115,618,0,-161,0
932,19,44,73,0,-79,0
932,69,687,412,0,74,1
932,74,79,707,0,-88,0
932,75,165,242,0,-154,0
932,85,723,568,0,-140,0
932,89,114,392,0,-251,1
932,99,176,496,0,-171,0
932,101,137,427,0,-52,1
932,104,146,591,0,-63,1
932,107,365,185,0,-106,1
932,114,139,39,0,-265,0
932,116,371,142,0,-102,1
932,119,454,700,0,-104,1
932,120,71,583,0,-78,1
932,121,650,460,0,-231,1
932,122,407,620,0,-146,1
932,123,608,707,0,-39,0
932,127,167,515,0,-113,1
933,0,184,227,0,-225,0
933,1,594,560,0,-174,0
933,2,724,514,0,-48,0
933,3,192,333,0,-183,0
933,4,376,265,0,-73,0
933,5,342,621,0,-62,0
933,7,479,107,0,-34,0
933,8,116,488,0,-226,0
933,10,470,669,0,-147,0
933,11,271,699,0,-230,0
933,12,14,313,0,10,0
933,13,447,220,0,-84,0
933,14,168,107,0,-260,0
933,15,173,338,0,-170,0
933,16,588,301,0,-88,0
933,17,671,153,0,88,0
933,18,116,621,0,-161,0
933,19,47,72,0,-77,0
933,69,684,411,0,74,1
933,74,82,707,0,-88,0
933,75,166,244,0,-154,0
933,85,724,570,0,-150,0
933,89,111,393,0,-251,1
933,99,177,499,0,-171,0
933,101,140,426,0,-52,1
933,104,149,589,0,-63,1
933,107,368,185,0,-106,1
933,114,136,39,0,-265,0
933,116,374,144,0,-126,1
933,119,457,701,0,-104,1
933,120,73,583,0,-78,1
933,121,647,462,0,-231,1
933,122,409,623,0,-146,1
933,123,609,705,0,-39,0
933,127,170,516,0,-113,1
934,0,181,229,0,-225,0
934,1,595,563,0,-174,0
934,2,726,512,0,-48,0
934,3,192,336,0,-183,0
934,4,379,264,0,-73,0
934,5,345,620,0,-62,0
934,7,481,105,0,-34,0
934,8,114,491,0,-226,0
934,10,472,672,0,-147,0
934,11,269,701,0,-230,0
934,12,15,310,0,-7,0
934,13,450,220,0,-84,0
934,14,165,108,0,-259,0
934,15,173,341,0,-170,0
934,16,591,300,0,-88,0
934,17,668,153,0,88,0
934,18,117,624,0,-161,0
934,19,50,71,0,-77,0
934,69,681,410,0,74,1
934,74,85,707,0,-88,0
934,75,167,247,0,-154,0
934,85,726,573,0,-150,0
934,89,108,393,0,86,1
934,99,176,502,0,-188,0
934,101,142,424,0,-52,1
934,104,151,587,0,-46,1
934,107,371,185,0,-87,1
934,114,133,40,0,-265,0
934,116,376,145,0,-126,1
934,119,460,701,0,-104,1
934,120,76,581,0,-57,1
934,121,645,464,0,-231,1
934,122,411,625,0,-146,1
934,123,611,702,0,-39,0
934,127,172,517,0,-113,1
935,0,179,232,0,-225,0
935,1,595,566,0,-177,0
935,2,728,510,0,-48,0
935,3,192,339,0,-176,0
935,4,382,263,0,-73,0
935,5,347,618,0,-49,0
935,7,482,102,0,-31,0
935,8,112,493,0,-226,0
935,10,473,674,0,-147,0
935,11,266,703,0,-230,0
935,12,15,307,0,-7,0
935,13,453,219,0,-84,0
935,14,162,108,0,-259,0
935,15,174,344,0,-170,0
935,16,594,301,0,-111,0
935,17,665,153,0,88,0
935,18,118,626,0,-161,0
935,19,53,71,0,-77,0
935,69,678,409,0,74,1
935,74,88,707,0,-86,0
935,75,169,250,0,-154,0
935,85,728,575,0,-136,0
935,89,105,393,0,86,1
935,99,176,505,0,-188,0
935,101,144,422,0,-52,1
935,104,153,586,0,-60,1
935,107,374,185,0,-87,1
935,114,130,40,0,-265,0
935,116,378,147,0,-126,1
935,119,463,702,0,-104,1
935,120,79,579,0,-57,1
935,121,643,466,0,-231,1
935,122,412,628,0,-146,1
935,123,613,700,0,-39,0
935,127,175,519,0,-113,1
936,0,178,234,0,-208,0
936,1,595,569,0,-177,0
936,2,731,509,0,-57,0
936,3,192,342,0,-176,0
936,4,385,262,0,-81,0
936,5,350,616,0,-49,0
936,7,484,100,0,-31,0
936,8,110,495,0,-226,0
936,10,475,677,0,-147,0
936,11,264,705,0,-230,0
936,12,15,304,0,-7,0
936,13,456,219,0,-84,0
936,14,159,108,0,88,0
936,15,174,347,0,-170,0
936,16,597,303,0,-111,0
936,17,662,152,0,78,0
936,18,119,629,0,-161,0
936,19,56,72,0,-107,0
936,69,675,408,0,74,1
936,74,90,706,0,-72,0
936,75,170,252,0,-154,0
936,85,728,578,0,-163,0
936,89,102,393,0,86,1
936,99,175,508,0,-188,0
936,101,147,420,0,-52,1
936,104,156,584,0,-60,1
936,107,377,185,0,-87,1
936,114,127,40,0,-260,0
936,116,381,149,0,-126,1
936,119,466,703,0,-104,1
936,120,81,578,0,-57,1
936,121,640,468,0,-231,1
936,122,414,630,0,-146,1
936,123,615,698,0,-39,0
936,127,177,521,0,-132,1
937,0,176,237,0,-208,0
937,1,595,572,0,-177,0
937,2,733,507,0,-57,0
937,3,192,345,0,-176,0
937,4,388,263,0,-93,0
937,5,352,614,0,-49,0
937,7,485,97,0,-31,0
937,8,108,497,0,-226,0
937,10,477,679,0,-143,0
937,11,262,707,0,-230,0
937,12,16,301,0,-7,0
937,13,459,219,0,-84,0
937,14,156,108,0,88,0
937,15,175,350,0,-170,0
937,16,600,304,0,-111,0
937,17,659,151,0,78,0
937,18,120,632,0,-161,0
937,19,59,72,0,-107,0
937,69,673,408,0,74,1
937,74,93,705,0,-72,0
937,75,171,255,0,-154,0
937,85,729,581,0,-163,0
937,89,99,392,0,86,1
937,99,175,511,0,-188,0
937,101,149,418,0,-52,1
937,104,159,583,0,-64,1
937,107,380,185,0,-87,1
937,114,124,41,0,-260,0
937,116,383,150,0,-126,1
937,119,469,704,0,-104,1
937,120,84,576,0,-57,1
937,121,638,470,0,-231,1
937,122,416,633,0,-146,1
937,123,617,695,0,-39,0
937,127,180,523,0,-132,1
938,0,175,240,0,-208,0
938,1,595,575,0,-177,0
938,2,736,506,0,-57,0
938,3,193,348,0,-176,0
938,4,391,263,0,-93,0
938,5,354,612,0,-49,0
938,7,487,94,0,-31,0
938,8,106,499,0,-226,0
938,10,479,681,0,-143,0
938,11,260,709,0,-225,0
938,12,16,298,0,-7,0
938,13,462,220,0,-104,0
938,14,153,108,0,88,0
938,15,176,353,0,-157,0
938,16,602,306,0,-136,0
938,17,656,151,0,78,0
938,18,121,635,0,-161,0
938,19,61,73,0,-107,0
938,69,670,407,0,74,1
938,74,96,704,0,-72,0
938,75,173,258,0,-154,0
938,85,730,583,0,-163,0
938,89,96,392,0,86,1
938,99,174,514,0,-188,0
938,101,152,416,0,-52,1
938,104,161,582,0,-64,1
938,107,383,185,0,-87,1
938,114,121,41,0,-260,0
938,116,386,152,0,-126,1
938,119,472,704,0,-104,1
938,120,86,574,0,-57,1
938,121,637,472,0,-206,1
938,122,417,635,0,-146,1
938,123,619,693,0,-32,0
938,127,182,525,0,-137,1
939,0,174,242,0,-208,0
939,1,595,578,0,-177,0
939,2,739,504,0,-57,0
939,3,193,351,0,-176,0
939,4,394,263,0,-93,0
939,5,356,610,0,-49,0
939,7,488,92,0,-31,0
939,8,103,501,0,-226,0
939,10,481,684,0,-143,0
939,11,258,711,0,-225,0
939,12,16,295,0,-7,0
939,13,464,220,0,-104,0
939,14,150,108,0,88,0
939,15,177,356,0,-157,0
939,16,604,308,0,-136,0
939,17,653,150,0,78,0
939,18,122,638,0,-161,0
939,19,64,74,0,-107,0
939,69,667,406,0,74,1
939,74,99,703,0,-72,0
939,75,174,261,0,-154,0
939,85,731,586,0,-163,0
939,89,93,392,0,86,1
939,99,174,517,0,-188,0
939,101,154,415,0,-52,1
939,104,164,580,0,-64,1
939,107,386,185,0,-87,1
939,114,118,43,0,-248,0
939,116,388,154,0,-126,1
939,119,475,705,0,-104,1
939,120,88,573,0,-52,1
939,121,635,475,0,-206,1
939,122,419,638,0,-146,1
939,123,620,690,0,-32,0
939,127,184,527,0,-136,1
940,0,172,245,0,-208,0
940,1,596,581,0,-177,0
940,2,741,502,0,-57,0
940,3,193,354,0,-176,0
940,4,396,264,0,-118,0
940,5,359,608,0,-49,0
940,7,491,90,0,-51,0
940,8,101,503,0,-226,0
940,10,482,686,0,-143,0
940,11,255,713,0,-225,0
940,12,17,292,0,-15,0
940,13,467,221,0,-96,0
940,14,147,109,0,-251,0
940,15,178,359,0,-157,0
940,16,606,310,0,-136,0
940,17,651,148,0,53,0
940,18,123,641,0,-161,0
940,19,67,75,0,-107,0
940,69,664,405,0,74,1
940,74,102,702,0,-72,0
940,75,174,264,0,-169,0
940,85,732,589,0,-163,0
940,89,91,393,0,-257,1
940,99,173,520,0,-188,0
940,101,156,413,0,-52,1
940,104,167,579,0,-64,1
940,107,389,184,0,-87,1
940,114,115,42,0,88,0
940,116,391,156,0,-126,1
940,119,478,706,0,-104,1
940,120,91,571,0,-52,1
940,121,634,478,0,-206,1
940,122,421,640,0,-146,1
940,123,622,688,0,-49,0
940,127,186,529,0,-136,1
941,0,171,247,0,-208,0
941,1,596,584,0,-177,0
941,2,744,501,0,-57,0
941,3,193,357,0,-176,0
941,4,399,266,0,-118,0
941,5,361,606,0,-49,0
941,7,493,88,0,-51,0
941,8,99,505,0,-226,0
941,10,484,689,0,-143,0
941,11,253,715,0,-225,0
941,12,18,289,0,-15,0
941,13,470,221,0,-96,0
941,14,144,110,0,-251,0
941,15,180,361,0,-157,0
941,16,608,312,0,-136,0
941,17,648,146,0,53,0
941,18,124,643,0,-161,0
941,19,70,76,0,-107,0
941,69,661,404,0,74,1
941,74,105,701,0,-72,0
941,75,175,266,0,-169,0
941,85,733,592,0,-163,0
941,89,88,393,0,-257,1
941,99,173,523,0,-188,0
941,101,159,411,0,-52,1
941,104,170,578,0,-64,1
941,107,392,184,0,-87,1
941,114,112,42,0,88,0
941,116,393,157,0,-126,1
941,119,481,706,0,-104,1
941,120,93,569,0,-52,1
941,121,633,480,0,-206,1
941,122,422,643,0,-146,1
941,123,625,686,0,-49,0
941,127,188,531,0,-136,1
942,0,169,250,0,-208,0
942,1,596,587,0,-182,0
942,2,746,499,0,-57,0
942,3,193,360,0,-176,0
942,4,402,266,0,-105,0
942,5,363,604,0,-49,0
942,7,495,86,0,-51,0
942,8,98,508,0,-199,0
942,10,486,691,0,-143,0
942,11,251,718,0,-225,0
942,12,20,287,0,-44,0
942,13,473,222,0,-112,0
942,14,141,111,0,-251,0
942,15,180,364,0,-165,0
942,16,610,314,0,-136,0
942,17,646,145,0,53,0
942,18,126,646,0,-142,0
942,19,73,77,0,-107,0
942,69,658,404,0,74,1
942,74,108,700,0,-72,0
942,75,175,269,0,-169,0
942,85,734,595,0,-163,0
942,89,85,394,0,-257,1
942,99,173,526,0,-188,0
942,101,161,409,0,-52,1
942,104,172,576,0,-64,1
942,107,395,184,0,-87,1
942,114,109,42,0,88,0
942,116,395,159,0,-132,1
942,119,484,707,0,-104,1
942,120,95,567,0,-52,1
942,121,631,483,0,-206,1
942,122,424,645,0,-146,1
942,123,627,684,0,-49,0
942,127,190,533,0,-136,1
943,0,168,253,0,-211,0
943,1,596,590,0,-182,0
943,2,749,497,0,-57,0
943,3,193,363,0,-185,0
943,4,405,267,0,-105,0
943,5,366,602,0,-49,0
943,7,497,84,0,-27,0
943,8,97,511,0,-199,0
943,10,488,693,0,-143,0
943,11,249,720,0,-225,0
943,12,22,285,0,-44,0
943,13,476,223,0,-112,0
943,14,138,112,0,-256,0
943,15,181,367,0,-165,0
943,16,612,317,0,-136,0
943,17,643,143,0,53,0
943,18,128,648,0,-142,0
943,19,76,78,0,-107,0
943,69,655,403,0,74,1
943,74,110,699,0,-72,0
943,75,176,272,0,-169,0
943,85,735,598,0,-152,0
943,89,82,395,0,-257,1
943,99,172,529,0,-188,0
943,101,163,407,0,-52,1
943,104,175,575,0,-64,1
943,107,398,184,0,-87,1
943,114,106,43,0,-259,0
943,116,398,161,0,-126,1
943,119,486,708,0,-104,1
943,120,98,567,0,-81,1
943,121,630,486,0,-206,1
943,122,426,648,0,-146,1
943,123,629,682,0,-49,0
943,127,192,535,0,-136,1
944,0,166,255,0,-211,0
944,1,596,593,0,-182,0
944,2,751,496,0,-60,0
944,3,193,366,0,-185,0
944,4,408,268,0,-105,0
944,5,368,600,0,-49,0
944,7,498,81,0,-27,0
944,8,98,514,0,-172,0
944,10,490,696,0,-143,0
944,11,246,721,0,-238,0
944,12,24,283,0,-44,0
944,13,479,224,0,-112,0
944,14,135,112,0,-256,0
944,15,182,370,0,-165,0
944,16,614,319,0,-136,0
944,17,641,141,0,53,0
944,18,130,651,0,-142,0
944,19,79,79,0,-107,0
944,69,652,402,0,74,1
944,74,113,697,0,-45,0
944,75,178,275,0,-150,0
944,85,737,600,0,-152,0
944,89,79,395,0,-257,1
944,99,172,532,0,-188,0
944,101,165,405,0,-35,1
944,104,178,574,0,-64,1
944,107,401,185,0,-116,1
944,114,103,42,0,74,0
944,116,400,163,0,-126,1
944,119,489,708,0,-104,1
944,120,101,566,0,-81,1
944,121,629,488,0,-206,1
944,122,427,650,0,-146,1
944,123,631,680,0,-49,0
944,127,194,538,0,-136,1
945,0,165,258,0,-211,0
945,1,595,596,0,-182,0
945,2,3,494,0,-60,0
945,3,193,369,0,-185,0
945,4,411,269,0,-105,0
945,5,370,598,0,-49,0
945,7,500,78,0,-27,0
945,8,98,517,0,-172,0
945,10,491,698,0,-143,0
945,11,244,723,0,-238,0
945,12,26,281,0,-44,0
945,13,482,225,0,-112,0
945,14,133,113,0,-256,0
945,15,183,373,0,-165,0
945,16,617,321,0,-136,0
945,17,639,139,0,53,0
945,18,131,653,0,-142,0
945,19,82,79,0,-89,0
945,69,649,401,0,70,1
945,74,115,695,0,-45,0
945,75,179,278,0,-152,0
945,85,738,603,0,-152,0
945,89,76,396,0,-253,1
945,99,170,535,0,-211,0
945,101,167,402,0,-36,1
945,104,180,572,0,-64,1
945,107,403,188,0,-138,1
945,114,101,41,0,74,0
945,116,403,165,0,-126,1
945,119,492,709,0,-104,1
945,120,104,566,0,-81,1
945,121,627,491,0,-206,1
945,122,429,652,0,-146,1
945,123,634,678,0,-49,0
945,127,196,540,0,-136,1
946,0,163,260,0,-211,0
946,1,597,599,0,-155,0
946,2,5,493,0,-60,0
946,3,192,372,0,-185,0
946,4,414,270,0,-105,0
946,5,372,596,0,-49,0
946,7,501,76,0,-27,0
946,8,98,520,0,-172,0
946,10,493,701,0,-143,0
946,11,241,724,0,-238,0
946,12,28,278,0,-44,0
946,13,484,227,0,-112,0
946,14,130,114,0,-256,0
946,15,183,376,0,-165,0
946,16,619,323,0,-136,0
946,17,636,137,0,53,0
946,18,133,655,0,-142,0
946,19,85,79,0,-89,0
946,69,647,400,0,70,1
946,74,117,693,0,-45,0
946,75,180,280,0,-152,0
946,85,739,606,0,-152,0
946,89,73,397,0,-253,1
946,99,169,537,0,-211,0
946,101,169,400,0,-49,1
946,104,183,571,0,-64,1
946,107,403,190,0,-167,1
946,114,98,40,0,74,0
946,116,405,167,0,-126,1
946,119,495,710,0,-104,1
946,120,107,565,0,-81,1
946,121,626,494,0,-206,1
946,122,431,655,0,-146,1
946,123,636,676,0,-40,0
946,127,198,542,0,-136,1
947,0,161,263,0,-211,0
947,1,599,601,0,-140,0
947,2,8,491,0,-60,0
947,3,192,375,0,-185,0
947,4,417,270,0,-105,0
947,5,375,594,0,-49,0
947,7,502,73,0,-27,0
947,8,99,523,0,-172,0
947,10,495,703,0,-143,0
947,11,239,726,0,-238,0
947,12,30,276,0,-44,0
947,13,487,228,0,-111,0
947,14,127,115,0,-256,0
947,15,184,379,0,-165,0
947,16,621,325,0,-136,0
947,17,633,137,0,80,0
947,18,135,658,0,-142,0
947,19,88,78,0,-89,0
947,69,644,398,0,54,1
947,74,119,691,0,-45,0
947,75,182,283,0,-152,0
947,85,740,608,0,-163,0
947,89,70,398,0,-253,1
947,99,167,540,0,-211,0
947,101,172,399,0,-49,1
947,104,186,570,0,-64,1
947,107,403,193,0,-197,1
947,114,95,40,0,74,0
947,116,407,168,0,-126,1
947,119,498,711,0,-104,1
947,120,110,565,0,-81,1
947,121,625,497,0,-206,1
947,122,432,657,0,-146,1
947,123,638,674,0,-40,0
947,127,200,544,0,-140,1
948,0,160,265,0,-211,0
948,1,601,603,0,-140,0
948,2,10,490,0,-60,0
948,3,192,378,0,-183,0
948,4,420,270,0,-79,0
948,5,377,592,0,-49,0
948,7,503,70,0,-7,0
948,8,99,526,0,-172,0
948,10,497,705,0,-143,0
948,11,236,728,0,-238,0
948,12,33,274,0,-44,0
948,13,490,229,0,-111,0
948,14,124,115,0,-256,0
948,15,185,382,0,-165,0
948,16,623,327,0,-136,0
948,17,630,136,0,80,0
948,18,137,660,0,-142,0
948,19,91,78,0,-89,0
948,69,642,396,0,54,1
948,74,121,689,0,-45,0
948,75,183,286,0,-152,0
948,85,741,611,0,-163,0
948,89,67,398,0,87,1
948,99,165,542,0,-211,0
948,101,173,396,0,-37,1
948,104,188,568,0,-64,1
948,107,402,196,0,-197,1
948,114,92,39,0,74,0
948,116,410,170,0,-126,1
948,119,501,711,0,-104,1
948,120,113,564,0,-81,1
948,121,623,499,0,-227,1
948,122,435,659,0,-124,1
948,123,639,671,0,-28,0
948,127,202,546,0,-140,1
949,0,158,268,0,-211,0
949,1,602,606,0,-140,0
949,2,13,488,0,-60,0
949,3,192,381,0,-183,0
949,4,422,269,0,-79,0
949,5,379,590,0,-49,0
949,7,503,67,0,-7,0
949,8,100,528,0,-165,0
949,10,499,708,0,-143,0
949,11,234,729,0,-238,0
949,12,35,272,0,-44,0
949,13,493,230,0,-111,0
949,14,121,116,0,-256,0
949,15,186,385,0,-165,0
949,16,625,329,0,-132,0
949,17,627,136,0,80,0
949,18,139,662,0,-142,0
949,19,94,78,0,-89,0
949,69,639,394,0,54,1
949,74,123,687,0,-45,0
949,75,185,288,0,-143,0
949,85,741,614,0,-175,0
949,89,64,398,0,87,1
949,99,163,544,0,-225,0
949,101,175,394,0,-37,1
949,104,191,567,0,-64,1
949,107,401,199,0,-197,1
949,114,89,38,0,74,0
949,116,412,172,0,-126,1
949,120,116,564,0,-81,1
949,121,621,501,0,-227,1
949,122,437,661,0,-124,1
949,123,640,668,0,-28,0
949,127,204,549,0,-140,1
950,0,157,271,0,-211,0
950,1,604,608,0,-140,0
950,2,16,487,0,-60,0
950,3,193,384,0,-160,0
950,4,425,269,0,-79,0
950,5,381,588,0,-49,0
950,7,503,64,0,-7,0
950,8,101,531,0,-165,0
950,10,500,710,0,-143,0
950,11,231,731,0,-238,0
950,12,37,270,0,-44,0
950,13,496,231,0,-111,0
950,14,118,117,0,-256,0
950,15,187,387,0,-161,0
950,16,627,331,0,-132,0
950,17,624,135,0,80,0
950,18,141,665,0,-142,0
950,19,97,78,0,-89,0
950,69,637,393,0,54,1
950,74,125,684,0,-45,0
950,75,188,290,0,-121,0
950,85,742,617,0,-174,0
950,89,61,397,0,75,1
950,99,161,546,0,-225,0
950,104,194,566,0,-64,1
950,107,400,202,0,-197,1
950,114,86,37,0,74,0
950,116,415,173,0,-110,1
950,120,119,563,0,-81,1
950,121,618,502,0,-235,1
950,122,440,663,0,-124,1
950,123,642,666,0,-28,0
950,127,206,551,0,-140,1
951,0,156,273,0,-191,0
951,1,606,610,0,-140,0
951,2,18,485,0,-60,0
951,3,194,387,0,-160,0
951,4,428,268,0,-79,0
951,5,384,586,0,-49,0
951,7,504,61,0,-7,0
951,8,102,534,0,-165,0
951,10,502,713,0,-143,0
951,11,229,732,0,-238,0
951,12,39,268,0,-44,0
951,13,498,232,0,-111,0
951,14,115,118,0,-256,0
951,15,187,387,0,-161,0
951,16,630,333,0,-132,0
951,17,621,135,0,80,0
951,18,142,667,0,-144,0
951,19,99,77,0,-73,0
951,69,635,391,0,54,1
951,74,127,682,0,-45,0
951,75,190,291,0,-121,0
951,85,743,620,0,-156,0
951,89,58,396,0,75,1
951,99,159,548,0,-225,0
951,104,196,564,0,-64,1
951,107,399,205,0,-197,1
951,114,83,36,0,74,0
951,116,418,174,0,-110,1
951,120,122,563,0,-81,1
951,121,616,504,0,-235,1
951,122,442,665,0,-133,1
951,123,643,663,0,-28,0
951,127,208,553,0,-140,1
952,0,156,276,0,-190,0
952,1,608,613,0,-140,0
952,2,21,484,0,-60,0
952,3,195,390,0,-160,0
952,4,431,267,0,-79,0
952,5,386,584,0,-49,0
952,7,505,58,0,-31,0
952,8,102,537,0,-165,0
952,10,504,715,0,-143,0
952,11,226,734,0,-238,0
952,12,41,265,0,-44,0
952,13,501,233,0,-111,0
952,14,112,118,0,-256,0
952,15,187,387,0,-161,0
952,16,632,335,0,-132,0
952,17,618,134,0,80,0
952,18,144,670,0,-144,0
952,19,102,77,0,-73,0
952,69,632,390,0,64,1
952,74,129,680,0,-45,0
952,75,193,293,0,-121,0
952,85,745,623,0,-147,0
952,89,55,395,0,75,1
952,99,157,551,0,-224,0
952,104,199,564,0,-85,1
952,107,398,208,0,-197,1
952,114,80,35,0,74,0
952,116,421,175,0,-110,1
952,120,125,562,0,-81,1
952,121,613,506,0,-235,1
952,122,444,667,0,-133,1
952,123,645,660,0,-28,0
952,127,210,556,0,-140,1
953,0,155,279,0,-202,0
953,1,610,615,0,-140,0
953,2,23,482,0,-60,0
953,3,196,392,0,-160,0
953,4,434,267,0,-87,0
953,5,389,583,0,-67,0
953,7,507,56,0,-31,0
953,8,103,540,0,-165,0
953,10,506,717,0,-143,0
953,11,224,736,0,-238,0
953,12,43,263,0,-44,0
953,13,504,235,0,-121,0
953,14,109,119,0,-256,0
953,15,187,387,0,-161,0
953,16,634,337,0,-129,0
953,17,615,134,0,80,0
953,18,146,672,0,-144,0
953,19,105,76,0,-73,0
953,69,629,390,0,88,1
953,74,131,678,0,-45,0
953,75,195,294,0,-121,0
953,85,746,625,0,-147,0
953,89,53,393,0,46,1
953,99,155,553,0,-224,0
953,104,202,562,0,-56,1
953,107,397,211,0,-197,1
953,114,78,34,0,54,0
953,116,423,176,0,-110,1
953,120,128,562,0,-81,1
953,121,611,507,0,-235,1
953,122,447,668,0,-121,1
953,123,646,658,0,-28,0
953,127,212,558,0,-140,1
954,0,153,282,0,-202,0
954,1,612,617,0,-145,0
954,2,25,480,0,-44,0
954,3,197,395,0,-160,0
954,4,437,267,0,-87,0
954,5,391,582,0,-67,0
954,7,508,53,0,-31,0
954,8,104,543,0,-165,0
954,10,508,720,0,-143,0
954,11,221,737,0,-238,0
954,12,45,261,0,-44,0
954,13,506,236,0,-121,0
954,14,106,119,0,-260,0
954,15,187,387,0,-161,0
954,16,637,339,0,-129,0
954,17,613,133,0,80,0
954,18,148,674,0,-144,0
954,19,108,74,0,-62,0
954,69,626,389,0,88,1
954,74,134,676,0,-45,0
954,75,198,296,0,-121,0
954,85,748,628,0,-147,0
954,89,51,391,0,46,1
954,99,153,555,0,-224,0
954,104,205,562,0,-84,1
954,107,397,213,0,-197,1
954,114,75,32,0,54,0
954,116,426,177,0,-110,1
954,120,131,561,0,-81,1
954,121,608,509,0,-235,1
954,122,449,670,0,-118,1
954,123,647,655,0,-28,0
954,127,214,560,0,-140,1
955,0,152,285,0,-202,0
955,1,614,620,0,-145,0
955,2,27,478,0,-44,0
955,3,198,398,0,-160,0
955,4,440,267,0,-87,0
955,5,394,581,0,-67,0
955,7,510,51,0,-31,0
955,8,104,546,0,-186,0
955,10,509,722,0,-143,0
955,11,218,738,0,-259,0
955,12,47,259,0,-44,0
955,13,509,238,0,-121,0
955,14,103,120,0,-260,0
955,15,187,387,0,-161,0
955,16,639,341,0,-129,0
955,17,610,133,0,80,0
955,18,149,677,0,-144,0
955,19,111,73,0,-62,0
955,69,623,389,0,88,1
955,74,136,674,0,-45,0
955,75,200,297,0,-121,0
955,85,750,630,0,-147,0
955,89,49,389,0,38,1
955,99,151,557,0,-224,0
955,104,208,562,0,-84,1
955,107,396,216,0,-197,1
955,114,73,30,0,54,0
955,116,429,178,0,-110,1
955,120,134,561,0,-81,1
955,121,606,511,0,-235,1
955,122,452,671,0,-118,1
955,123,649,652,0,-28,0
955,127,216,563,0,-140,1
956,0,151,288,0,-202,0
956,1,615,622,0,-145,0
956,2,30,476,0,-44,0
956,3,199,401,0,-160,0
956,4,443,265,0,-60,0
956,5,397,580,0,-67,0
956,7,511,48,0,-31,0
956,8,103,549,0,-186,0
956,10,511,725,0,-156,0
956,11,215,737,0,73,0
956,12,49,257,0,-53,0
956,13,511,239,0,-121,0
956,14,100,121,0,-260,0
956,15,187,387,0,-161,0
956,16,641,343,0,-129,0
956,17,607,132,0,80,0
956,18,151,679,0,-144,0
956,19,113,71,0,-62,0
956,69,620,389,0,88,1
956,74,138,672,0,-45,0
956,75,203,298,0,-103,0
956,85,751,633,0,-147,0
956,89,47,387,0,59,1
956,99,149,559,0,-224,0
956,104,211,562,0,-104,1
956,107,395,219,0,-197,1
956,114,71,28,0,45,0
956,116,432,179,0,-110,1
956,120,137,560,0,-81,1
956,121,603,513,0,-238,1
956,122,455,672,0,-118,1
956,123,650,650,0,-28,0
956,127,218,564,0,-127,1
957,0,150,290,0,-202,0
957,1,617,625,0,-145,0
957,2,32,474,0,-44,0
957,3,200,404,0,-160,0
957,4,445,264,0,-60,0
957,5,400,578,0,-67,0
957,7,513,45,0,-31,0
957,8,103,552,0,-186,0
957,10,512,728,0,-156,0
957,11,212,736,0,73,0
957,12,52,255,0,-53,0
957,13,514,241,0,-121,0
957,14,97,121,0,-260,0
957,15,187,387,0,-161,0
957,16,644,345,0,-129,0
957,17,604,132,0,80,0
957,18,153,682,0,-144,0
957,19,116,70,0,-62,0
957,69,617,389,0,88,1
957,74,140,669,0,-45,0
957,75,206,299,0,-103,0
957,85,2,635,0,-147,0
957,89,44,385,0,52,1
957,99,146,561,0,-224,0
957,104,214,563,0,-104,1
957,107,394,222,0,-197,1
957,114,69,26,0,45,0
957,116,435,180,0,-110,1
957,120,140,561,0,-106,1
957,121,601,514,0,-238,1
957,122,458,673,0,-95,1
957,123,651,647,0,-22,0
957,127,221,566,0,-127,1
958,0,150,293,0,-190,0
958,1,619,627,0,-145,0
958,2,34,472,0,-44,0
958,3,201,406,0,-160,0
958,4,448,262,0,-60,0
958,5,402,577,0,-67,0
958,7,513,42,0,-10,0
958,8,103,555,0,-186,0
958,10,512,731,0,-180,0
958,11,209,735,0,73,0
958,12,55,254,0,-66,0
958,13,517,242,0,-121,0
958,14,95,122,0,-260,0
958,15,187,387,0,-161,0
958,16,646,346,0,-129,0
958,17,601,131,0,80,0
958,18,155,684,0,-144,0
958,19,119,70,0,-80,0
958,69,614,390,0,-249,1
958,74,142,667,0,-45,0
958,75,209,299,0,-103,0
958,85,3,638,0,-147,0
958,89,42,384,0,52,1
958,99,145,564,0,-205,0
958,104,217,564,0,-104,1
958,107,393,225,0,-197,1
958,114,67,24,0,45,0
958,116,438,181,0,-110,1
958,120,143,562,0,-106,1
958,121,598,516,0,-238,1
958,122,461,673,0,-95,1
958,123,653,644,0,-22,0
958,127,223,568,0,-138,1
959,0,149,296,0,-190,0
959,1,620,630,0,-145,0
959,2,35,469,0,-31,0
959,3,202,409,0,-160,0
959,4,451,261,0,-60,0
959,5,405,576,0,-67,0
959,7,514,40,0,-10,0
959,8,102,558,0,-191,0
959,10,512,734,0,-180,0
959,11,207,734,0,73,0
959,12,57,253,0,-66,0
959,13,519,244,0,-121,0
959,14,92,122,0,-260,0
959,15,187,387,0,-161,0
959,16,648,348,0,-129,0
959,17,598,131,0,80,0
959,18,157,687,0,-144,0
959,19,122,68,0,-66,0
959,69,611,391,0,-249,1
959,74,144,665,0,-42,0
959,75,212,300,0,-103,0
959,85,5,640,0,-147,0
959,89,40,382,0,52,1
959,99,144,567,0,-205,0
959,104,219,565,0,-104,1
959,107,392,228,0,-197,1
959,114,65,21,0,35,0
959,116,440,182,0,-110,1
959,120,146,563,0,-106,1
959,121,596,517,0,-238,1
959,122,464,674,0,-110,1
959,123,654,641,0,-22,0
959,127,225,569,0,-108,1
960,0,149,299,0,-190,0
960,1,622,632,0,-145,0
960,2,37,466,0,-31,0
960,3,203,412,0,-162,0
960,4,453,260,0,-60,0
960,5,408,575,0,-67,0
960,7,514,37,0,0,0
960,8,102,561,0,-191,0
960,10,512,737,0,-180,0
960,11,204,733,0,73,0
960,12,60,252,0,-66,0
960,13,522,245,0,-121,0
960,14,89,123,0,-246,0
960,15,187,387,0,-161,0
960,16,651,350,0,-129,0
960,17,595,130,0,80,0
960,18,158,689,0,-144,0
960,19,124,67,0,-66,0
960,69,609,392,0,-249,1
960,74,146,663,0,-42,0
960,75,214,302,0,-133,0
960,85,7,643,0,-147,0
960,89,37,380,0,52,1
960,99,143,570,0,-205,0
960,104,222,565,0,-104,1
960,107,390,230,0,-216,1
960,114,63,19,0,35,0
960,116,443,183,0,-110,1
960,121,593,519,0,-238,1
960,122,467,674,0,-99,1
960,123,655,639,0,-22,0
960,127,228,570,0,-108,1
961,0,148,302,0,-190,0
961,1,624,635,0,-145,0
961,2,39,465,0,-58,0
961,3,204,415,0,-165,0
961,4,456,258,0,-60,0
961,5,411,574,0,-67,0
961,7,514,34,0,0,0
961,8,101,564,0,-191,0
961,10,512,740,0,-180,0
961,11,201,733,0,73,0
961,12,63,250,0,-66,0
961,13,524,247,0,-121,0
961,14,86,125,0,-246,0
961,15,187,387,0,-161,0
961,16,653,351,0,-115,0
961,17,592,130,0,80,0
961,18,160,691,0,-144,0
961,19,127,66,0,-66,0
961,69,606,392,0,88,1
961,74,148,661,0,-42,0
961,75,216,304,0,-133,0
961,85,8,645,0,-147,0
961,89,34,379,0,73,1
961,99,143,570,0,-205,0
961,104,225,566,0,-104,1
961,107,389,233,0,-216,1
961,114,61,16,0,35,0
961,116,446,184,0,-103,1
961,121,590,520,0,-238,1
961,122,470,675,0,-99,1
961,123,656,636,0,-22,0
961,127,231,571,0,-108,1
962,0,148,305,0,-190,0
962,1,626,637,0,-145,0
962,2,42,463,0,-58,0
962,3,205,418,0,-165,0
962,4,458,257,0,-60,0
962,5,414,573,0,-67,0
962,7,514,31,0,0,0
962,8,101,567,0,-176,0
962,10,512,743,0,-180,0
962,11,198,732,0,73,0
962,12,65,249,0,-60,0
962,13,527,248,0,-121,0
962,14,83,126,0,-248,0
962,15,187,387,0,-161,0
962,16,656,353,0,-115,0
962,17,589,129,0,80,0
962,18,162,694,0,-144,0
962,19,130,65,0,-66,0
962,69,603,392,0,88,1
962,74,150,658,0,-42,0
962,75,219,306,0,-133,0
962,85,10,648,0,-147,0
962,89,32,378,0,73,1
962,99,143,570,0,-205,0
962,104,228,567,0,-104,1
962,107,387,235,0,-216,1
962,114,61,14,0,11,0
962,116,449,185,0,-103,1
962,121,588,522,0,-248,1
962,122,472,675,0,-99,1
962,123,657,633,0,-22,0
962,127,234,572,0,-108,1
963,0,147,308,0,-190,0
963,1,627,640,0,-145,0
963,2,44,462,0,-58,0
963,3,205,421,0,-165,0
963,4,461,255,0,-60,0
963,5,416,571,0,-67,0
963,7,514,28,0,0,0
963,8,101,570,0,-176,0
963,10,512,746,0,-180,0
963,11,195,731,0,73,0
963,12,68,247,0,-60,0
963,13,530,250,0,-121,0
963,14,81,128,0,-226,0
963,15,187,387,0,-161,0
963,16,659,354,0,-115,0
963,17,586,130,0,-252,0
963,18,164,696,0,-144,0
963,19,132,63,0,-66,0
963,69,600,391,0,61,1
963,74,152,656,0,-42,0
963,75,221,308,0,-133,0
963,85,11,650,0,-147,0
963,89,29,376,0,58,1
963,99,143,570,0,-205,0
963,104,231,568,0,-104,1
963,107,385,238,0,-216,1
963,114,60,11,0,11,0
963,116,452,185,0,-99,1
963,121,585,523,0,-248,1
963,122,475,676,0,-99,1
963,123,658,630,0,-22,0
963,127,237,573,0,-108,1
964,0,147,311,0,-190,0
964,1,629,642,0,-145,0
964,2,47,460,0,-58,0
964,3,206,424,0,-165,0
964,4,464,254,0,-60,0
964,5,419,570,0,-67,0
964,7,513,25,0,7,0
964,8,102,573,0,-176,0
964,10,512,749,0,-180,0
964,11,192,730,0,73,0
964,12,71,246,0,-60,0
964,13,532,251,0,-121,0
964,14,79,130,0,-226,0
964,15,187,387,0,-161,0
964,16,662,355,0,-115,0
964,17,583,131,0,-252,0
964,18,165,699,0,-144,0
964,19,135,62,0,-66,0
964,69,597,389,0,61,1
964,74,154,654,0,-42,0
964,75,223,310,0,-133,0
964,85,12,653,0,-161,0
964,89,26,375,0,58,1
964,99,143,570,0,-205,0
964,104,234,568,0,-104,1
964,107,383,240,0,-216,1
964,114,60,8,0,11,0
964,116,455,186,0,-99,1
964,121,582,524,0,-248,1
964,122,478,675,0,-80,1
964,123,659,627,0,-22,0
964,127,240,574,0,-108,1
965,0,146,314,0,-190,0
965,1,631,645,0,-145,0
965,2,50,458,0,-58,0
965,3,207,427,0,-165,0
965,4,467,253,0,-84,0
965,5,422,569,0,-67,0
965,7,513,22,0,7,0
965,8,103,575,0,-146,0
965,10,512,752,0,-180,0
965,11,189,729,0,73,0
965,12,73,245,0,-69,0
965,13,535,253,0,-121,0
965,14,77,132,0,-226,0
965,15,187,387,0,-161,0
965,16,664,356,0,-115,0
965,17,580,132,0,-252,0
965,18,167,701,0,-144,0
965,19,138,61,0,-66,0
965,69,595,388,0,61,1
965,74,157,653,0,-70,0
965,75,225,312,0,-133,0
965,85,13,656,0,-161,0
965,89,24,373,0,58,1
965,99,143,570,0,-205,0
965,104,237,569,0,-104,1
965,107,382,242,0,-216,1
965,114,59,5,0,11,0
965,116,458,186,0,-99,1
965,121,579,525,0,-248,1
965,122,481,675,0,-80,1
965,123,660,625,0,-22,0
965,127,243,575,0,-108,1
966,0,146,317,0,-187,0
966,1,632,647,0,-145,0
966,2,52,457,0,-58,0
966,3,208,430,0,-165,0
966,4,470,253,0,-84,0
966,5,425,568,0,-67,0
966,7,513,19,0,7,0
966,8,105,578,0,-150,0
966,10,512,3,0,-180,0
966,11,186,728,0,73,0
966,12,76,244,0,-69,0
966,13,537,255,0,-121,0
966,14,75,134,0,-226,0
966,15,187,387,0,-161,0
966,16,667,358,0,-115,0
966,17,577,133,0,-252,0
966,18,169,704,0,-144,0
966,19,141,60,0,-66,0
966,69,592,387,0,61,1
966,74,160,653,0,-85,0
966,75,227,314,0,-133,0
966,85,14,659,0,-161,0
966,89,21,372,0,58,1
966,99,143,570,0,-205,0
966,104,240,570,0,-104,1
966,107,380,245,0,-216,1
966,114,59,2,0,11,0
966,116,461,187,0,-99,1
966,121,577,526,0,-248,1
966,122,484,673,0,-54,1
966,123,661,622,0,-22,0
966,127,245,576,0,-108,1
967,0,145,320,0,-187,0
967,1,634,650,0,-145,0
967,2,55,455,0,-58,0
967,3,209,432,0,-165,0
967,4,473,253,0,-84,0
967,5,427,567,0,-67,0
967,7,512,16,0,7,0
967,8,106,580,0,-150,0
967,10,512,6,0,-180,0
967,11,183,729,0,-261,0
967,12,79,242,0,-50,0
967,13,540,256,0,-121,0
967,14,73,136,0,-226,0
967,15,187,387,0,-161,0
967,16,670,359,0,-115,0
967,17,575,134,0,-252,0
967,18,171,706,0,-144,0
967,19,143,58,0,-66,0
967,69,589,385,0,61,1
967,74,163,652,0,-85,0
967,75,230,316,0,-133,0
967,85,15,662,0,-161,0
967,89,19,370,0,58,1
967,99,143,570,0,-205,0
967,104,243,571,0,-104,1
967,107,379,248,0,-200,1
967,114,58,-1,0,11,0
967,116,463,188,0,-123,1
967,121,574,527,0,-248,1
967,122,485,670,0,-33,1
967,123,662,619,0,-22,0
967,127,248,577,0,-108,1
968,0,145,323,0,-187,0
968,1,636,652,0,-145,0
968,2,57,454,0,-58,0
968,3,209,435,0,-170,0
968,4,476,252,0,-84,0
968,5,429,565,0,-45,0
968,7,512,13,0,7,0
968,8,107,583,0,-160,0
968,10,512,9,0,-180,0
968,11,181,729,0,-261,0
968,12,81,240,0,-50,0
968,13,542,258,0,-121,0
968,14,71,139,0,-211,0
968,15,187,387,0,-161,0
968,16,672,360,0,-115,0
968,17,572,134,0,-252,0
968,18,172,708,0,-144,0
968,19,146,57,0,-66,0
968,69,587,384,0,61,1
968,74,166,652,0,-85,0
968,75,231,319,0,-147,0
968,85,16,664,0,-161,0
968,89,16,369,0,58,1
968,99,143,570,0,-205,0
968,104,246,571,0,-104,1
968,107,378,250,0,-200,1
968,114,57,747,0,11,0
968,116,466,190,0,-123,1
968,121,571,528,0,-248,1
968,122,487,668,0,-33,1
968,123,664,616,0,-22,0
968,127,251,578,0,-108,1
969,0,145,326,0,-187,0
969,1,637,655,0,-145,0
969,2,60,452,0,-58,0
969,3,210,438,0,-170,0
969,4,479,252,0,-84,0
969,5,432,562,0,-45,0
969,7,512,10,0,-4,0
969,8,108,586,0,-160,0
969,10,512,12,0,-180,0
969,11,178,730,0,-261,0
969,12,83,238,0,-39,0
969,13,545,259,0,-121,0
969,14,69,141,0,-211,0
969,15,187,387,0,-161,0
969,16,675,362,0,-124,0
969,17,569,135,0,-255,0
969,18,174,711,0,-144,0
969,19,149,56,0,-66,0
969,69,584,382,0,61,1
969,74,169,652,0,-85,0
969,75,232,322,0,-171,0
969,85,17,667,0,-161,0
969,89,14,367,0,58,1
969,99,143,570,0,-205,0
969,104,249,572,0,-104,1
969,107,377,253,0,-200,1
969,114,57,744,0,11,0
969,116,468,192,0,-123,1
969,121,569,530,0,-234,1
969,122,489,665,0,-33,1
969,123,665,614,0,-22,0
969,127,254,579,0,-114,1
970,0,145,329,0,-178,0
970,1,639,657,0,-145,0
970,2,62,450,0,-58,0
970,3,210,441,0,-170,0
970,4,482,252,0,-84,0
970,5,434,560,0,-45,0
970,7,513,7,0,-4,0
970,8,110,589,0,-160,0
970,10,512,15,0,-180,0
970,11,175,730,0,-261,0
970,12,85,235,0,-39,0
970,13,548,261,0,-121,0
970,14,68,144,0,-211,0
970,15,187,387,0,-161,0
970,16,676,365,0,-152,0
970,17,566,136,0,-255,0
970,18,176,713,0,-144,0
970,19,152,55,0,-66,0
970,69,581,382,0,78,1
970,74,172,651,0,-85,0
970,75,232,325,0,-171,0
970,85,19,669,0,-132,0
970,89,11,365,0,58,1
970,99,143,570,0,-205,0
970,104,251,574,0,-119,1
970,107,376,256,0,-200,1
970,114,56,741,0,11,0
970,116,471,193,0,-123,1
970,121,566,532,0,-234,1
970,122,490,663,0,-33,1
970,123,666,611,0,-22,0
970,127,257,580,0,-114,1
971,0,145,332,0,-178,0
971,1,641,659,0,-145,0
971,2,65,449,0,-58,0
971,3,211,444,0,-170,0
971,4,485,251,0,-84,0
971,5,436,558,0,-42,0
971,7,513,4,0,-4,0
971,8,111,592,0,-160,0
971,10,512,18,0,-180,0
971,11,172,731,0,-261,0
971,12,86,233,0,-39,0
971,13,550,262,0,-121,0
971,14,66,146,0,-211,0
971,15,187,387,0,-161,0
971,16,678,367,0,-152,0
971,17,563,137,0,-255,0
971,18,176,716,0,-174,0
971,19,154,54,0,-66,0
971,69,578,382,0,-258,1
971,74,175,651,0,-85,0
971,75,232,328,0,-175,0
971,85,22,671,0,-132,0
971,89,9,364,0,58,1
971,99,143,570,0,-205,0
971,104,254,574,0,-97,1
971,107,375,259,0,-200,1
971,114,56,738,0,11,0
971,116,473,195,0,-123,1
971,121,564,534,0,-234,1
971,122,492,660,0,-33,1
971,123,667,608,0,-18,0
971,127,259,581,0,-114,1
972,0,145,335,0,-178,0
972,1,641,662,0,-175,0
972,2,67,447,0,-58,0
972,3,210,447,0,-194,0
972,4,488,251,0,-84,0
972,5,438,556,0,-42,0
972,7,513,1,0,-4,0
972,8,113,594,0,-136,0
972,10,512,21,0,-180,0
972,11,169,731,0,-261,0
972,12,89,232,0,-68,0
972,13,553,264,0,-121,0
972,14,65,149,0,-211,0
972,15,187,387,0,-161,0
972,16,679,370,0,-152,0
972,17,560,138,0,-255,0
972,18,177,719,0,-174,0
972,19,157,52,0,-66,0
972,69,575,383,0,-258,1
972,74,178,651,0,-85,0
972,75,231,331,0,-199,0
972,85,24,673,0,-132,0
972,89,6,362,0,58,1
972,99,143,570,0,-205,0
972,104,257,573,0,-68,1
972,107,374,262,0,-200,1
972,114,55,735,0,11,0
972,116,476,196,0,-123,1
972,121,561,535,0,-234,1
972,122,493,658,0,-25,1
972,123,668,605,0,-35,0
972,127,262,582,0,-114,1
973,0,146,338,0,-162,0
973,1,643,665,0,-151,0
973,2,70,446,0,-58,0
973,3,209,450,0,-194,0
973,4,491,251,0,-84,0
973,5,440,554,0,-42,0
973,7,513,-2,0,-4,0
973,8,115,595,0,-116,0
973,10,512,24,0,-180,0
973,11,166,732,0,-261,0
973,12,92,231,0,-68,0
973,13,555,265,0,-121,0
973,14,63,152,0,-211,0
973,15,187,387,0,-161,0
973,16,680,373,0,-156,0
973,17,557,138,0,-255,0
973,18,177,722,0,-174,0
973,19,159,51,0,-53,0
973,69,572,384,0,-252,1
973,74,181,650,0,-78,0
973,75,230,334,0,-199,0
973,85,26,675,0,-132,0
973,89,5,360,0,29,1
973,99,143,570,0,-205,0
973,104,260,572,0,-68,1
973,107,373,265,0,-200,1
973,114,55,732,0,1,0
973,116,479,198,0,-123,1
973,121,559,537,0,-234,1
973,122,494,655,0,-25,1
973,123,670,603,0,-35,0
973,127,265,584,0,-114,1
974,0,147,341,0,-162,0
974,1,644,668,0,-151,0
974,2,72,444,0,-58,0
974,3,207,452,0,-219,0
974,4,494,251,0,-84,0
974,5,442,551,0,-42,0
974,7,513,747,0,-4,0
974,8,118,596,0,-116,0
974,10,511,27,0,-185,0
974,11,163,732,0,-261,0
974,12,95,230,0,-68,0
974,13,558,265,0,-93,0
974,14,62,154,0,-211,0
974,15,187,387,0,-161,0
974,16,681,376,0,-171,0
974,17,554,139,0,-255,0
974,18,177,725,0,-174,0
974,19,162,49,0,-56,0
974,69,570,385,0,-252,1
974,74,184,650,0,-78,0
974,75,228,336,0,-223,0
974,85,28,677,0,-132,0
974,89,3,357,0,29,1
974,99,143,570,0,-205,0
974,104,262,571,0,-68,1
974,107,373,268,0,-181,1
974,114,55,729,0,1,0
974,116,481,200,0,-123,1
974,121,556,539,0,-234,1
974,122,496,652,0,-25,1
974,123,672,601,0,-35,0
974,127,267,585,0,-124,1
975,0,148,343,0,-162,0
975,1,645,670,0,-151,0
975,2,75,443,0,-80,0
975,3,205,455,0,-219,0
975,4,497,250,0,-84,0
975,5,444,549,0,-42,0
975,7,514,744,0,-4,0
975,8,121,598,0,-116,0
975,10,511,30,0,-185,0
975,11,160,733,0,-261,0
975,12,98,228,0,-68,0
975,13,561,266,0,-93,0
975,14,60,157,0,-211,0
975,15,187,387,0,-161,0
975,16,681,378,0,-171,0
975,17,551,140,0,-255,0
975,18,178,728,0,-174,0
975,19,164,47,0,-56,0
975,69,567,385,0,-264,1
975,74,187,649,0,-78,0
975,75,226,338,0,-223,0
975,85,30,680,0,-148,0
975,89,2,354,0,22,1
975,99,143,570,0,-205,0
975,104,265,569,0,-68,1
975,107,373,271,0,-181,1
975,114,56,726,0,-19,0
975,116,484,201,0,-123,1
975,121,554,541,0,-234,1
975,122,497,649,0,-23,1
975,123,674,598,0,-36,0
975,127,270,587,0,-124,1
976,0,149,346,0,-162,0
976,1,647,673,0,-151,0
976,2,78,443,0,-80,0
976,3,204,457,0,-219,0
976,4,499,249,0,-62,0
976,5,446,547,0,-42,0
976,7,514,741,0,-4,0
976,8,123,599,0,-116,0
976,10,511,33,0,-185,0
976,11,157,734,0,-254,0
976,12,100,227,0,-68,0
976,13,564,267,0,-113,0
976,14,58,159,0,-211,0
976,15,187,387,0,-161,0
976,16,682,381,0,-171,0
976,17,549,141,0,-255,0
976,18,178,731,0,-174,0
976,19,167,45,0,-56,0
976,69,564,386,0,-240,1
976,74,189,649,0,-78,0
976,75,224,340,0,-223,0
976,85,32,682,0,-148,0
976,89,1,352,0,22,1
976,99,143,570,0,-205,0
976,104,268,568,0,-68,1
976,107,373,274,0,-181,1
976,114,57,724,0,-19,0
976,116,486,203,0,-123,1
976,121,552,543,0,-231,1
976,122,498,647,0,-23,1
976,123,674,595,0,-13,0
976,127,272,589,0,-124,1
977,0,150,349,0,-162,0
977,1,649,675,0,-130,0
977,2,81,442,0,-80,0
977,3,202,459,0,-219,0
977,4,502,247,0,-62,0
977,5,448,545,0,-42,0
977,7,514,738,0,-4,0
977,8,125,601,0,-137,0
977,10,511,36,0,-172,0
977,11,154,734,0,-254,0
977,12,103,226,0,-68,0
977,13,567,268,0,-113,0
977,14,57,162,0,-211,0
977,15,187,387,0,-161,0
977,16,682,384,0,-171,0
977,17,546,141,0,-255,0
977,18,178,734,0,-174,0
977,19,169,44,0,-56,0
977,69,561,388,0,-240,1
977,74,192,648,0,-78,0
977,75,222,342,0,-223,0
977,85,33,685,0,-148,0
977,89,0,349,0,22,1
977,99,143,570,0,-205,0
977,104,271,567,0,-68,1
977,107,373,277,0,-181,1
977,114,58,721,0,-19,0
977,116,489,205,0,-123,1
977,121,549,544,0,-231,1
977,122,499,644,0,-23,1
977,123,675,592,0,-13,0
977,127,274,591,0,-149,1
978,0,151,352,0,-162,0
978,1,651,677,0,-130,0
978,2,84,442,0,-80,0
978,3,200,462,0,-219,0
978,4,504,246,0,-62,0
978,5,450,543,0,-42,0
978,7,514,735,0,-4,0
978,8,128,603,0,-137,0
978,10,511,39,0,-176,0
978,11,151,735,0,-254,0
978,12,106,225,0,-68,0
978,13,570,269,0,-113,0
978,14,55,164,0,-211,0
978,15,187,387,0,-161,0
978,16,683,387,0,-171,0
978,17,543,142,0,-255,0
978,18,179,737,0,-174,0
978,19,172,42,0,-56,0
978,69,559,389,0,-240,1
978,74,195,647,0,-78,0
978,75,220,345,0,-223,0
978,85,35,687,0,-148,0
978,89,749,346,0,22,1
978,99,143,570,0,-205,0
978,104,273,565,0,-46,1
978,107,373,280,0,-181,1
978,114,60,718,0,-36,0
978,116,491,206,0,-123,1
978,121,547,546,0,-231,1
978,122,500,641,0,-23,1
978,123,675,589,0,2,0
978,127,275,594,0,-149,1
979,0,151,355,0,-162,0
979,1,654,679,0,-130,0
979,2,87,441,0,-80,0
979,3,199,464,0,-204,0
979,4,507,245,0,-62,0
979,5,452,540,0,-42,0
979,7,515,732,0,-4,0
979,8,130,606,0,-137,0
979,10,512,42,0,-176,0
979,11,148,736,0,-262,0
979,12,109,224,0,-68,0
979,13,573,270,0,-102,0
979,14,53,166,0,-231,0
979,15,187,387,0,-161,0
979,16,683,390,0,-171,0
979,17,540,143,0,-255,0
979,18,179,740,0,-174,0
979,19,174,40,0,-56,0
979,69,556,391,0,-240,1
979,74,198,647,0,-78,0
979,75,218,346,0,-243,0
979,85,36,690,0,-148,0
979,89,748,343,0,22,1
979,99,143,570,0,-205,0
979,104,275,563,0,-51,1
979,107,373,283,0,-181,1
979,114,62,716,0,-36,0
979,116,494,208,0,-123,1
979,121,545,548,0,-231,1
979,122,502,638,0,-23,1
979,123,675,586,0,2,0
979,127,277,596,0,-149,1
980,0,152,358,0,-162,0
980,1,656,681,0,-130,0
980,2,90,441,0,-80,0
980,3,197,467,0,-204,0
980,4,509,243,0,-51,0
980,5,454,538,0,-42,0
980,7,515,729,0,-4,0
980,8,132,608,0,-137,0
980,10,511,45,0,-192,0
980,11,145,735,0,74,0
980,12,111,223,0,-68,0
980,13,575,270,0,-102,0
980,14,51,168,0,-231,0
980,15,187,387,0,-161,0
980,16,683,393,0,-171,0
980,17,537,144,0,-255,0
980,18,180,743,0,-153,0
980,19,177,39,0,-56,0
980,69,554,392,0,-240,1
980,74,201,646,0,-78,0
980,75,215,347,0,-243,0
980,85,37,693,0,-163,0
980,89,746,341,0,40,1
980,99,143,570,0,-205,0
980,104,278,561,0,-51,1
980,107,372,286,0,-181,1
980,114,63,714,0,-36,0
980,116,497,209,0,-106,1
980,121,542,550,0,-231,1
980,122,503,636,0,-23,1
980,123,675,583,0,2,0
980,127,278,599,0,-149,1
981,0,153,361,0,-162,0
981,1,657,683,0,-155,0
981,2,93,441,0,-87,0
981,3,196,470,0,-204,0
981,4,512,241,0,-51,0
981,5,455,535,0,-20,0
981,7,515,726,0,-4,0
981,8,134,610,0,-137,0
981,10,511,48,0,-175,0
981,11,142,734,0,74,0
981,12,114,222,0,-68,0
981,13,578,271,0,-102,0
981,14,49,171,0,-216,0
981,15,187,387,0,-161,0
981,16,684,396,0,-171,0
981,17,534,145,0,-255,0
981,18,181,746,0,-163,0
981,19,179,37,0,-56,0
981,69,551,394,0,-240,1
981,74,204,646,0,-81,0
981,75,212,349,0,-243,0
981,85,38,696,0,-163,0
981,89,744,339,0,40,1
981,99,143,570,0,-205,0
981,104,280,559,0,-48,1
981,107,374,288,0,-156,1
981,114,65,711,0,-36,0
981,116,499,209,0,-106,1
981,121,540,552,0,-231,1
981,122,504,633,0,-23,1
981,123,675,580,0,2,0
981,127,280,601,0,-149,1
982,0,155,363,0,-136,0
982,1,659,686,0,-155,0
982,2,96,441,0,-100,0
982,3,195,473,0,-204,0
982,4,514,239,0,-51,0
982,5,456,532,0,-20,0
982,7,515,723,0,-4,0
982,8,136,612,0,-137,0
982,10,512,51,0,-175,0
982,11,139,734,0,-268,0
982,12,117,220,0,-68,0
982,13,581,272,0,-102,0
982,14,49,173,0,-188,0
982,15,187,387,0,-161,0
982,16,683,399,0,-198,0
982,17,531,145,0,-255,0
982,18,182,749,0,-163,0
982,19,182,35,0,-56,0
982,69,549,396,0,-220,1
982,74,207,645,0,-81,0
982,75,210,350,0,-243,0
982,85,39,698,0,-163,0
982,89,742,336,0,40,1
982,99,143,570,0,-205,0
982,104,282,557,0,-48,1
982,107,375,291,0,-156,1
982,114,66,708,0,-25,0
982,116,502,210,0,-106,1
982,121,538,554,0,-231,1
982,122,505,630,0,-23,1
982,123,675,577,0,2,0
982,127,282,604,0,-149,1
983,0,156,366,0,-161,0
983,1,661,688,0,-129,0
983,2,99,442,0,-100,0
983,3,194,475,0,-204,0
983,4,517,238,0,-75,0
983,5,457,530,0,-20,0
983,7,515,720,0,-4,0
983,8,138,615,0,-137,0
983,10,512,54,0,-175,0
983,11,136,734,0,-268,0
983,12,120,219,0,-68,0
983,13,584,272,0,-102,0
983,14,48,176,0,-188,0
983,15,187,387,0,-161,0
983,16,682,402,0,-198,0
983,17,528,146,0,-255,0
983,18,183,751,0,-163,0
983,19,184,34,0,-56,0
983,69,547,399,0,-220,1
983,74,210,645,0,-81,0
983,75,207,351,0,-243,0
983,85,38,701,0,-192,0
983,89,740,334,0,40,1
983,99,143,570,0,-205,0
983,104,283,555,0,-23,1
983,107,376,294,0,-156,1
983,114,68,706,0,-23,0
983,116,505,211,0,-99,1
983,121,536,556,0,-219,1
983,122,506,627,0,-23,1
983,123,674,574,0,2,0
983,127,283,607,0,-149,1
984,0,157,368,0,-161,0
984,1,663,690,0,-129,0
984,2,102,442,0,-100,0
984,3,193,478,0,-204,0
984,4,520,237,0,-75,0
984,5,458,527,0,-25,0
984,7,516,717,0,-4,0
984,8,140,617,0,-137,0
984,10,512,57,0,-175,0
984,11,133,734,0,-268,0
984,12,123,218,0,-68,0
984,13,587,273,0,-102,0
984,14,48,179,0,-188,0
984,15,187,387,0,-161,0
984,16,681,405,0,-198,0
984,17,525,147,0,-255,0
984,18,184,3,0,-163,0
984,19,187,32,0,-56,0
984,69,545,401,0,-220,1
984,74,213,645,0,-100,0
984,75,204,353,0,-243,0
984,85,38,704,0,-192,0
984,89,738,332,0,40,1
984,99,143,570,0,-205,0
984,104,284,552,0,-23,1
984,107,377,297,0,-156,1
984,114,69,703,0,-23,0
984,116,508,211,0,-99,1
984,121,534,559,0,-219,1
984,122,507,625,0,-23,1
984,123,674,571,0,2,0
984,127,285,609,0,-149,1
985,0,158,371,0,-161,0
985,1,666,692,0,-129,0
985,2,105,443,0,-100,0
985,3,191,481,0,-204,0
985,4,523,237,0,-75,0
985,5,459,524,0,-25,0
985,7,516,714,0,-4,0
985,8,142,619,0,-137,0
985,10,512,60,0,-175,0
985,11,130,734,0,80,0
985,12,125,217,0,-68,0
985,13,590,274,0,-102,0
985,14,47,182,0,-188,0
985,15,187,387,0,-161,0
985,16,680,408,0,-198,0
985,17,523,148,0,-255,0
985,18,185,6,0,-163,0
985,19,189,30,0,-56,0
985,69,543,403,0,-220,1
985,74,216,646,0,-100,0
985,75,202,354,0,-243,0
985,85,37,707,0,-192,0
985,89,735,330,0,64,1
985,99,143,570,0,-205,0
985,104,286,549,0,-23,1
985,107,379,299,0,-156,1
985,114,70,700,0,-23,0
985,116,511,212,0,-99,1
985,121,533,561,0,-205,1
985,122,509,622,0,-23,1
985,123,674,568,0,2,0
985,127,286,612,0,-149,1
986,0,159,374,0,-161,0
986,1,668,694,0,-129,0
986,2,108,443,0,-100,0
986,3,190,484,0,-204,0
986,4,526,236,0,-75,0
986,5,461,521,0,-25,0
986,7,516,711,0,-4,0
986,8,144,621,0,-137,0
986,10,511,63,0,-200,0
986,11,127,733,0,80,0
986,12,128,216,0,-68,0
986,13,593,274,0,-102,0
986,14,47,185,0,-188,0
986,15,187,387,0,-161,0
986,16,679,411,0,-198,0
986,17,520,149,0,-255,0
986,18,185,9,0,-163,0
986,19,192,29,0,-56,0
986,69,541,404,0,-244,1
986,74,219,646,0,-100,0
986,75,199,356,0,-243,0
986,85,37,710,0,-192,0
986,89,733,329,0,64,1
986,99,143,570,0,-205,0
986,104,287,546,0,-23,1
986,107,380,302,0,-156,1
986,114,71,697,0,-23,0
986,116,514,212,0,-102,1
986,121,531,564,0,-205,1
986,122,510,619,0,-23,1
986,123,674,565,0,2,0
986,127,288,614,0,-149,1
987,0,160,377,0,-161,0
987,1,670,696,0,-129,0
987,2,111,444,0,-100,0
987,3,189,486,0,-204,0
987,4,529,235,0,-75,0
987,5,462,519,0,-25,0
987,7,517,708,0,-25,0
987,8,146,623,0,-137,0
987,10,510,65,0,-200,0
987,11,124,733,0,-266,0
987,12,131,215,0,-68,0
987,13,596,275,0,-102,0
987,14,46,188,0,-188,0
987,15,187,387,0,-161,0
987,16,678,413,0,-198,0
987,17,517,149,0,-255,0
987,18,186,11,0,-163,0
987,19,194,27,0,-56,0
987,69,538,406,0,-244,1
987,74,222,647,0,-100,0
987,75,196,357,0,-243,0
987,85,36,713,0,-192,0
987,89,730,328,0,64,1
987,99,143,570,0,-205,0
987,104,288,544,0,-23,1
987,107,381,305,0,-156,1
987,114,72,695,0,-23,0
987,116,517,213,0,-102,1
987,121,530,567,0,-205,1
987,122,511,616,0,-23,1
987,123,673,563,0,27,0
987,127,289,617,0,-149,1
988,0,161,380,0,-163,0
988,1,673,697,0,-129,0
988,2,114,444,0,-99,0
988,3,188,489,0,-204,0
988,4,531,234,0,-64,0
988,5,463,516,0,-25,0
988,7,520,706,0,-49,0
988,8,148,626,0,-137,0
988,10,509,68,0,-200,0
988,11,122,734,0,-266,0
988,12,134,214,0,-68,0
988,13,599,275,0,-102,0
988,14,46,191,0,-188,0
988,15,187,387,0,-161,0
988,16,678,416,0,-189,0
988,17,514,150,0,-255,0
988,18,187,14,0,-163,0
988,19,197,25,0,-56,0
988,69,535,407,0,-244,1
988,74,225,648,0,-116,0
988,75,194,358,0,-243,0
988,85,35,716,0,-207,0
988,89,727,326,0,64,1
988,99,143,570,0,-205,0
988,104,289,541,0,-23,1
988,107,382,308,0,-156,1
988,114,73,692,0,-23,0
988,116,520,214,0,-102,1
988,121,529,570,0,-205,1
988,122,511,613,0,-11,1
988,123,671,560,0,27,0
988,127,291,619,0,-138,1
989,0,162,383,0,-163,0
989,1,675,699,0,-124,0
989,2,117,445,0,-99,0
989,3,186,492,0,-204,0
989,4,534,232,0,-64,0
989,5,464,513,0,-25,0
989,7,522,704,0,-41,0
989,8,150,627,0,-121,0
989,10,508,71,0,-200,0
989,11,119,733,0,86,0
989,12,136,212,0,-68,0
989,13,602,276,0,-102,0
989,14,46,194,0,-188,0
989,15,187,387,0,-161,0
989,16,676,419,0,-216,0
989,17,511,151,0,-255,0
989,18,188,17,0,-163,0
989,19,199,24,0,-56,0
989,69,533,408,0,-244,1
989,74,227,650,0,-116,0
989,75,191,360,0,-243,0
989,85,33,718,0,-207,0
989,89,725,325,0,64,1
989,99,143,570,0,-205,0
989,104,290,538,0,-23,1
989,107,383,310,0,-156,1
989,114,74,689,0,-23,0
989,116,523,214,0,-102,1
989,121,528,572,0,-205,1
989,122,512,610,0,-11,1
989,123,670,557,0,27,0
989,127,293,621,0,-138,1
990,0,163,386,0,-163,0
990,1,678,700,0,-106,0
990,2,120,445,0,-99,0
990,3,185,495,0,-204,0
990,4,537,231,0,-64,0
990,5,466,511,0,-25,0
990,7,522,701,0,-12,0
990,8,153,629,0,-121,0
990,10,507,74,0,-200,0
990,11,116,733,0,86,0
990,12,139,211,0,-68,0
990,13,604,278,0,-121,0
990,14,45,197,0,-188,0
990,15,187,387,0,-161,0
990,16,674,421,0,-216,0
990,17,508,152,0,-255,0
990,18,189,20,0,-163,0
990,19,202,22,0,-56,0
990,69,530,410,0,-244,1
990,74,230,651,0,-116,0
990,75,188,361,0,-243,0
990,85,32,721,0,-207,0
990,89,722,324,0,64,1
990,99,143,570,0,-205,0
990,104,292,535,0,-23,1
990,107,385,313,0,-146,1
990,114,76,686,0,-23,0
990,116,525,216,0,-131,1
990,121,526,575,0,-205,1
990,122,513,607,0,-11,1
990,123,669,555,0,27,0
990,127,295,624,0,-138,1
991,0,164,388,0,-163,0
991,1,681,701,0,-106,0
991,2,123,445,0,-76,0
991,3,184,497,0,-204,0
991,4,539,230,0,-64,0
991,5,467,508,0,-25,0
991,7,522,698,0,15,0
991,8,156,630,0,-121,0
991,10,506,77,0,-200,0
991,11,113,733,0,86,0
991,12,142,210,0,-68,0
991,13,607,279,0,-121,0
991,14,45,200,0,-188,0
991,15,187,387,0,-161,0
991,16,673,424,0,-216,0
991,17,505,152,0,-255,0
991,18,190,23,0,-163,0
991,19,204,20,0,-56,0
991,69,527,411,0,-244,1
991,74,233,652,0,-116,0
991,75,186,362,0,-243,0
991,85,30,724,0,-207,0
991,89,719,322,0,64,1
991,99,143,570,0,-205,0
991,104,293,532,0,-23,1
991,107,387,315,0,-146,1
991,114,77,683,0,-23,0
991,116,528,218,0,-131,1
991,121,525,578,0,-205,1
991,122,513,605,0,-11,1
991,123,667,552,0,27,0
991,127,297,626,0,-143,1
992,0,165,391,0,-150,0
992,1,684,702,0,-106,0
992,2,126,444,0,-76,0
992,3,183,500,0,-204,0
992,4,542,228,0,-64,0
992,5,468,505,0,-25,0
992,7,521,695,0,15,0
992,8,158,632,0,-121,0
992,10,505,80,0,-200,0
992,11,110,732,0,80,0
992,12,145,209,0,-68,0
992,13,610,281,0,-121,0
992,14,44,203,0,-188,0
992,15,187,387,0,-161,0
992,16,672,427,0,-187,0
992,17,502,153,0,-255,0
992,18,192,25,0,-135,0
992,19,207,19,0,-56,0
992,69,525,412,0,-244,1
992,74,235,653,0,-116,0
992,75,183,364,0,-243,0
992,85,29,726,0,-207,0
992,89,717,321,0,64,1
992,99,143,570,0,-205,0
992,104,294,530,0,-23,1
992,107,388,318,0,-161,1
992,114,78,681,0,-23,0
992,116,530,220,0,-131,1
992,121,524,580,0,-205,1
992,122,514,602,0,-11,1
992,123,666,549,0,27,0
992,127,299,628,0,-143,1
993,0,167,394,0,-150,0
993,1,687,702,0,-106,0
993,2,128,443,0,-76,0
993,3,182,503,0,-204,0
993,4,545,227,0,-64,0
993,5,470,502,0,-25,0
993,7,520,693,0,15,0
993,8,161,633,0,-121,0
993,10,504,82,0,-200,0
993,11,107,732,0,80,0
993,12,148,208,0,-68,0
993,13,613,281,0,-93,0
993,14,44,206,0,-188,0
993,15,187,387,0,-161,0
993,16,672,430,0,-182,0
993,17,499,154,0,-260,0
993,18,194,27,0,-135,0
993,19,208,16,0,-31,0
993,69,522,414,0,-244,1
993,74,238,655,0,-116,0
993,75,180,365,0,-243,0
993,85,28,729,0,-207,0
993,89,714,320,0,64,1
993,99,143,570,0,-205,0
993,104,295,527,0,-29,1
993,107,389,321,0,-161,1
993,114,79,678,0,-16,0
993,121,523,583,0,-205,1
993,122,514,599,0,-11,1
993,123,664,547,0,27,0
993,127,301,630,0,-127,1
994,0,169,396,0,-135,0
994,1,690,703,0,-106,0
994,2,131,442,0,-76,0
994,3,181,506,0,-190,0
994,4,547,226,0,-64,0
994,5,471,500,0,-25,0
994,7,519,690,0,15,0
994,8,163,635,0,-121,0
994,10,503,85,0,-200,0
994,11,104,731,0,80,0
994,12,150,207,0,-68,0
994,13,616,281,0,-93,0
994,14,44,209,0,-188,0
994,15,187,387,0,-161,0
994,16,672,433,0,-182,0
994,17,496,154,0,-260,0
994,18,196,29,0,-135,0
994,19,210,14,0,-31,0
994,69,519,415,0,-244,1
994,74,241,655,0,-105,0
994,75,178,366,0,-243,0
994,85,26,732,0,-207,0
994,89,712,317,0,35,1
994,99,143,570,0,-205,0
994,104,297,525,0,-29,1
994,107,390,324,0,-161,1
994,114,80,675,0,-16,0
994,121,521,586,0,-205,1
994,122,515,596,0,-11,1
994,123,663,544,0,27,0
994,127,304,632,0,-127,1
995,0,171,398,0,-135,0
995,1,692,704,0,-106,0
995,2,134,442,0,-76,0
995,3,181,509,0,-190,0
995,4,550,224,0,-64,0
995,5,472,497,0,-25,0
995,7,519,687,0,15,0
995,8,166,636,0,-121,0
995,10,502,88,0,-200,0
995,11,101,730,0,62,0
995,12,153,205,0,-68,0
995,13,618,282,0,-110,0
995,14,43,212,0,-188,0
995,15,187,387,0,-161,0
995,16,673,436,0,-164,0
995,17,493,155,0,-260,0
995,18,198,31,0,-135,0
995,19,211,11,0,-31,0
995,69,516,416,0,-244,1
995,74,244,657,0,-123,0
995,75,175,368,0,-243,0
995,85,25,734,0,-207,0
995,89,710,315,0,35,1
995,99,143,570,0,-205,0
995,104,298,522,0,-29,1
995,107,391,327,0,-161,1
995,114,80,672,0,-16,0
995,121,521,589,0,-194,1
995,122,516,593,0,-11,1
995,123,662,541,0,27,0
995,127,306,634,0,-127,1
996,0,174,399,0,-113,0
996,1,695,705,0,-106,0
996,2,137,441,0,-76,0
996,3,180,512,0,-184,0
996,4,553,224,0,-86,0
996,5,473,494,0,-25,0
996,7,518,684,0,15,0
996,8,167,639,0,-146,0
996,10,501,91,0,-200,0
996,11,98,729,0,62,0
996,12,156,204,0,-68,0
996,13,621,283,0,-110,0
996,14,42,215,0,-201,0
996,15,187,387,0,-161,0
996,16,674,438,0,-164,0
996,17,491,156,0,-239,0
996,18,200,34,0,-135,0
996,19,213,8,0,-31,0
996,69,514,417,0,-259,1
996,74,246,659,0,-121,0
996,75,172,369,0,-243,0
996,85,23,737,0,-207,0
996,89,709,312,0,35,1
996,99,143,570,0,-205,0
996,104,300,519,0,-29,1
996,107,392,329,0,-151,1
996,114,80,669,0,1,0
996,121,520,592,0,-194,1
996,122,516,590,0,-11,1
996,123,660,539,0,27,0
996,127,308,636,0,-127,1
997,0,177,400,0,-113,0
997,1,698,706,0,-106,0
997,2,140,440,0,-76,0
997,3,180,515,0,-184,0
997,4,556,224,0,-86,0
997,5,475,492,0,-25,0
997,7,517,681,0,15,0
997,8,169,641,0,-146,0
997,10,500,94,0,-200,0
997,11,96,727,0,62,0
997,12,158,203,0,-63,0
997,13,624,284,0,-110,0
997,14,41,218,0,-201,0
997,15,187,387,0,-161,0
997,16,674,441,0,-164,0
997,17,488,158,0,-239,0
997,18,203,36,0,-135,0
997,19,215,6,0,-31,0
997,69,511,418,0,-259,1
997,74,249,660,0,-121,0
997,75,169,370,0,-255,0
997,85,22,740,0,-200,0
997,89,707,310,0,35,1
997,99,143,570,0,-205,0
997,104,301,517,0,-29,1
997,107,394,332,0,-151,1
997,114,80,666,0,1,0
997,121,519,595,0,-194,1
997,122,517,587,0,-11,1
997,123,659,536,0,27,0
997,127,311,638,0,-127,1
998,0,179,401,0,-102,0
998,1,701,706,0,-106,0
998,2,143,439,0,-76,0
998,3,180,518,0,-184,0
998,4,559,225,0,-113,0
998,5,477,490,0,-48,0
998,7,516,678,0,15,0
998,8,171,644,0,-146,0
998,10,499,96,0,-200,0
998,11,93,726,0,62,0
998,12,161,202,0,-63,0
998,13,627,285,0,-110,0
998,14,40,221,0,-201,0
998,15,187,387,0,-161,0
998,16,676,444,0,-154,0
998,17,486,159,0,-239,0
998,18,205,38,0,-135,0
998,19,216,3,0,-31,0
998,69,508,418,0,-259,1
998,74,251,662,0,-121,0
998,75,166,371,0,-255,0
998,85,21,743,0,-210,0
998,89,705,307,0,35,1
998,99,143,570,0,-205,0
998,104,303,514,0,-29,1
998,107,395,334,0,-151,1
998,114,80,663,0,1,0
998,121,519,598,0,-194,1
998,122,517,584,0,-11,1
998,123,658,533,0,27,0
998,127,313,639,0,-127,1
998,128,705,307,0,35,1
998,129,313,639,0,-120,1
999,0,182,401,0,-102,0
999,1,704,707,0,-106,0
999,2,146,440,0,-95,0
999,3,180,521,0,-184,0
999,4,562,226,0,-113,0
999,5,479,488,0,-48,0
999,7,516,675,0,15,0
999,8,172,646,0,-146,0
999,10,498,99,0,-200,0
999,11,90,724,0,62,0
999,12,163,200,0,-51,0
999,13,630,286,0,-110,0
999,14,39,223,0,-201,0
999,15,187,387,0,-161,0
999,16,677,447,0,-154,0
999,17,483,161,0,-239,0
999,18,207,40,0,-135,0
999,19,218,1,0,-31,0
999,69,505,419,0,-259,1
999,74,254,663,0,-121,0
999,75,163,372,0,-255,0
999,85,20,745,0,-210,0
999,89,704,305,0,15,1
999,99,143,570,0,-205,0
999,104,305,512,0,-37,1
999,107,397,337,0,-151,1
999,114,80,660,0,1,0
999,121,518,600,0,-194,1
999,122,518,581,0,-11,1
999,123,656,531,0,27,0
999,127,316,641,0,-127,1
999,128,704,305,0,35,1
999,129,316,639,0,-92,1
1000,0,185,402,0,-102,0
1000,1,707,708,0,-106,0
1000,2,149,440,0,-95,0
1000,3,179,524,0,-186,0
1000,4,564,228,0,-113,0
1000,5,480,485,0,-25,0
1000,7,515,672,0,15,0
1000,8,174,649,0,-146,0
1000,10,497,102,0,-200,0
1000,11,87,724,0,86,0
1000,12,166,198,0,-51,0
1000,13,632,287,0,-110,0
1000,14,38,226,0,-201,0
1000,15,187,387,0,-161,0
1000,16,678,449,0,-154,0
1000,17,480,162,0,-239,0
1000,18,209,42,0,-135,0
1000,19,219,-2,0,-31,0
1000,69,502,419,0,-259,1
1000,74,257,664,0,-113,0
1000,75,161,372,0,-255,0
1000,85,17,747,0,-236,0
1000,89,704,302,0,15,1
1000,99,143,570,0,-205,0
1000,104,306,509,0,-37,1
1000,107,398,340,0,-151,1
1000,114,80,657,0,1,0
1000,121,517,603,0,-194,1
1000,122,519,578,0,-11,1
1000,123,655,528,0,27,0
1000,127,318,643,0,-127,1
1000,128,702,303,0,35,1
1000,129,319,639,0,-92,1
1001,0,188,403,0,-116,0
1001,1,710,709,0,-106,0
1001,2,152,440,0,-95,0
1001,4,567,229,0,-113,0
1001,5,482,482,0,-25,0
1001,8,176,651,0,-146,0
1001,10,496,105,0,-200,0
1001,12,167,195,0,-26,0
1001,14,37,229,0,-201,0
1001,15,187,390,0,-172,0
1001,17,478,164,0,-233,0
1001,69,499,420,0,-259,1
1001,74,259,666,0,-113,0
1001,75,158,374,0,-226,0
1001,85,15,748,0,-236,0
1001,89,703,299,0,15,1
1001,99,143,570,0,-205,0
1001,104,308,507,0,-37,1
1001,107,398,343,0,-170,1
1001,114,80,654,0,1,0
1001,121,516,606,0,-194,1
1001,122,520,576,0,-33,1
1001,123,654,525,0,19,0
1001,127,320,645,0,-146,1
1001,128,700,300,0,35,1
1001,129,322,639,0,-92,1
1002,0,191,403,0,-90,0
1002,1,713,710,0,-106,0
1002,2,155,441,0,-95,0
1002,4,570,230,0,-113,0
1002,5,484,480,0,-51,0
1002,8,177,654,0,-165,0
1002,10,495,108,0,-200,0
1002,12,168,192,0,-26,0
1002,14,35,231,0,-217,0
1002,15,188,393,0,-172,0
1002,17,476,166,0,-233,0
1002,69,496,420,0,-259,1
1002,74,261,668,0,-138,0
1002,75,156,377,0,-226,0
1002,85,12,750,0,-236,0
1002,89,702,296,0,15,1
1002,99,143,570,0,-205,0
1002,104,310,505,0,-37,1
1002,107,399,346,0,-170,1
1002,114,80,651,0,1,0
1002,121,516,609,0,-194,1
1002,122,522,573,0,-33,1
1002,123,653,522,0,19,0
1002,127,321,648,0,-146,1
1002,128,698,298,0,35,1
1002,129,325,639,0,-92,1
1003,0,194,403,0,-90,0
1003,1,716,710,0,-106,0
1003,2,158,441,0,-98,0
1003,4,573,231,0,-110,0
1003,5,486,478,0,-51,0
1003,8,177,657,0,-165,0
1003,10,493,110,0,-209,0
1003,12,171,191,0,-51,0
1003,14,33,234,0,-217,0
1003,15,188,396,0,-172,0
1003,17,473,168,0,-233,0
1003,69,493,421,0,-259,1
1003,74,263,670,0,-138,0
1003,75,154,379,0,-226,0
1003,85,9,2,0,-239,0
1003,89,701,293,0,15,1
1003,99,143,570,0,-205,0
1003,104,312,502,0,-37,1
1003,107,399,349,0,-170,1
1003,114,80,648,0,1,0
1003,121,515,612,0,-194,1
1003,122,523,571,0,-33,1
1003,123,652,520,0,19,0
1003,127,323,650,0,-146,1
1003,128,697,295,0,35,1
1003,129,328,639,0,-92,1
1004,0,197,403,0,-90,0
1004,1,718,711,0,-106,0
1004,2,161,441,0,-98,0
1004,4,576,232,0,-110,0
1004,5,488,476,0,-51,0
1004,8,179,660,0,-145,0
1004,10,491,112,0,-233,0
1004,12,173,189,0,-51,0
1004,14,31,236,0,-217,0
1004,15,188,399,0,-172,0
1004,17,471,170,0,-233,0
1004,69,490,420,0,79,1
1004,74,265,672,0,-138,0
1004,75,152,380,0,-239,0
1004,85,7,3,0,-239,0
1004,89,701,290,0,15,1
1004,99,143,570,0,-205,0
1004,104,315,501,0,-66,1
1004,107,400,352,0,-170,1
1004,114,80,645,0,1,0
1004,121,514,615,0,-194,1
1004,122,525,568,0,-33,1
1004,123,651,517,0,19,0
1004,127,325,653,0,-141,1
1004,128,695,293,0,35,1
1004,129,331,640,0,-92,1
1005,0,200,403,0,-88,0
1005,1,721,712,0,-106,0
1005,2,163,443,0,-125,0
1005,4,578,233,0,-110,0
1005,5,491,474,0,-51,0
1005,8,181,662,0,-145,0
1005,10,489,114,0,-233,0
1005,12,175,187,0,-51,0
1005,14,29,238,0,-217,0
1005,15,189,402,0,-172,0
1005,17,469,172,0,-218,0
1005,69,487,420,0,79,1
1005,74,268,674,0,-127,0
1005,75,149,382,0,-239,0
1005,85,4,5,0,-239,0
1005,89,699,287,0,29,1
1005,99,143,570,0,-205,0
1005,104,318,501,0,-96,1
1005,107,401,354,0,-167,1
1005,114,79,642,0,5,0
1005,121,514,618,0,-194,1
1005,122,527,565,0,-33,1
1005,123,650,514,0,19,0
1005,127,326,655,0,-155,1
1005,128,693,290,0,35,1
1005,129,334,640,0,-92,1
1006,0,203,402,0,-59,0
1006,1,724,713,0,-112,0
1006,2,166,445,0,-122,0
1006,4,581,234,0,-110,0
1006,5,493,473,0,-51,0
1006,8,183,665,0,-145,0
1006,10,487,117,0,-206,0
1006,12,178,185,0,-51,0
1006,14,28,241,0,-217,0
1006,15,189,405,0,-179,0
1006,17,467,174,0,-218,0
1006,69,484,419,0,79,1
1006,74,270,676,0,-127,0
1006,75,146,383,0,-239,0
1006,85,2,6,0,-239,0
1006,89,698,285,0,29,1
1006,99,143,570,0,-205,0
1006,104,321,501,0,-96,1
1006,107,401,357,0,-167,1
1006,114,78,640,0,33,0
1006,121,513,621,0,-200,1
1006,122,528,563,0,-33,1
1006,123,648,511,0,38,0
1006,127,327,658,0,-155,1
1006,128,692,288,0,35,1
1006,129,337,640,0,-92,1
1007,0,205,400,0,-59,0
1007,1,727,714,0,-99,0
1007,2,168,446,0,-122,0
1007,4,584,235,0,-110,0
1007,5,495,471,0,-51,0
1007,8,184,667,0,-143,0
1007,10,486,119,0,-206,0
1007,12,180,183,0,-51,0
1007,14,26,243,0,-217,0
1007,15,189,408,0,-179,0
1007,17,465,177,0,-218,0
1007,69,481,419,0,79,1
1007,74,273,678,0,-129,0
1007,75,144,384,0,-247,0
1007,85,-1,8,0,-239,0
1007,89,695,283,0,46,1
1007,99,143,570,0,-205,0
1007,104,324,502,0,-96,1
1007,107,402,360,0,-167,1
1007,114,76,637,0,33,0
1007,121,512,624,0,-183,1
1007,122,530,560,0,-33,1
1007,123,646,509,0,38,0
1007,127,329,661,0,-155,1
1007,128,690,285,0,35,1
1007,129,340,640,0,-92,1
1008,0,208,399,0,-59,0
1008,1,730,714,0,-99,0
1008,2,171,448,0,-122,0
1008,4,587,236,0,-110,0
1008,5,498,470,0,-71,0
1008,8,186,669,0,-143,0
1008,10,485,122,0,-206,0
1008,12,182,181,0,-51,0
1008,14,24,246,0,-217,0
1008,15,190,411,0,-158,0
1008,17,463,179,0,-218,0
1008,69,479,417,0,49,1
1008,74,275,680,0,-129,0
1008,75,141,384,0,86,0
1008,85,747,9,0,-239,0
1008,89,693,281,0,46,1
1008,99,143,570,0,-205,0
1008,104,327,502,0,-96,1
1008,107,403,363,0,-167,1
1008,114,75,634,0,33,0
1008,121,512,627,0,-183,1
1008,122,532,558,0,-33,1
1008,123,645,506,0,19,0
1008,127,330,664,0,-155,1
1008,128,688,283,0,35,1
1008,129,343,640,0,-92,1
1009,0,210,397,0,-59,0
1009,1,733,715,0,-99,0
1009,2,174,449,0,-122,0
1009,4,590,237,0,-110,0
1009,5,501,469,0,-71,0
1009,8,188,672,0,-143,0
1009,10,484,125,0,-199,0
1009,12,185,179,0,-51,0
1009,14,22,248,0,-217,0
1009,15,191,414,0,-158,0
1009,17,462,181,0,-218,0
1009,69,477,415,0,49,1
1009,74,277,682,0,-129,0
1009,75,138,384,0,86,0
1009,85,745,11,0,-239,0
1009,89,691,279,0,46,1
1009,99,143,570,0,-205,0
1009,104,329,502,0,-96,1
1009,107,403,366,0,-167,1
1009,114,73,632,0,33,0
1009,121,511,629,0,-211,1
1009,122,532,555,0,-3,1
1009,123,644,503,0,19,0
1009,127,331,666,0,-155,1
1009,128,686,280,0,35,1
1009,129,346,640,0,-92,1
1010,0,213,396,0,-59,0
1010,1,736,715,0,-99,0
1010,2,176,451,0,-122,0
1010,4,593,238,0,-110,0
1010,5,504,468,0,-71,0
1010,8,190,674,0,-143,0
1010,10,483,128,0,-199,0
1010,12,187,177,0,-51,0
1010,14,20,250,0,-217,0
1010,15,192,417,0,-158,0
1010,17,459,184,0,-224,0
1010,69,474,413,0,49,1
1010,74,279,684,0,-129,0
1010,75,135,384,0,86,0
1010,85,742,12,0,-239,0
1010,89,689,277,0,46,1
1010,99,143,570,0,-205,0
1010,104,332,503,0,-96,1
1010,107,404,369,0,-167,1
1010,114,71,629,0,33,0
1010,121,509,632,0,-211,1
1010,122,532,552,0,-3,1
1010,123,643,501,0,19,0
1010,127,333,669,0,-155,1
1010,128,685,278,0,35,1
1010,129,349,640,0,-92,1
1011,0,215,394,0,-59,0
1011,1,739,716,0,-99,0
1011,2,179,453,0,-122,0
1011,4,595,240,0,-126,0
1011,5,507,467,0,-71,0
1011,8,192,677,0,-143,0
1011,10,481,130,0,-209,0
1011,12,189,175,0,-51,0
1011,14,19,253,0,-217,0
1011,15,193,419,0,-162,0
1011,17,457,186,0,-224,0
1011,69,472,411,0,49,1
1011,74,282,685,0,-129,0
1011,75,132,384,0,-267,0
1011,85,740,14,0,-239,0
1011,89,687,275,0,46,1
1011,99,143,570,0,-205,0
1011,104,335,503,0,-96,1
1011,107,404,372,0,-182,1
1011,114,70,627,0,33,0
1011,121,508,634,0,-211,1
1011,122,532,549,0,-3,1
1011,123,642,498,0,19,0
1011,127,334,672,0,-155,1
1011,128,683,276,0,37,1
1011,129,352,640,0,-92,1
1012,0,218,392,0,-59,0
1012,1,742,715,0,-71,0
1012,2,181,454,0,-122,0
1012,4,597,242,0,-126,0
1012,5,510,466,0,-71,0
1012,8,193,679,0,-143,0
1012,10,480,133,0,-209,0
1012,12,192,174,0,-51,0
1012,14,17,255,0,-217,0
1012,15,195,422,0,-140,0
1012,17,455,188,0,-224,0
1012,69,470,409,0,49,1
1012,74,284,687,0,-129,0
1012,75,129,384,0,-267,0
1012,85,737,15,0,-239,0
1012,89,685,272,0,46,1
1012,99,143,570,0,-205,0
1012,104,338,503,0,-96,1
1012,107,404,375,0,-182,1
1012,114,68,624,0,33,0
1012,121,506,637,0,-202,1
1012,122,532,546,0,-3,1
1012,123,641,495,0,19,0
1012,127,335,674,0,-155,1
1012,128,681,273,0,37,1
1012,129,355,641,0,-111,1
1013,0,221,391,0,-59,0
1013,1,744,713,0,-58,0
1013,2,184,456,0,-122,0
1013,4,600,243,0,-126,0
1013,5,512,465,0,-71,0
1013,8,195,681,0,-143,0
1013,10,479,136,0,-192,0
1013,12,194,172,0,-51,0
1013,14,15,258,0,-215,0
1013,15,197,424,0,-140,0
1013,17,453,190,0,-224,0
1013,69,467,407,0,49,1
1013,74,286,689,0,-129,0
1013,75,126,384,0,-267,0
1013,85,735,17,0,-239,0
1013,89,682,270,0,46,1
1013,99,143,570,0,-205,0
1013,104,341,504,0,-96,1
1013,107,404,378,0,-182,1
1013,114,66,622,0,33,0
1013,121,505,640,0,-202,1
1013,122,532,543,0,-3,1
1013,123,639,493,0,39,0
1013,127,336,677,0,-155,1
1013,128,679,271,0,37,1
1013,129,358,642,0,-111,1
1014,0,222,388,0,-34,0
1014,1,747,711,0,-58,0
1014,2,186,457,0,-122,0
1014,4,602,245,0,-126,0
1014,5,515,464,0,-71,0
1014,8,197,684,0,-143,0
1014,10,478,139,0,-192,0
1014,12,196,169,0,-38,0
1014,14,14,260,0,-203,0
1014,15,199,426,0,-140,0
1014,17,451,192,0,-224,0
1014,69,465,405,0,49,1
1014,74,289,691,0,-129,0
1014,75,123,385,0,-259,0
1014,85,732,18,0,-239,0
1014,89,680,268,0,46,1
1014,99,143,570,0,-205,0
1014,104,344,504,0,-96,1
1014,107,404,381,0,-182,1
1014,114,65,619,0,33,0
1014,121,504,643,0,-202,1
1014,122,533,540,0,-3,1
1014,123,638,490,0,39,0
1014,127,337,680,0,-160,1
1014,128,677,268,0,37,1
1014,129,360,644,0,-128,1
1015,0,224,386,0,-34,0
1015,1,749,710,0,-52,0
1015,2,189,459,0,-122,0
1015,4,605,247,0,-126,0
1015,5,518,463,0,-71,0
1015,8,199,685,0,-127,0
1015,10,478,142,0,-192,0
1015,12,198,167,0,-38,0
1015,14,13,263,0,-203,0
1015,15,201,429,0,-140,0
1015,17,449,194,0,-224,0
1015,69,463,403,0,49,1
1015,74,292,692,0,-108,0
1015,75,120,385,0,-259,0
1015,85,729,20,0,-239,0
1015,89,677,267,0,73,1
1015,99,143,570,0,-205,0
1015,104,347,504,0,-96,1
1015,107,403,384,0,-182,1
1015,114,63,617,0,33,0
1015,121,503,646,0,-202,1
1015,122,533,537,0,-3,1
1015,123,636,488,0,39,0
1015,127,338,683,0,-168,1
1015,128,676,266,0,37,1
1015,129,363,646,0,-128,1
1016,0,226,384,0,-54,0
1016,1,752,708,0,-52,0
1016,2,191,461,0,-122,0
1016,4,607,249,0,-126,0
1016,5,521,462,0,-71,0
1016,8,202,687,0,-127,0
1016,10,477,145,0,-192,0
1016,12,200,165,0,-38,0
1016,14,11,266,0,-211,0
1016,15,203,431,0,-143,0
1016,17,447,197,0,-224,0
1016,69,461,401,0,49,1
1016,74,294,693,0,-108,0
1016,75,117,386,0,-259,0
1016,85,727,21,0,-244,0
1016,89,675,267,0,73,1
1016,99,143,570,0,-205,0
1016,104,350,504,0,-96,1
1016,107,403,387,0,-182,1
1016,114,61,614,0,33,0
1016,121,502,648,0,-206,1
1016,122,532,534,0,15,1
1016,123,634,486,0,39,0
1016,127,338,686,0,-190,1
1016,128,674,264,0,37,1
1016,129,365,648,0,-128,1
1017,0,229,382,0,-54,0
1017,1,2,706,0,-52,0
1017,2,194,462,0,-122,0
1017,4,609,251,0,-126,0
1017,5,524,461,0,-71,0
1017,8,204,689,0,-127,0
1017,10,476,148,0,-192,0
1017,12,201,162,0,-38,0
1017,14,10,268,0,-211,0
1017,15,204,434,0,-143,0
1017,17,445,199,0,-224,0
1017,69,458,399,0,49,1
1017,74,297,694,0,-108,0
1017,75,114,387,0,-251,0
1017,85,724,21,0,-267,0
1017,89,672,266,0,73,1
1017,99,143,570,0,-205,0
1017,104,353,505,0,-96,1
1017,107,403,390,0,-182,1
1017,114,60,612,0,33,0
1017,121,501,651,0,-206,1
1017,122,531,531,0,17,1
1017,123,632,483,0,38,0
1017,127,337,689,0,-195,1
1017,128,672,261,0,37,1
1017,129,367,650,0,-128,1
1018,0,231,381,0,-54,0
1018,1,5,704,0,-52,0
1018,2,196,464,0,-122,0
1018,4,612,253,0,-132,0
1018,5,526,459,0,-47,0
1018,8,207,691,0,-127,0
1018,10,476,150,0,-192,0
1018,12,203,160,0,-38,0
1018,14,8,271,0,-211,0
1018,15,206,436,0,-143,0
1018,17,443,201,0,-224,0
1018,69,456,397,0,49,1
1018,74,300,695,0,-108,0
1018,75,111,388,0,-251,0
1018,85,721,22,0,-251,0
1018,89,669,264,0,56,1
1018,99,143,570,0,-205,0
1018,104,356,505,0,-96,1
1018,107,403,393,0,-182,1
1018,114,58,609,0,33,0
1018,121,499,654,0,-206,1
1018,122,530,528,0,17,1
1018,123,630,481,0,38,0
1018,127,336,692,0,-195,1
1018,128,670,259,0,31,1
1018,129,369,652,0,-141,1
1019,0,234,379,0,-54,0
1019,1,7,702,0,-52,0
1019,2,199,465,0,-122,0
1019,4,614,255,0,-132,0
1019,5,528,457,0,-47,0
1019,8,209,693,0,-127,0
1019,10,475,153,0,-192,0
1019,12,205,157,0,-38,0
1019,14,6,273,0,-211,0
1019,15,208,438,0,-143,0
1019,17,441,203,0,-224,0
1019,69,454,395,0,49,1
1019,74,303,696,0,-108,0
1019,75,108,389,0,-251,0
1019,85,718,23,0,-251,0
1019,89,667,262,0,56,1
1019,99,143,570,0,-205,0
1019,104,359,505,0,-96,1
1019,107,403,396,0,-182,1
1019,114,57,607,0,33,0
1019,121,498,656,0,-206,1
1019,122,529,525,0,17,1
1019,123,629,478,0,26,0
1019,127,335,695,0,-195,1
1019,128,670,256,0,9,1
1019,129,370,655,0,-169,1
1020,0,236,377,0,-54,0
1020,1,9,700,0,-28,0
1020,2,202,467,0,-122,0
1020,4,616,257,0,-132,0
1020,5,530,455,0,-47,0
1020,8,211,695,0,-127,0
1020,10,475,156,0,-192,0
1020,12,208,156,0,-54,0
1020,14,5,276,0,-211,0
1020,15,210,441,0,-143,0
1020,17,439,205,0,-224,0
1020,69,452,393,0,49,1
1020,74,306,697,0,-108,0
1020,75,106,390,0,-251,0
1020,85,715,24,0,-251,0
1020,89,664,261,0,56,1
1020,99,143,570,0,-205,0
1020,104,362,506,0,-99,1
1020,107,403,399,0,-182,1
1020,114,55,604,0,33,0
1020,121,497,659,0,-206,1
1020,122,528,523,0,17,1
1020,123,628,475,0,26,0
1020,127,335,697,0,-195,1
1020,128,669,253,0,9,1
1020,129,370,658,0,-169,1
1021,0,239,375,0,-54,0
1021,1,10,697,0,-28,0
1021,2,204,468,0,-122,0
1021,4,618,259,0,-132,0
1021,5,533,453,0,-47,0
1021,8,214,696,0,-127,0
1021,10,474,159,0,-192,0
1021,12,210,154,0,-50,0
1021,14,3,279,0,-211,0
1021,15,212,443,0,-143,0
1021,17,437,207,0,-224,0
1021,69,449,391,0,49,1
1021,74,309,696,0,-86,0
1021,75,103,391,0,-251,0
1021,85,713,26,0,-231,0
1021,89,662,259,0,56,1
1021,99,143,570,0,-205,0
1021,104,365,506,0,-99,1
1021,107,403,402,0,-182,1
1021,114,53,602,0,33,0
1021,121,495,662,0,-206,1
1021,122,528,520,0,17,1
1021,123,628,472,0,-3,0
1021,127,334,700,0,-195,1
1021,128,669,250,0,9,1
1021,129,372,661,0,-154,1
1022,0,241,374,0,-54,0
1022,1,11,694,0,-28,0
1022,2,207,470,0,-122,0
1022,4,621,261,0,-132,0
1022,5,534,450,0,-24,0
1022,8,216,698,0,-127,0
1022,10,473,162,0,-192,0
1022,12,212,152,0,-50,0
1022,14,2,281,0,-211,0
1022,15,213,446,0,-143,0
1022,17,435,210,0,-224,0
1022,69,447,389,0,49,1
1022,74,312,696,0,-86,0
1022,75,100,392,0,-251,0
1022,85,710,28,0,-231,0
1022,89,659,257,0,56,1
1022,99,143,570,0,-205,0
1022,104,368,507,0,-99,1
1022,107,402,405,0,-190,1
1022,114,53,599,0,4,0
1022,121,494,665,0,-206,1
1022,122,528,517,0,-5,1
1022,123,626,470,0,25,0
1022,127,333,703,0,-195,1
1022,128,670,247,0,-16,1
1022,129,373,663,0,-154,1
1023,0,243,372,0,-54,0
1023,1,14,692,0,-51,0
1023,2,209,472,0,-122,0
1023,4,623,263,0,-132,0
1023,5,535,447,0,-34,0
1023,8,219,700,0,-127,0
1023,10,473,165,0,-192,0
1023,12,214,150,0,-50,0
1023,14,0,283,0,-226,0
1023,15,215,448,0,-143,0
1023,17,432,210,0,-253,0
1023,69,445,387,0,49,1
1023,74,315,696,0,-86,0
1023,75,97,393,0,-251,0
1023,85,708,30,0,-231,0
1023,89,657,256,0,56,1
1023,99,143,570,0,-205,0
1023,104,371,508,0,-107,1
1023,107,402,408,0,-190,1
1023,114,53,596,0,4,0
1023,121,493,667,0,-206,1
1023,122,530,514,0,-35,1
1023,123,625,467,0,25,0
1023,127,332,706,0,-195,1
1023,128,671,244,0,-16,1
1023,129,374,666,0,-154,1
1024,0,246,371,0,-81,0
1024,1,16,691,0,-51,0
1024,2,212,473,0,-122,0
1024,4,625,265,0,-132,0
1024,5,537,445,0,-34,0
1024,8,221,701,0,-119,0
1024,10,472,168,0,-192,0
1024,12,217,148,0,-50,0
1024,14,748,285,0,-222,0
1024,15,217,450,0,-143,0
1024,17,429,211,0,-253,0
1024,69,443,385,0,28,1
1024,74,318,696,0,-86,0
1024,75,94,394,0,-251,0
1024,85,706,32,0,-231,0
1024,89,654,254,0,56,1
1024,99,143,570,0,-205,0
1024,104,374,509,0,-107,1
1024,107,401,411,0,-190,1
1024,114,53,593,0,4,0
1024,121,491,670,0,-206,1
1024,122,532,512,0,-46,1
1024,123,624,464,0,25,0
1024,127,331,709,0,-195,1
1024,128,672,241,0,-16,1
1024,129,376,669,0,-154,1
1025,0,249,371,0,-81,0
1025,1,18,689,0,-51,0
1025,2,215,474,0,-111,0
1025,4,627,267,0,-132,0
1025,5,539,442,0,-34,0
1025,8,224,703,0,-119,0
1025,10,471,171,0,-207,0
1025,12,219,146,0,-50,0
1025,14,746,288,0,-222,0
1025,15,219,453,0,-143,0
1025,17,426,212,0,-253,0
1025,69,442,382,0,28,1
1025,74,321,697,0,-106,0
1025,75,91,395,0,-251,0
1025,85,703,34,0,-231,0
1025,89,652,252,0,40,1
1025,99,143,570,0,-205,0
1025,104,377,509,0,-101,1
1025,107,401,414,0,-190,1
1025,114,52,590,0,4,0
1025,121,490,673,0,-206,1
1025,122,534,510,0,-46,1
1025,123,623,462,0,25,0
1025,127,331,712,0,-195,1
1025,128,672,238,0,-16,1
1025,129,377,671,0,-154,1
1026,0,252,370,0,-81,0
1026,1,21,687,0,-51,0
1026,2,217,475,0,-111,0
1026,4,630,269,0,-132,0
1026,5,540,440,0,-34,0
1026,8,226,704,0,-119,0
1026,10,469,173,0,-207,0
1026,12,221,144,0,-50,0
1026,14,744,290,0,-222,0
1026,15,221,455,0,-143,0
1026,17,423,213,0,-253,0
1026,69,440,380,0,28,1
1026,74,324,697,0,-106,0
1026,75,89,396,0,-251,0
1026,85,701,36,0,-231,0
1026,89,651,249,0,32,1
1026,99,143,570,0,-205,0
1026,104,380,510,0,-103,1
1026,107,401,417,0,-184,1
1026,114,52,587,0,4,0
1026,121,489,675,0,-206,1
1026,122,536,508,0,-46,1
1026,123,621,459,0,25,0
1026,127,330,715,0,-195,1
1026,128,673,235,0,-16,1
1026,129,378,674,0,-154,1
1027,0,255,370,0,-81,0
1027,1,23,685,0,-51,0
1027,2,220,476,0,-111,0
1027,4,632,271,0,-133,0
1027,5,542,438,0,-39,0
1027,8,229,706,0,-119,0
1027,10,468,176,0,-207,0
1027,12,224,142,0,-50,0
1027,14,742,292,0,-222,0
1027,15,222,458,0,-143,0
1027,17,421,215,0,-237,0
1027,69,439,377,0,28,1
1027,74,326,699,0,-122,0
1027,75,86,397,0,-251,0
1027,85,699,37,0,-231,0
1027,89,649,247,0,32,1
1027,99,143,570,0,-205,0
1027,104,383,510,0,-103,1
1027,107,399,419,0,-212,1
1027,114,52,584,0,4,0
1027,121,488,678,0,-206,1
1027,122,538,506,0,-46,1
1027,123,620,456,0,25,0
1027,127,329,718,0,-195,1
1027,128,674,233,0,-16,1
1027,129,379,677,0,-154,1
1028,0,258,369,0,-81,0
1028,1,25,683,0,-51,0
1028,2,223,477,0,-111,0
1028,4,634,273,0,-133,0
1028,5,544,435,0,-39,0
1028,8,232,707,0,-119,0
1028,10,467,179,0,-207,0
1028,12,226,140,0,-50,0
1028,14,740,294,0,-222,0
1028,15,224,460,0,-143,0
1028,17,419,217,0,-210,0
1028,69,438,374,0,28,1
1028,74,329,701,0,-122,0
1028,75,83,398,0,-251,0
1028,85,696,39,0,-231,0
1028,89,648,244,0,32,1
1028,99,143,570,0,-205,0
1028,104,386,511,0,-103,1
1028,107,397,422,0,-212,1
1028,114,52,581,0,4,0
1028,121,486,681,0,-206,1
1028,122,540,504,0,-46,1
1028,123,618,454,0,42,0
1028,127,328,721,0,-192,1
1028,128,675,230,0,-16,1
1028,129,381,680,0,-154,1
1029,0,261,369,0,-81,0
1029,1,28,681,0,-51,0
1029,2,226,479,0,-111,0
1029,4,636,275,0,-133,0
1029,5,547,434,0,-68,0
1029,8,234,708,0,-112,0
1029,10,465,181,0,-207,0
1029,12,228,138,0,-50,0
1029,14,738,297,0,-222,0
1029,15,226,462,0,-143,0
1029,17,418,220,0,-210,0
1029,69,436,372,0,28,1
1029,74,331,702,0,-122,0
1029,75,81,400,0,-231,0
1029,85,694,41,0,-231,0
1029,89,646,241,0,32,1
1029,99,143,570,0,-205,0
1029,104,389,511,0,-80,1
1029,107,397,425,0,-183,1
1029,114,52,578,0,4,0
1029,121,485,683,0,-206,1
1029,122,542,502,0,-46,1
1029,123,616,452,0,42,0
1029,127,328,724,0,-192,1
1029,128,677,227,0,-41,1
1029,129,382,682,0,-154,1
1030,0,264,368,0,-81,0
1030,1,30,679,0,-51,0
1030,2,229,479,0,-106,0
1030,4,638,277,0,-133,0
1030,5,550,433,0,-68,0
1030,8,237,710,0,-112,0
1030,10,463,183,0,-230,0
1030,12,231,136,0,-50,0
1030,14,737,299,0,-201,0
1030,15,228,465,0,-143,0
1030,17,416,223,0,-210,0
1030,69,435,369,0,28,1
1030,74,334,704,0,-122,0
1030,75,78,402,0,-231,0
1030,85,692,43,0,-231,0
1030,89,644,239,0,32,1
1030,99,143,570,0,-205,0
1030,104,392,510,0,-80,1
1030,107,397,428,0,-183,1
1030,114,51,575,0,4,0
1030,121,484,686,0,-192,1
1030,122,545,500,0,-46,1
1030,123,614,449,0,42,0
1030,127,327,726,0,-192,1
1030,128,679,225,0,-41,1
1030,129,383,685,0,-154,1
1031,0,267,368,0,-83,0
1031,1,31,677,0,-26,0
1031,2,232,480,0,-106,0
1031,4,640,279,0,-133,0
1031,5,553,432,0,-68,0
1031,8,240,711,0,-112,0
1031,10,461,185,0,-230,0
1031,12,233,134,0,-50,0
1031,14,736,302,0,-201,0
1031,15,229,467,0,-154,0
1031,17,414,225,0,-210,0
1031,69,435,366,0,5,1
1031,74,336,705,0,-122,0
1031,75,76,403,0,-231,0
1031,85,689,45,0,-231,0
1031,89,642,237,0,60,1
1031,99,143,570,0,-205,0
1031,104,395,510,0,-80,1
1031,107,397,431,0,-183,1
1031,114,51,572,0,4,0
1031,121,485,689,0,-171,1
1031,122,547,497,0,-46,1
1031,123,613,447,0,15,0
1031,127,326,729,0,-192,1
1031,128,681,223,0,-41,1
1031,129,385,688,0,-154,1
1032,0,270,368,0,-83,0
1032,1,33,674,0,-26,0
1032,2,234,481,0,-106,0
1032,4,643,281,0,-133,0
1032,5,555,431,0,-68,0
1032,8,243,711,0,-95,0
1032,10,458,187,0,-230,0
1032,12,235,133,0,-50,0
1032,14,735,305,0,-201,0
1032,15,229,470,0,-182,0
1032,17,413,228,0,-210,0
1032,69,434,363,0,5,1
1032,74,339,707,0,-122,0
1032,75,74,405,0,-231,0
1032,85,687,47,0,-231,0
1032,89,639,236,0,60,1
1032,99,143,570,0,-205,0
1032,104,398,509,0,-80,1
1032,107,397,434,0,-183,1
1032,114,51,569,0,1,0
1032,121,485,692,0,-171,1
1032,122,549,495,0,-46,1
1032,123,614,444,0,-6,0
1032,127,326,732,0,-192,1
1032,128,683,221,0,-41,1
1032,129,386,690,0,-154,1
1033,0,273,367,0,-83,0
1033,1,34,671,0,-26,0
1033,2,237,482,0,-106,0
1033,4,645,283,0,-133,0
1033,5,557,428,0,-43,0
1033,8,246,711,0,-95,0
1033,10,456,189,0,-230,0
1033,12,237,131,0,-50,0
1033,14,734,308,0,-201,0
1033,15,229,473,0,-182,0
1033,17,412,230,0,-209,0
1033,69,434,360,0,5,1
1033,74,341,709,0,-122,0
1033,75,71,407,0,-231,0
1033,85,684,48,0,-251,0
1033,89,637,234,0,60,1
1033,99,143,570,0,-205,0
1033,104,400,509,0,-80,1
1033,107,397,437,0,-183,1
1033,114,51,566,0,1,0
1033,121,486,695,0,-161,1
1033,122,551,493,0,-46,1
1033,123,614,441,0,-6,0
1033,127,325,735,0,-192,1
1033,128,685,219,0,-50,1
1033,129,387,693,0,-154,1
1034,0,276,366,0,-61,0
1034,1,35,668,0,-26,0
1034,2,240,483,0,-106,0
1034,4,647,285,0,-133,0
1034,5,560,427,0,-71,0
1034,8,249,711,0,-95,0
1034,10,454,191,0,-230,0
1034,12,240,128,0,-46,0
1034,14,733,311,0,-201,0
1034,15,229,476,0,-182,0
1034,17,410,233,0,-209,0
1034,69,434,357,0,5,1
1034,74,344,710,0,-122,0
1034,75,69,409,0,-231,0
1034,85,681,49,0,-251,0
1034,89,634,233,0,60,1
1034,99,143,570,0,-205,0
1034,104,403,508,0,-80,1
1034,107,397,440,0,-183,1
1034,114,51,563,0,1,0
1034,121,487,698,0,-161,1
1034,122,553,491,0,-46,1
1034,123,614,438,0,-6,0
1034,127,325,738,0,-192,1
1034,128,687,217,0,-50,1
1034,129,389,696,0,-154,1
1035,0,278,364,0,-61,0
1035,1,37,666,0,-26,0
1035,2,243,483,0,-106,0
1035,4,649,287,0,-133,0
1035,5,563,426,0,-71,0
1035,8,252,712,0,-95,0
1035,10,452,194,0,-209,0
1035,12,242,126,0,-46,0
1035,14,731,313,0,-201,0
1035,15,228,479,0,-182,0
1035,17,409,236,0,-209,0
1035,69,434,354,0,5,1
1035,74,347,711,0,-97,0
1035,75,67,411,0,-231,0
1035,85,679,50,0,-251,0
1035,89,631,231,0,60,1
1035,99,143,570,0,-205,0
1035,104,406,506,0,-53,1
1035,107,398,443,0,-160,1
1035,114,50,560,0,28,0
1035,121,488,701,0,-161,1
1035,122,555,489,0,-49,1
1035,123,616,435,0,-29,0
1035,127,324,741,0,-192,1
1035,128,690,215,0,-50,1
1035,129,390,698,0,-154,1
1036,0,281,363,0,-61,0
1036,1,38,663,0,-37,0
1036,2,246,484,0,-98,0
1036,4,651,289,0,-133,0
1036,5,566,425,0,-71,0
1036,8,255,712,0,-95,0
1036,10,451,196,0,-209,0
1036,12,244,124,0,-46,0
1036,14,730,316,0,-201,0
1036,15,228,482,0,-182,0
1036,17,407,238,0,-209,0
1036,69,433,351,0,5,1
1036,74,350,711,0,-97,0
1036,75,64,413,0,-231,0
1036,85,676,51,0,-251,0
1036,89,629,230,0,58,1
1036,99,143,570,0,-205,0
1036,104,408,505,0,-53,1
1036,107,399,446,0,-160,1
1036,114,48,558,0,28,0
1036,121,489,704,0,-166,1
1036,122,558,487,0,-49,1
1036,123,617,432,0,-29,0
1036,127,323,744,0,-192,1
1036,128,692,213,0,-50,1
1036,129,391,701,0,-154,1
1037,0,284,362,0,-61,0
1037,1,40,661,0,-37,0
1037,2,249,484,0,-98,0
1037,4,654,290,0,-111,0
1037,5,569,424,0,-71,0
1037,8,258,712,0,-95,0
1037,10,450,199,0,-191,0
1037,12,246,122,0,-46,0
1037,14,729,319,0,-201,0
1037,15,228,485,0,-182,0
1037,17,406,241,0,-209,0
1037,69,433,348,0,5,1
1037,74,353,712,0,-116,0
1037,75,62,415,0,-231,0
1037,85,673,52,0,-251,0
1037,89,626,228,0,58,1
1037,99,143,570,0,-205,0
1037,104,411,503,0,-53,1
1037,107,400,448,0,-160,1
1037,114,47,555,0,28,0
1037,121,490,707,0,-166,1
1037,122,560,485,0,-49,1
1037,123,619,430,0,-29,0
1037,127,322,747,0,-202,1
1037,128,694,211,0,-50,1
1037,129,392,704,0,-154,1
1038,0,286,360,0,-61,0
1038,1,42,659,0,-37,0
1038,2,252,485,0,-98,0
1038,4,657,291,0,-111,0
1038,5,572,423,0,-71,0
1038,8,261,713,0,-95,0
1038,10,450,202,0,-191,0
1038,12,248,120,0,-46,0
1038,14,728,322,0,-200,0
1038,15,228,488,0,-182,0
1038,17,404,244,0,-209,0
1038,69,433,345,0,5,1
1038,74,355,714,0,-116,0
1038,75,60,417,0,-216,0
1038,85,670,53,0,-251,0
1038,89,625,226,0,38,1
1038,99,143,570,0,-205,0
1038,104,413,501,0,-53,1
1038,107,401,451,0,-160,1
1038,114,45,552,0,28,0
1038,121,490,710,0,-166,1
1038,122,562,483,0,-49,1
1038,123,620,427,0,-29,0
1038,127,321,750,0,-202,1
1038,128,697,209,0,-50,1
1038,129,395,706,0,-127,1
1039,0,289,359,0,-61,0
1039,1,44,656,0,-37,0
1039,2,255,485,0,-98,0
1039,4,660,292,0,-111,0
1039,5,574,422,0,-71,0
1039,8,264,713,0,-95,0
1039,10,449,205,0,-191,0
1039,12,250,118,0,-46,0
1039,14,727,325,0,-200,0
1039,15,228,491,0,-182,0
1039,17,403,246,0,-203,0
1039,69,433,342,0,5,1
1039,74,358,715,0,-117,0
1039,75,58,420,0,-216,0
1039,85,667,54,0,-251,0
1039,89,623,223,0,38,1
1039,99,143,570,0,-205,0
1039,104,415,499,0,-53,1
1039,107,402,454,0,-160,1
1039,114,44,550,0,40,0
1039,121,491,712,0,-166,1
1039,122,564,481,0,-49,1
1039,123,622,425,0,-39,0
1039,127,320,752,0,-202,1
1039,128,699,207,0,-50,1
1039,129,397,708,0,-127,1
1040,0,291,357,0,-61,0
1040,1,46,654,0,-37,0
1040,2,258,485,0,-98,0
1040,4,663,293,0,-111,0
1040,5,577,421,0,-71,0
1040,8,267,713,0,-95,0
1040,10,449,208,0,-191,0
1040,12,252,116,0,-46,0
1040,14,725,327,0,-225,0
1040,15,228,494,0,-182,0
1040,17,402,249,0,-203,0
1040,69,432,339,0,5,1
1040,74,361,716,0,-117,0
1040,75,56,421,0,-245,0
1040,85,664,55,0,-251,0
1040,89,621,221,0,38,1
1040,99,143,570,0,-205,0
1040,104,418,498,0,-61,1
1040,107,403,457,0,-160,1
1040,114,42,548,0,40,0
1040,121,492,715,0,-166,1
1040,122,567,479,0,-49,1
1040,123,624,422,0,-39,0
1040,127,319,3,0,-202,1
1040,128,701,205,0,-50,1
1040,129,400,709,0,-127,1
1041,0,294,357,0,-81,0
1041,1,47,651,0,-37,0
1041,2,261,486,0,-98,0
1041,4,665,295,0,-111,0
1041,5,580,420,0,-71,0
1041,8,270,714,0,-113,0
1041,10,448,211,0,-191,0
1041,12,255,115,0,-65,0
1041,14,723,329,0,-221,0
1041,15,228,497,0,-182,0
1041,17,401,252,0,-203,0
1041,69,432,336,0,5,1
1041,74,363,718,0,-117,0
1041,75,53,422,0,-245,0
1041,85,662,56,0,-251,0
1041,89,619,219,0,38,1
1041,99,143,570,0,-205,0
1041,104,421,496,0,-61,1
1041,107,404,460,0,-160,1
1041,114,40,545,0,40,0
1041,121,492,718,0,-166,1
1041,122,569,477,0,-49,1
1041,123,626,420,0,-32,0
1041,127,317,6,0,-202,1
1041,128,703,203,0,-50,1
1041,129,402,711,0,-127,1
1042,0,297,356,0,-81,0
1042,1,49,649,0,-37,0
1042,2,264,487,0,-111,0
1042,4,668,296,0,-128,0
1042,5,583,421,0,-96,0
1042,8,272,715,0,-113,0
1042,10,447,214,0,-191,0
1042,12,257,113,0,-45,0
1042,14,721,331,0,-221,0
1042,15,228,500,0,-182,0
1042,17,400,255,0,-203,0
1042,69,432,333,0,5,1
1042,74,366,719,0,-117,0
1042,75,50,423,0,-245,0
1042,85,659,57,0,-251,0
1042,89,617,216,0,38,1
1042,99,143,570,0,-205,0
1042,104,423,495,0,-61,1
1042,107,404,463,0,-173,1
1042,114,38,543,0,40,0
1042,121,493,721,0,-166,1
1042,122,571,475,0,-49,1
1042,123,627,417,0,-32,0
1042,127,316,8,0,-202,1
1042,128,706,201,0,-50,1
1042,129,404,713,0,-127,1
1043,0,300,356,0,-81,0
1043,1,51,647,0,-48,0
1043,2,267,488,0,-108,0
1043,4,670,298,0,-128,0
1043,5,586,421,0,-96,0
1043,8,275,717,0,-113,0
1043,10,447,217,0,-191,0
1043,12,259,110,0,-45,0
1043,14,719,333,0,-243,0
1043,15,227,503,0,-182,0
1043,17,398,257,0,-203,0
1043,69,430,330,0,26,1
1043,74,369,720,0,-116,0
1043,75,48,425,0,-245,0
1043,85,656,58,0,-251,0
1043,89,615,214,0,38,1
1043,99,143,570,0,-205,0
1043,104,426,493,0,-61,1
1043,107,404,466,0,-173,1
1043,114,36,541,0,40,0
1043,121,494,724,0,-166,1
1043,122,573,473,0,-49,1
1043,123,629,415,0,-32,0
1043,127,315,11,0,-202,1
1043,128,708,199,0,-50,1
1043,129,407,715,0,-127,1
1044,0,303,356,0,-102,0
1044,1,53,645,0,-44,0
1044,2,269,489,0,-108,0
1044,4,672,300,0,-128,0
1044,5,589,421,0,-96,0
1044,8,278,718,0,-113,0
1044,10,446,220,0,-191,0
1044,12,262,108,0,-47,0
1044,14,716,334,0,-253,0
1044,15,227,506,0,-182,0
1044,17,397,260,0,-203,0
1044,69,429,328,0,26,1
1044,74,371,722,0,-116,0
1044,75,45,426,0,-245,0
1044,85,653,59,0,-251,0
1044,89,614,211,0,38,1
1044,99,143,570,0,-205,0
1044,104,428,492,0,-61,1
1044,107,405,469,0,-173,1
1044,114,34,538,0,40,0
1044,121,495,727,0,-166,1
1044,122,576,471,0,-49,1
1044,123,630,412,0,-32,0
1044,127,314,14,0,-202,1
1044,128,711,198,0,-64,1
1044,129,409,717,0,-127,1
1045,0,306,357,0,-102,0
1045,1,56,643,0,-44,0
1045,2,272,490,0,-108,0
1045,4,675,302,0,-128,0
1045,5,592,422,0,-96,0
1045,8,281,719,0,-110,0
1045,10,446,223,0,-191,0
1045,12,264,106,0,-47,0
1045,14,713,334,0,-253,0
1045,15,227,509,0,-182,0
1045,17,396,263,0,-203,0
1045,69,429,325,0,2,1
1045,74,374,723,0,-127,0
1045,75,42,427,0,-245,0
1045,85,650,60,0,-251,0
1045,89,612,209,0,38,1
1045,99,143,570,0,-205,0
1045,104,431,490,0,-61,1
1045,107,405,472,0,-173,1
1045,114,32,536,0,40,0
1045,121,495,730,0,-166,1
1045,122,578,469,0,-49,1
1045,123,632,410,0,-32,0
1045,127,313,17,0,-202,1
1045,128,713,197,0,-64,1
1045,129,412,717,0,-97,1
1046,0,309,358,0,-102,0
1046,1,58,640,0,-44,0
1046,2,275,491,0,-108,0
1046,4,677,304,0,-128,0
1046,5,595,422,0,-96,0
1046,8,284,720,0,-114,0
1046,10,445,226,0,-191,0
1046,12,266,104,0,-40,0
1046,14,710,335,0,-253,0
1046,15,228,512,0,-169,0
1046,17,396,266,0,-189,0
1046,69,429,322,0,2,1
1046,74,376,725,0,-127,0
1046,75,39,429,0,-245,0
1046,85,647,61,0,-251,0
1046,89,610,207,0,38,1
1046,99,143,570,0,-205,0
1046,104,434,489,0,-64,1
1046,107,405,475,0,-192,1
1046,114,30,534,0,50,0
1046,121,496,733,0,-170,1
1046,122,580,468,0,-49,1
1046,123,633,407,0,-32,0
1046,127,312,19,0,-202,1
1046,128,716,195,0,-64,1
1046,129,415,717,0,-97,1
1047,0,312,358,0,-102,0
1047,1,60,638,0,-44,0
1047,2,278,492,0,-108,0
1047,4,679,306,0,-128,0
1047,5,598,422,0,-96,0
1047,8,286,721,0,-114,0
1047,10,445,229,0,-191,0
1047,12,268,102,0,-40,0
1047,14,707,336,0,-253,0
1047,15,229,515,0,-153,0
1047,17,395,269,0,-189,0
1047,69,429,319,0,0,1
1047,74,379,727,0,-127,0
1047,75,37,430,0,-245,0
1047,85,645,62,0,-251,0
1047,89,608,204,0,38,1
1047,99,143,570,0,-205,0
1047,104,436,487,0,-54,1
1047,107,403,477,0,-207,1
1047,114,27,532,0,50,0
1047,121,496,736,0,-170,1
1047,122,583,466,0,-49,1
1047,123,635,405,0,-32,0
1047,127,311,22,0,-202,1
1047,128,719,195,0,-92,1
1047,129,418,718,0,-97,1
1048,0,315,359,0,-102,0
1048,1,62,636,0,-44,0
1048,2,281,493,0,-108,0
1048,4,682,308,0,-128,0
1048,5,601,423,0,-96,0
1048,8,289,723,0,-114,0
1048,10,444,232,0,-191,0
1048,12,270,99,0,-40,0
1048,14,704,337,0,-253,0
1048,15,230,518,0,-157,0
1048,17,395,272,0,-189,0
1048,69,429,316,0,0,1
1048,74,381,729,0,-127,0
1048,75,34,431,0,-245,0
1048,85,642,63,0,-251,0
1048,89,607,202,0,26,1
1048,99,143,570,0,-205,0
1048,104,439,485,0,-54,1
1048,107,402,480,0,-207,1
1048,114,25,530,0,50,0
1048,121,496,739,0,-188,1
1048,122,585,464,0,-49,1
1048,123,637,402,0,-42,0
1048,127,309,24,0,-224,1
1048,128,722,197,0,-119,1
1048,129,421,718,0,-97,1
1049,0,318,358,0,-73,0
1049,1,64,634,0,-44,0
1049,2,284,493,0,-108,0
1049,4,684,309,0,-128,0
1049,5,604,423,0,-100,0
1049,8,292,724,0,-114,0
1049,10,443,235,0,-191,0
1049,12,272,97,0,-40,0
1049,14,701,337,0,-263,0
1049,15,231,521,0,-157,0
1049,17,394,275,0,-189,0
1049,69,429,313,0,0,1
1049,74,383,731,0,-127,0
1049,75,31,432,0,-245,0
1049,85,639,64,0,-251,0
1049,89,607,199,0,0,1
1049,99,143,570,0,-205,0
1049,104,441,484,0,-54,1
1049,107,401,483,0,-207,1
1049,114,24,528,0,23,0
1049,121,495,742,0,-188,1
1049,122,587,461,0,-43,1
1049,123,638,399,0,-17,0
1049,127,306,26,0,-224,1
1049,128,724,198,0,-119,1
1049,129,424,719,0,-97,1
1050,0,320,356,0,-56,0
1050,1,67,633,0,-65,0
1050,2,287,494,0,-108,0
1050,4,686,311,0,-128,0
1050,5,607,424,0,-100,0
1050,8,294,725,0,-114,0
1050,10,443,238,0,-191,0
1050,12,273,95,0,-40,0
1050,14,698,338,0,-263,0
1050,15,233,523,0,-157,0
1050,17,394,278,0,-189,0
1050,69,429,310,0,0,1
1050,74,386,733,0,-127,0
1050,75,28,433,0,-256,0
1050,85,636,65,0,-251,0
1050,89,607,196,0,0,1
1050,99,143,570,0,-205,0
1050,104,443,482,0,-54,1
1050,107,399,485,0,-207,1
1050,114,23,525,0,23,0
1050,121,495,745,0,-188,1
1050,122,589,459,0,-43,1
1050,123,639,397,0,-28,0
1050,127,304,29,0,-224,1
1050,128,727,200,0,-119,1
1050,129,427,719,0,-97,1
1051,0,323,355,0,-56,0
1051,1,69,631,0,-65,0
1051,2,289,495,0,-108,0
1051,4,689,313,0,-128,0
1051,5,610,424,0,-100,0
1051,8,297,727,0,-126,0
1051,10,442,241,0,-191,0
1051,12,275,93,0,-40,0
1051,14,695,337,0,75,0
1051,15,235,526,0,-138,0
1051,17,393,281,0,-189,0
1051,69,429,307,0,-6,1
1051,74,389,734,0,-110,0
1051,75,25,433,0,-268,0
1051,85,633,66,0,-251,0
1051,89,607,193,0,0,1
1051,99,141,572,0,-205,0
1051,104,446,480,0,-54,1
1051,107,397,487,0,-230,1
1051,114,21,523,0,40,0
1051,121,495,748,0,-188,1
1051,122,591,457,0,-43,1
1051,123,641,394,0,-28,0
1051,127,302,31,0,-224,1
1051,128,730,201,0,-119,1
1051,129,430,720,0,-109,1
1052,0,325,353,0,-56,0
1052,1,72,630,0,-65,0
1052,2,292,496,0,-108,0
1052,4,691,315,0,-128,0
1052,5,613,425,0,-100,0
1052,8,299,729,0,-126,0
1052,10,442,243,0,-191,0
1052,12,277,90,0,-40,0
1052,14,692,336,0,75,0
1052,15,237,528,0,-138,0
1052,17,394,284,0,-174,0
1052,69,430,304,0,-6,1
1052,74,391,735,0,-110,0
1052,75,22,433,0,-268,0
1052,85,630,67,0,-251,0
1052,89,606,190,0,20,1
1052,99,140,575,0,-205,0
1052,104,448,478,0,-54,1
1052,107,394,489,0,-243,1
1052,114,18,521,0,55,0
1052,121,494,751,0,-188,1
1052,122,593,455,0,-46,1
1052,123,642,392,0,-28,0
1052,127,300,33,0,-224,1
1052,128,732,203,0,-119,1
1052,129,433,721,0,-109,1
1053,0,328,352,0,-67,0
1053,1,75,629,0,-65,0
1053,2,295,497,0,-108,0
1053,4,694,316,0,-118,0
1053,5,616,425,0,-103,0
1053,8,302,730,0,-126,0
1053,10,441,246,0,-191,0
1053,12,278,87,0,-12,0
1053,14,690,335,0,75,0
1053,15,239,530,0,-138,0
1053,17,394,287,0,-174,0
1053,69,430,301,0,-6,1
1053,74,394,736,0,-110,0
1053,75,19,433,0,-268,0
1053,85,628,69,0,-225,0
1053,89,605,187,0,20,1
1053,99,140,578,0,-182,0
1053,104,451,477,0,-54,1
1053,107,392,490,0,-243,1
1053,114,16,519,0,55,0
1053,121,494,3,0,-188,1
1053,122,595,453,0,-46,1
1053,123,643,389,0,-28,0
1053,127,298,35,0,-224,1
1053,128,735,204,0,-119,1
1053,129,435,722,0,-109,1
1054,0,331,351,0,-67,0
1054,1,77,628,0,-65,0
1054,2,298,498,0,-108,0
1054,4,696,318,0,-118,0
1054,5,619,426,0,-103,0
1054,8,304,732,0,-126,0
1054,10,440,249,0,-191,0
1054,12,279,84,0,-12,0
1054,14,687,335,0,75,0
1054,15,241,532,0,-138,0
1054,17,394,290,0,-174,0
1054,69,430,298,0,-6,1
1054,74,397,737,0,-112,0
1054,75,16,433,0,-268,0
1054,85,626,70,0,-245,0
1054,89,604,184,0,20,1
1054,99,140,581,0,-182,0
1054,104,453,475,0,-54,1
1054,107,389,491,0,-243,1
1054,114,14,516,0,31,0
1054,121,495,6,0,-166,1
1054,122,597,451,0,-46,1
1054,123,645,386,0,-28,0
1054,127,296,37,0,-224,1
1054,128,738,206,0,-119,1
1054,129,438,722,0,-93,1
1055,0,334,350,0,-67,0
1055,1,79,625,0,-37,0
1055,2,301,499,0,-108,0
1055,4,699,318,0,-97,0
1055,5,622,425,0,-80,0
1055,8,307,734,0,-126,0
1055,10,440,252,0,-191,0
1055,12,279,82,0,-12,0
1055,14,684,333,0,46,0
1055,15,243,534,0,-138,0
1055,17,395,293,0,-174,0
1055,69,431,295,0,-6,1
1055,74,400,737,0,-99,0
1055,75,13,434,0,-268,0
1055,85,623,70,0,86,0
1055,89,603,181,0,20,1
1055,99,140,584,0,-182,0
1055,104,456,473,0,-54,1
1055,107,386,493,0,-243,1
1055,114,13,514,0,31,0
1055,121,495,9,0,-166,1
1055,122,600,449,0,-61,1
1055,123,646,384,0,-28,0
1055,127,294,39,0,-224,1
1055,128,740,207,0,-119,1
1055,129,441,722,0,-93,1
1056,0,336,348,0,-67,0
1056,1,81,623,0,-37,0
1056,2,303,501,0,-135,0
1056,4,702,319,0,-97,0
1056,5,624,425,0,-80,0
1056,8,309,736,0,-126,0
1056,10,441,255,0,-168,0
1056,12,280,79,0,-12,0
1056,14,682,330,0,46,0
1056,15,245,537,0,-138,0
1056,17,395,296,0,-174,0
1056,69,431,292,0,-6,1
1056,74,403,737,0,-84,0
1056,75,10,434,0,-268,0
1056,85,620,70,0,86,0
1056,89,602,179,0,20,1
1056,99,140,587,0,-182,0
1056,104,458,471,0,-54,1
1056,107,383,493,0,-265,1
1056,114,11,511,0,31,0
1056,121,496,12,0,-166,1
1056,122,602,447,0,-38,1
1056,123,648,381,0,-28,0
1056,127,292,41,0,-224,1
1056,128,743,208,0,-119,1
1056,129,444,724,0,-120,1
1057,0,339,347,0,-67,0
1057,1,83,620,0,-37,0
1057,2,305,503,0,-135,0
1057,4,705,319,0,-97,0
1057,5,627,424,0,-80,0
1057,8,311,737,0,-126,0
1057,10,441,258,0,-168,0
1057,12,281,76,0,-12,0
1057,14,680,328,0,46,0
1057,15,247,539,0,-138,0
1057,17,396,298,0,-153,0
1057,69,430,289,0,19,1
1057,74,406,737,0,-84,0
1057,75,7,434,0,-268,0
1057,85,617,69,0,86,0
1057,89,601,176,0,20,1
1057,99,140,590,0,-182,0
1057,104,461,470,0,-54,1
1057,107,380,493,0,-265,1
1057,114,9,509,0,45,0
1057,121,497,15,0,-166,1
1057,122,604,445,0,-38,1
1057,123,649,378,0,-28,0
1057,127,290,44,0,-224,1
1057,128,745,210,0,-119,1
1057,129,447,724,0,-92,1
1058,0,342,346,0,-67,0
1058,1,85,618,0,-37,0
1058,2,307,506,0,-135,0
1058,4,708,319,0,-97,0
1058,5,630,424,0,-80,0
1058,8,314,739,0,-126,0
1058,10,442,261,0,-168,0
1058,12,281,73,0,-12,0
1058,14,678,327,0,57,0
1058,15,249,541,0,-138,0
1058,17,398,301,0,-153,0
1058,69,429,286,0,19,1
1058,74,409,736,0,-84,0
1058,75,4,434,0,-268,0
1058,85,614,69,0,86,0
1058,89,600,173,0,20,1
1058,99,140,593,0,-182,0
1058,104,463,468,0,-54,1
1058,107,377,494,0,-265,1
1058,114,7,507,0,34,0
1058,121,497,18,0,-166,1
1058,122,606,442,0,-38,1
1058,123,650,376,0,-28,0
1058,127,288,46,0,-224,1
1058,128,748,211,0,-119,1
1058,129,450,724,0,-92,1
1059,0,345,345,0,-67,0
1059,1,86,615,0,-37,0
1059,2,309,508,0,-144,0
1059,4,711,320,0,-97,0
1059,5,633,423,0,-80,0
1059,8,316,741,0,-126,0
1059,10,442,264,0,-168,0
1059,12,282,70,0,-12,0
1059,14,675,325,0,57,0
1059,15,251,543,0,-138,0
1059,17,399,304,0,-153,0
1059,69,428,283,0,19,1
1059,74,412,736,0,-84,0
1059,75,1,434,0,-268,0
1059,85,611,70,0,-252,0
1059,89,599,170,0,20,1
1059,99,139,596,0,-182,0
1059,104,465,466,0,-54,1
1059,107,375,495,0,-245,1
1059,114,6,504,0,34,0
1059,121,498,20,0,-166,1
1059,122,607,440,0,-38,1
1059,123,652,373,0,-28,0
1059,127,285,48,0,-224,1
1059,128,751,213,0,-119,1
1059,129,453,724,0,-92,1
1060,0,347,344,0,-67,0
1060,1,89,614,0,-53,0
1060,2,311,510,0,-144,0
1060,4,714,320,0,-97,0
1060,5,636,424,0,-94,0
1060,8,319,743,0,-126,0
1060,10,442,267,0,-190,0
1060,12,283,67,0,-12,0
1060,14,673,324,0,57,0
1060,15,253,545,0,-138,0
1060,17,400,306,0,-153,0
1060,69,427,280,0,19,1
1060,74,415,736,0,-84,0
1060,75,-2,434,0,-268,0
1060,85,608,70,0,87,0
1060,89,598,167,0,20,1
1060,99,140,599,0,-166,0
1060,104,468,464,0,-54,1
1060,107,372,496,0,-245,1
1060,114,4,502,0,34,0
1060,121,499,23,0,-166,1
1060,122,609,437,0,-28,1
1060,123,653,370,0,-28,0
1060,127,283,50,0,-235,1
1060,128,3,214,0,-119,1
1060,129,456,724,0,-92,1
1061,0,350,343,0,-67,0
1061,1,91,612,0,-53,0
1061,2,312,513,0,-144,0
1061,4,717,320,0,-97,0
1061,5,639,424,0,-94,0
1061,8,321,745,0,-126,0
1061,10,441,270,0,-190,0
1061,12,283,64,0,-4,0
1061,14,670,322,0,57,0
1061,15,254,548,0,-154,0
1061,17,402,309,0,-153,0
1061,69,426,278,0,19,1
1061,74,418,735,0,-84,0
1061,75,747,434,0,-268,0
1061,85,605,71,0,-247,0
1061,89,597,164,0,10,1
1061,99,141,602,0,-166,0
1061,104,470,463,0,-54,1
1061,107,369,497,0,-245,1
1061,114,2,499,0,34,0
1061,121,499,26,0,-166,1
1061,122,610,435,0,-28,1
1061,123,655,368,0,-28,0
1061,127,280,51,0,-241,1
1061,128,5,216,0,-119,1
1061,129,459,724,0,-92,1
1062,0,353,341,0,-67,0
1062,1,94,610,0,-53,0
1062,2,314,515,0,-144,0
1062,4,720,321,0,-97,0
1062,5,642,424,0,-94,0
1062,8,323,746,0,-126,0
1062,10,441,273,0,-190,0
1062,12,283,61,0,-4,0
1062,14,668,320,0,50,0
1062,15,256,551,0,-154,0
1062,17,403,312,0,-153,0
1062,69,425,275,0,19,1
1062,74,421,735,0,-84,0
1062,75,744,434,0,81,0
1062,85,602,72,0,-247,0
1062,89,597,161,0,10,1
1062,99,142,605,0,-166,0
1062,104,473,461,0,-54,1
1062,107,366,499,0,-245,1
1062,114,1,497,0,34,0
1062,121,500,29,0,-166,1
1062,122,612,432,0,-33,1
1062,123,656,365,0,-28,0
1062,128,8,217,0,-119,1
1062,129,462,723,0,-76,1
1063,0,356,340,0,-67,0
1063,1,96,608,0,-53,0
1063,2,317,517,0,-121,0
1063,4,723,321,0,-97,0
1063,5,645,424,0,-94,0
1063,8,326,748,0,-126,0
1063,10,440,276,0,-190,0
1063,12,283,58,0,-4,0
1063,14,665,318,0,50,0
1063,15,257,554,0,-154,0
1063,17,403,315,0,-176,0
1063,69,424,272,0,19,1
1063,74,424,735,0,-84,0
1063,75,741,433,0,81,0
1063,85,600,74,0,-247,0
1063,89,595,159,0,26,1
1063,99,142,608,0,-166,0
1063,104,475,459,0,-54,1
1063,107,364,500,0,-245,1
1063,114,-2,495,0,52,0
1063,121,501,32,0,-166,1
1063,122,614,430,0,-35,1
1063,123,657,362,0,-28,0
1063,128,11,218,0,-104,1
1063,129,465,724,0,-98,1
1064,0,358,339,0,-67,0
1064,1,98,606,0,-53,0
1064,2,319,518,0,-121,0
1064,4,726,321,0,-84,0
1064,5,648,424,0,-94,0
1064,8,328,750,0,-126,0
1064,10,440,279,0,-190,0
1064,12,283,55,0,-4,0
1064,14,663,316,0,50,0
1064,15,258,556,0,-154,0
1064,17,403,318,0,-176,0
1064,69,422,269,0,31,1
1064,74,427,734,0,-68,0
1064,75,738,434,0,-263,0
1064,85,597,74,0,-257,0
1064,89,594,156,0,29,1
1064,99,143,611,0,-166,0
1064,104,478,457,0,-54,1
1064,107,361,501,0,-245,1
1064,114,748,493,0,52,0
1064,121,501,35,0,-186,1
1064,122,615,427,0,-35,1
1064,123,659,360,0,-28,0
1064,128,14,219,0,-104,1
1064,129,468,725,0,-116,1
1065,0,361,338,0,-67,0
1065,1,101,605,0,-53,0
1065,2,322,519,0,-103,0
1065,4,729,320,0,-79,0
1065,5,651,425,0,-94,0
1065,8,331,752,0,-126,0
1065,10,439,282,0,-190,0
1065,12,284,52,0,-4,0
1065,14,661,314,0,50,0
1065,15,260,559,0,-154,0
1065,17,404,321,0,-176,0
1065,69,421,267,0,31,1
1065,74,429,733,0,-68,0
1065,75,735,434,0,-263,0
1065,85,594,75,0,-257,0
1065,89,592,153,0,29,1
1065,99,143,614,0,-175,0
1065,104,480,456,0,-54,1
1065,107,358,502,0,-245,1
1065,114,745,491,0,52,0
1065,121,500,38,0,-186,1
1065,122,617,425,0,-35,1
1065,123,660,357,0,-28,0
1065,128,17,219,0,-104,1
1065,129,470,727,0,-116,1
1066,0,364,338,0,-86,0
1066,1,103,603,0,-53,0
1066,2,325,519,0,-84,0
1066,4,732,320,0,-79,0
1066,5,654,425,0,-94,0
1066,8,333,2,0,-126,0
1066,10,439,285,0,-190,0
1066,12,284,49,0,-4,0
1066,14,658,312,0,50,0
1066,15,261,562,0,-154,0
1066,17,404,324,0,-176,0
1066,69,419,264,0,31,1
1066,74,432,731,0,-68,0
1066,75,732,434,0,-263,0
1066,85,591,76,0,-257,0
1066,89,591,151,0,29,1
1066,99,144,617,0,-175,0
1066,104,482,454,0,-54,1
1066,107,355,504,0,-245,1
1066,114,743,489,0,50,0
1066,121,500,41,0,-186,1
1066,122,619,422,0,-35,1
1066,123,662,354,0,-28,0
1066,128,20,220,0,-104,1
1066,129,473,728,0,-116,1
1067,0,367,336,0,-58,0
1067,1,106,601,0,-53,0
1067,2,328,518,0,-84,0
1067,4,735,320,0,-91,0
1067,5,657,425,0,-88,0
1067,8,335,4,0,-139,0
1067,10,438,288,0,-190,0
1067,12,284,46,0,3,0
1067,14,656,310,0,50,0
1067,15,262,564,0,-154,0
1067,17,404,326,0,-169,0
1067,69,418,262,0,31,1
1067,74,435,731,0,-87,0
1067,75,729,435,0,-263,0
1067,85,588,76,0,-257,0
1067,89,589,148,0,29,1
1067,99,144,619,0,-175,0
1067,104,485,452,0,-54,1
1067,107,353,505,0,-245,1
1067,114,741,488,0,50,0
1067,121,500,44,0,-186,1
1067,122,621,421,0,-56,1
1067,123,664,353,0,-55,0
1067,128,23,220,0,-89,1
1067,129,476,729,0,-116,1
1068,0,369,335,0,-58,0
1068,1,108,599,0,-53,0
1068,2,331,518,0,-84,0
1068,4,738,318,0,-64,0
1068,5,660,425,0,-88,0
1068,8,337,6,0,-133,0
1068,10,439,291,0,-174,0
1068,12,284,43,0,-2,0
1068,14,654,309,0,50,0
1068,15,264,567,0,-154,0
1068,17,405,329,0,-169,0
1068,69,416,259,0,31,1
1068,74,438,731,0,-87,0
1068,75,726,435,0,-263,0
1068,85,585,77,0,-257,0
1068,89,588,145,0,29,1
1068,99,144,622,0,-175,0
1068,104,487,450,0,-54,1
1068,107,350,506,0,-250,1
1068,114,738,486,0,50,0
1068,121,499,47,0,-186,1
1068,122,624,419,0,-56,1
1068,123,666,351,0,-46,0
1068,128,26,220,0,-89,1
1068,129,478,731,0,-116,1
1069,0,372,333,0,-58,0
1069,1,110,597,0,-53,0
1069,2,334,518,0,-84,0
1069,4,741,318,0,-82,0
1069,5,663,425,0,-88,0
1069,8,339,8,0,-133,0
1069,10,439,294,0,-174,0
1069,12,284,40,0,-2,0
1069,14,652,307,0,50,0
1069,15,265,570,0,-154,0
1069,17,406,332,0,-169,0
1069,69,415,256,0,31,1
1069,74,441,731,0,-87,0
1069,75,723,435,0,-263,0
1069,85,582,78,0,-253,0
1069,89,587,143,0,29,1
1069,99,144,625,0,-175,0
1069,104,490,449,0,-54,1
1069,107,347,507,0,-250,1
1069,114,736,484,0,50,0
1069,121,499,50,0,-186,1
1069,122,626,417,0,-56,1
1069,123,668,348,0,-46,0
1069,128,29,220,0,-89,1
1069,129,481,731,0,-108,1
1070,0,374,331,0,-58,0
1070,1,113,596,0,-53,0
1070,2,337,518,0,-84,0
1070,4,744,318,0,-82,0
1070,5,666,424,0,-88,0
1070,8,342,10,0,-133,0
1070,10,439,297,0,-185,0
1070,12,284,37,0,-2,0
1070,14,649,305,0,50,0
1070,15,266,572,0,-154,0
1070,17,406,335,0,-169,0
1070,69,413,254,0,31,1
1070,74,444,731,0,-87,0
1070,75,720,436,0,-263,0
1070,85,579,79,0,-253,0
1070,89,585,140,0,29,1
1070,99,145,628,0,-175,0
1070,104,493,448,0,-70,1
1070,107,344,508,0,-250,1
1070,114,734,482,0,53,0
1070,121,499,53,0,-186,1
1070,122,629,417,0,-81,1
1070,123,670,346,0,-44,0
1070,128,32,220,0,-89,1
1070,129,484,732,0,-108,1
1071,0,377,330,0,-58,0
1071,1,114,593,0,-27,0
1071,2,340,517,0,-84,0
1071,4,747,317,0,-82,0
1071,5,669,424,0,-88,0
1071,8,344,12,0,-133,0
1071,10,439,300,0,-185,0
1071,12,284,34,0,-2,0
1071,14,647,303,0,50,0
1071,15,268,575,0,-154,0
1071,17,407,338,0,-169,0
1071,69,412,251,0,31,1
1071,74,447,731,0,-87,0
1071,75,717,436,0,-263,0
1071,85,576,79,0,-253,0
1071,89,584,138,0,29,1
1071,99,145,631,0,-175,0
1071,104,496,447,0,-87,1
1071,114,731,480,0,53,0
1071,121,498,56,0,-183,1
1071,122,632,416,0,-81,1
1071,123,673,344,0,-44,0
1071,128,35,220,0,-89,1
1071,129,487,733,0,-108,1
1072,0,379,328,0,-58,0
1072,1,114,590,0,-3,0
1072,2,343,517,0,-84,0
1072,4,750,317,0,-82,0
1072,5,672,424,0,-88,0
1072,8,346,14,0,-133,0
1072,10,438,303,0,-185,0
1072,12,284,31,0,-2,0
1072,14,645,301,0,50,0
1072,15,269,578,0,-154,0
1072,17,407,341,0,-169,0
1072,69,410,249,0,31,1
1072,74,450,730,0,-87,0
1072,75,714,436,0,-263,0
1072,85,573,80,0,-253,0
1072,89,581,136,0,50,1
1072,99,145,634,0,-175,0
1072,104,499,447,0,-87,1
1072,114,729,478,0,53,0
1072,121,498,59,0,-187,1
1072,122,635,416,0,-81,1
1072,123,675,342,0,-44,0
1072,128,38,220,0,-89,1
1072,129,490,734,0,-108,1
1073,0,382,326,0,-53,0
1073,1,114,587,0,-3,0
1073,2,346,516,0,-80,0
1073,4,753,316,0,-82,0
1073,5,675,424,0,-88,0
1073,8,348,16,0,-133,0
1073,10,439,306,0,-172,0
1073,12,284,28,0,-2,0
1073,14,642,299,0,50,0
1073,15,271,580,0,-127,0
1073,17,409,344,0,-147,0
1073,69,409,246,0,31,1
1073,74,453,730,0,-87,0
1073,75,711,437,0,-263,0
1073,85,571,81,0,-253,0
1073,89,579,134,0,50,1
1073,99,146,637,0,-175,0
1073,104,502,447,0,-87,1
1073,114,726,476,0,53,0
1073,121,498,62,0,-187,1
1073,122,638,416,0,-87,1
1073,123,677,340,0,-44,0
1073,128,41,219,0,-89,1
1073,129,493,735,0,-108,1
1074,0,384,325,0,-51,0
1074,1,115,584,0,-3,0
1074,2,349,515,0,-72,0
1074,4,3,316,0,-78,0
1074,5,678,424,0,-88,0
1074,8,350,18,0,-133,0
1074,10,440,308,0,-156,0
1074,12,283,25,0,13,0
1074,14,640,297,0,50,0
1074,15,274,581,0,-127,0
1074,17,411,346,0,-147,0
1074,69,407,244,0,36,1
1074,74,456,730,0,-87,0
1074,75,708,437,0,-263,0
1074,85,568,82,0,-249,0
1074,89,577,132,0,50,1
1074,99,146,640,0,-175,0
1074,104,505,447,0,-87,1
1074,114,724,475,0,53,0
1074,121,496,65,0,-211,1
1074,122,641,415,0,-87,1
1074,123,679,338,0,-44,0
1074,128,44,219,0,-89,1
1074,129,496,736,0,-108,1
1075,0,387,323,0,-51,0
1075,1,113,581,0,25,0
1075,2,352,515,0,-72,0
1075,4,6,315,0,-78,0
1075,5,681,424,0,-88,0
1075,8,352,21,0,-133,0
1075,10,442,311,0,-147,0
1075,12,283,22,0,13,0
1075,14,638,295,0,50,0
1075,15,276,583,0,-127,0
1075,17,412,349,0,-147,0
1075,69,405,241,0,36,1
1075,74,459,730,0,-87,0
1075,75,705,437,0,-263,0
1075,85,565,83,0,-249,0
1075,89,575,130,0,50,1
1075,99,146,643,0,-175,0
1075,104,508,447,0,-87,1
1075,114,722,473,0,53,0
1075,121,495,67,0,-211,1
1075,122,644,415,0,-87,1
1075,123,681,336,0,-44,0
1075,128,47,219,0,-89,1
1075,129,498,737,0,-107,1
1076,0,389,321,0,-51,0
1076,1,112,578,0,25,0
1076,2,355,514,0,-86,0
1076,4,9,314,0,-78,0
1076,5,684,424,0,-89,0
1076,8,355,23,0,-133,0
1076,10,443,313,0,-147,0
1076,12,282,19,0,13,0
1076,14,635,293,0,50,0
1076,15,278,585,0,-135,0
1076,17,414,351,0,-147,0
1076,69,403,239,0,36,1
1076,74,462,730,0,-87,0
1076,75,702,438,0,-263,0
1076,85,562,84,0,-249,0
1076,89,572,128,0,59,1
1076,99,146,646,0,-187,0
1076,104,511,447,0,-87,1
1076,114,719,471,0,53,0
1076,121,493,70,0,-211,1
1076,122,647,416,0,-98,1
1076,123,683,333,0,-44,0
1076,128,50,219,0,-89,1
1076,129,501,738,0,-107,1
1077,0,391,319,0,-51,0
1077,1,111,576,0,25,0
1077,2,358,514,0,-86,0
1077,4,12,314,0,-88,0
1077,5,687,424,0,-89,0
1077,8,357,25,0,-133,0
1077,10,445,316,0,-147,0
1077,12,281,16,0,13,0
1077,14,633,291,0,50,0
1077,15,280,587,0,-135,0
1077,17,415,354,0,-149,0
1077,69,402,236,0,36,1
1077,74,465,729,0,-69,0
1077,75,699,438,0,-263,0
1077,85,559,86,0,-249,0
1077,89,569,127,0,59,1
1077,99,145,649,0,-187,0
1077,104,514,447,0,-87,1
1077,114,717,469,0,53,0
1077,121,492,72,0,-211,1
1077,122,650,416,0,-95,1
1077,123,685,331,0,-44,0
1077,128,53,219,0,-89,1
1077,129,504,739,0,-107,1
1078,0,394,317,0,-51,0
1078,1,110,573,0,25,0
1078,2,361,514,0,-86,0
1078,4,15,314,0,-88,0
1078,5,690,424,0,-89,0
1078,8,359,27,0,-133,0
1078,10,447,318,0,-147,0
1078,12,280,13,0,23,0
1078,14,631,289,0,50,0
1078,15,282,590,0,-135,0
1078,17,417,356,0,-149,0
1078,69,400,234,0,36,1
1078,74,468,728,0,-69,0
1078,75,696,438,0,-263,0
1078,85,556,86,0,-270,0
1078,89,567,125,0,59,1
1078,99,145,652,0,-187,0
1078,104,517,447,0,-87,1
1078,114,714,467,0,53,0
1078,121,490,75,0,-211,1
1078,122,653,416,0,-95,1
1078,123,687,329,0,-44,0
1078,128,56,219,0,-89,1
1078,129,506,741,0,-136,1
1079,0,396,315,0,-51,0
1079,1,108,570,0,25,0
1079,2,364,514,0,-86,0
1079,4,18,314,0,-88,0
1079,5,693,424,0,-89,0
1079,8,362,28,0,-112,0
1079,10,448,321,0,-147,0
1079,12,279,11,0,23,0
1079,14,628,288,0,50,0
1079,15,285,592,0,-135,0
1079,17,419,359,0,-149,0
1079,69,399,231,0,6,1
1079,74,471,726,0,-69,0
1079,75,693,439,0,-263,0
1079,85,553,86,0,-253,0
1079,89,564,124,0,59,1
1079,99,145,655,0,-187,0
1079,104,519,445,0,-66,1
1079,114,712,466,0,53,0
1079,121,489,77,0,-211,1
1079,122,656,416,0,-95,1
1079,123,689,327,0,-44,0
1079,128,58,220,0,-109,1
1079,129,508,743,0,-136,1
1080,0,398,313,0,-51,0
1080,1,107,568,0,25,0
1080,2,367,513,0,-86,0
1080,4,21,314,0,-88,0
1080,5,696,424,0,-89,0
1080,8,364,29,0,-119,0
1080,10,450,323,0,-147,0
1080,12,278,8,0,23,0
1080,14,626,286,0,50,0
1080,15,287,594,0,-135,0
1080,17,420,362,0,-149,0
1080,69,399,228,0,6,1
1080,74,473,725,0,-69,0
1080,75,690,439,0,-263,0
1080,85,551,87,0,-253,0
1080,89,562,122,0,59,1
1080,99,144,658,0,-187,0
1080,104,522,444,0,-66,1
1080,114,710,464,0,53,0
1080,121,488,80,0,-182,1
1080,122,659,417,0,-95,1
1080,123,691,325,0,-44,0
1080,128,61,221,0,-109,1
1080,129,510,745,0,-136,1
1081,0,401,311,0,-51,0
1081,1,106,565,0,25,0
1081,2,370,513,0,-86,0
1081,4,24,314,0,-88,0
1081,5,699,424,0,-89,0
1081,8,367,31,0,-124,0
1081,10,452,326,0,-147,0
1081,12,277,5,0,23,0
1081,14,624,284,0,50,0
1081,15,289,596,0,-137,0
1081,17,422,364,0,-149,0
1081,69,398,225,0,15,1
1081,74,476,724,0,-69,0
1081,85,548,88,0,-253,0
1081,89,559,121,0,74,1
1081,99,144,661,0,-187,0
1081,104,525,443,0,-66,1
1081,114,707,462,0,53,0
1081,121,488,83,0,-193,1
1081,122,662,417,0,-95,1
1081,123,693,323,0,-44,0
1081,128,64,222,0,-109,1
1081,129,512,747,0,-136,1
1082,0,403,310,0,-51,0
1082,1,105,562,0,25,0
1082,2,373,513,0,-86,0
1082,4,27,314,0,-88,0
1082,5,702,424,0,-89,0
1082,8,369,33,0,-124,0
1082,10,453,328,0,-147,0
1082,12,276,2,0,17,0
1082,14,621,282,0,50,0
1082,15,290,599,0,-152,0
1082,17,424,366,0,-120,0
1082,69,398,222,0,15,1
1082,74,479,723,0,-69,0
1082,85,545,89,0,-253,0
1082,89,556,120,0,61,1
1082,99,144,664,0,-187,0
1082,104,527,441,0,-51,1
1082,114,705,460,0,53,0
1082,121,487,86,0,-193,1
1082,122,665,417,0,-95,1
1082,123,696,321,0,-54,0
1082,128,67,223,0,-109,1
1082,129,513,750,0,-166,1
1083,0,405,307,0,-32,0
1083,1,103,559,0,25,0
1083,2,376,513,0,-86,0
1083,4,30,314,0,-88,0
1083,5,705,423,0,-89,0
1083,8,372,34,0,-124,0
1083,10,455,331,0,-147,0
1083,12,275,-1,0,17,0
1083,14,619,280,0,50,0
1083,15,292,601,0,-152,0
1083,17,427,367,0,-120,0
1083,69,396,220,0,43,1
1083,74,482,722,0,-69,0
1083,85,542,90,0,-253,0
1083,89,555,117,0,35,1
1083,99,143,667,0,-187,0
1083,104,529,439,0,-50,1
1083,114,703,458,0,34,0
1083,121,486,89,0,-193,1
1083,122,668,417,0,-95,1
1083,123,698,319,0,-54,0
1083,128,70,224,0,-109,1
1083,129,514,3,0,-168,1
1084,0,406,304,0,-32,0
1084,1,102,557,0,25,0
1084,2,379,512,0,-86,0
1084,4,32,315,0,-117,0
1084,5,708,423,0,-89,0
1084,8,374,36,0,-124,0
1084,10,456,333,0,-147,0
1084,12,274,747,0,17,0
1084,14,617,278,0,50,0
1084,15,293,604,0,-161,0
1084,17,429,369,0,-120,0
1084,69,393,219,0,65,1
1084,74,485,721,0,-69,0
1084,85,539,91,0,-253,0
1084,89,552,115,0,49,1
1084,99,143,670,0,-187,0
1084,104,532,437,0,-50,1
1084,114,702,455,0,34,0
1084,121,486,92,0,-193,1
1084,122,671,419,0,-122,1
1084,123,701,317,0,-54,0
1084,128,73,225,0,-109,1
1084,129,514,6,0,-168,1
1085,0,408,302,0,-32,0
1085,1,101,554,0,25,0
1085,2,382,512,0,-86,0
1085,4,35,316,0,-117,0
1085,5,711,424,0,-100,0
1085,8,377,38,0,-124,0
1085,10,458,336,0,-147,0
1085,12,272,745,0,46,0
1085,14,615,276,0,45,0
1085,15,294,607,0,-161,0
1085,17,432,370,0,-120,0
1085,69,390,218,0,65,1
1085,74,487,719,0,-44,0
1085,85,536,92,0,-253,0
1085,89,550,113,0,49,1
1085,99,143,673,0,-187,0
1085,104,534,436,0,-71,1
1085,114,700,453,0,34,0
1085,121,485,95,0,-193,1
1085,122,672,422,0,-148,1
1085,123,703,316,0,-58,0
1085,128,75,227,0,-128,1
1085,129,515,9,0,-168,1
1086,0,409,299,0,-32,0
1086,1,101,551,0,4,0
1086,2,385,512,0,-86,0
1086,4,38,318,0,-117,0
1086,5,714,424,0,-100,0
1086,8,379,39,0,-116,0
1086,10,460,338,0,-147,0
1086,12,270,743,0,46,0
1086,14,613,274,0,45,0
1086,15,295,610,0,-157,0
1086,17,435,372,0,-120,0
1086,69,387,216,0,65,1
1086,74,489,717,0,-44,0
1086,85,533,93,0,-253,0
1086,89,548,111,0,49,1
1086,99,142,676,0,-187,0
1086,104,537,435,0,-71,1
1086,114,697,451,0,52,0
1086,121,484,98,0,-193,1
1086,122,674,424,0,-148,1
1086,123,705,313,0,-33,0
1086,128,77,229,0,-128,1
1086,129,516,12,0,-168,1
1087,0,411,297,0,-32,0
1087,1,100,548,0,4,0
1087,2,388,512,0,-86,0
1087,4,40,319,0,-117,0
1087,5,717,424,0,-78,0
1087,8,382,40,0,-116,0
1087,10,461,341,0,-147,0
1087,12,268,741,0,46,0
1087,14,610,272,0,45,0
1087,15,296,612,0,-157,0
1087,17,437,373,0,-120,0
1087,69,385,215,0,65,1
1087,74,491,715,0,-44,0
1087,85,531,93,0,-253,0
1087,89,545,109,0,49,1
1087,99,142,679,0,-187,0
1087,104,540,434,0,-71,1
1087,114,695,449,0,52,0
1087,121,484,101,0,-193,1
1087,122,675,427,0,-148,1
1087,123,706,311,0,-33,0
1087,128,80,230,0,-128,1
1087,129,516,15,0,-168,1
1088,0,413,294,0,-32,0
1088,1,99,545,0,31,0
1088,2,391,511,0,-86,0
1088,4,43,321,0,-117,0
1088,5,720,423,0,-78,0
1088,8,385,42,0,-116,0
1088,10,463,343,0,-147,0
1088,12,266,738,0,23,0
1088,14,608,269,0,45,0
1088,15,297,615,0,-157,0
1088,17,440,375,0,-120,0
1088,69,382,214,0,65,1
1088,74,493,712,0,-44,0
1088,85,528,94,0,-253,0
1088,89,543,107,0,49,1
1088,99,142,682,0,-187,0
1088,104,543,433,0,-71,1
1088,114,693,447,0,52,0
1088,121,483,104,0,-193,1
1088,122,677,429,0,-148,1
1088,123,707,308,0,-11,0
1088,128,82,232,0,-128,1
1088,129,517,18,0,-168,1
1089,0,414,292,0,-32,0
1089,1,97,543,0,31,0
1089,2,394,511,0,-86,0
1089,4,46,322,0,-117,0
1089,5,723,423,0,-78,0
1089,8,388,43,0,-116,0
1089,10,465,346,0,-147,0
1089,12,265,735,0,23,0
1089,14,606,267,0,45,0
1089,15,298,618,0,-157,0
1089,17,442,376,0,-120,0
1089,69,379,212,0,65,1
1089,74,495,710,0,-44,0
1089,85,525,95,0,-253,0
1089,89,541,106,0,49,1
1089,99,141,685,0,-187,0
1089,104,545,431,0,-55,1
1089,114,691,445,0,28,0
1089,121,482,107,0,-193,1
1089,122,678,432,0,-162,1
1089,123,708,305,0,-11,0
1089,128,84,235,0,-147,1
1089,129,517,21,0,-168,1
1090,0,416,289,0,-32,0
1090,1,96,540,0,31,0
1090,2,397,511,0,-86,0
1090,4,48,324,0,-123,0
1090,5,726,423,0,-90,0
1090,8,390,44,0,-116,0
1090,10,467,347,0,-122,0
1090,12,264,733,0,23,0
1090,14,604,265,0,45,0
1090,15,299,621,0,-157,0
1090,17,445,377,0,-106,0
1090,69,377,211,0,65,1
1090,74,497,708,0,-44,0
1090,85,522,96,0,-253,0
1090,89,538,104,0,65,1
1090,99,141,688,0,-187,0
1090,104,548,430,0,-55,1
1090,114,690,442,0,28,0
1090,121,481,109,0,-211,1
1090,122,679,435,0,-162,1
1090,123,708,302,0,-11,0
1090,128,85,237,0,-147,1
1090,129,518,24,0,-168,1
1091,0,417,286,0,-18,0
1091,1,94,538,0,31,0
1091,2,399,510,0,-65,0
1091,4,51,325,0,-123,0
1091,5,729,423,0,-90,0
1091,8,392,46,0,-135,0
1091,10,470,349,0,-122,0
1091,12,263,730,0,23,0
1091,14,603,263,0,25,0
1091,15,301,623,0,-157,0
1091,17,448,378,0,-106,0
1091,69,374,210,0,65,1
1091,74,499,706,0,-44,0
1091,85,519,97,0,-251,0
1091,89,535,103,0,65,1
1091,99,141,691,0,-187,0
1091,104,550,428,0,-55,1
1091,114,689,439,0,28,0
1091,121,479,111,0,-225,1
1091,122,680,438,0,-162,1
1091,123,709,299,0,-11,0
1091,128,87,240,0,-147,1
1091,129,519,26,0,-168,1
1092,0,418,284,0,-18,0
1092,1,93,535,0,31,0
1092,2,402,508,0,-63,0
1092,4,53,327,0,-123,0
1092,5,732,423,0,-90,0
1092,8,395,49,0,-135,0
1092,10,472,351,0,-122,0
1092,12,262,727,0,23,0
1092,14,602,260,0,25,0
1092,15,302,626,0,-157,0
1092,17,451,379,0,-106,0
1092,69,371,209,0,65,1
1092,74,502,705,0,-71,0
1092,85,516,98,0,-251,0
1092,89,533,102,0,65,1
1092,99,140,694,0,-187,0
1092,104,553,426,0,-55,1
1092,114,687,437,0,28,0
1092,121,476,114,0,-225,1
1092,122,681,441,0,-162,1
1092,123,709,296,0,-11,0
1092,128,89,242,0,-147,1
1092,129,519,29,0,-168,1
1093,0,418,281,0,-18,0
1093,1,91,533,0,35,0
1093,2,405,507,0,-63,0
1093,4,55,329,0,-138,0
1093,5,735,423,0,-90,0
1093,8,397,51,0,-135,0
1093,10,475,352,0,-122,0
1093,12,261,724,0,23,0
1093,14,600,257,0,25,0
1093,15,303,629,0,-157,0
1093,17,454,379,0,-106,0
1093,69,368,207,0,65,1
1093,74,505,704,0,-70,0
1093,85,513,99,0,-251,0
1093,89,530,100,0,65,1
1093,99,140,697,0,-187,0
1093,104,555,424,0,-55,1
1093,114,686,434,0,28,0
1093,121,474,116,0,-225,1
1093,123,708,293,0,16,0
1093,128,90,245,0,-147,1
1093,129,520,32,0,-168,1
1094,0,421,279,0,-46,0
1094,1,89,530,0,39,0
1094,2,407,506,0,-63,0
1094,4,57,331,0,-138,0
1094,5,738,423,0,-90,0
1094,8,399,53,0,-135,0
1094,10,477,354,0,-122,0
1094,12,259,721,0,22,0
1094,14,598,255,0,52,0
1094,15,304,632,0,-157,0
1094,17,457,380,0,-102,0
1094,69,366,206,0,65,1
1094,74,508,703,0,-70,0
1094,85,511,100,0,-251,0
1094,89,528,98,0,41,1
1094,99,140,700,0,-184,0
1094,104,558,423,0,-55,1
1094,114,684,431,0,28,0
1094,121,472,118,0,-225,1
1094,123,708,290,0,16,0
1094,128,92,247,0,-147,1
1094,129,520,35,0,-168,1
1095,0,423,276,0,-46,0
1095,1,87,528,0,39,0
1095,2,410,504,0,-63,0
1095,4,59,334,0,-138,0
1095,5,741,424,0,-115,0
1095,8,401,55,0,-135,0
1095,10,480,355,0,-122,0
1095,12,258,719,0,22,0
1095,14,596,253,0,52,0
1095,15,305,635,0,-157,0
1095,17,460,381,0,-102,0
1095,69,363,205,0,65,1
1095,74,510,702,0,-70,0
1095,85,508,101,0,-251,0
1095,89,526,96,0,41,1
1095,99,140,703,0,-172,0
1095,104,560,421,0,-55,1
1095,114,683,429,0,28,0
1095,121,470,120,0,-225,1
1095,123,707,287,0,16,0
1095,128,94,250,0,-147,1
1095,129,521,38,0,-168,1
1096,0,425,274,0,-46,0
1096,1,85,526,0,39,0
1096,2,413,503,0,-63,0
1096,4,61,336,0,-154,0
1096,5,743,426,0,-137,0
1096,8,403,57,0,-135,0
1096,10,483,357,0,-123,0
1096,12,257,716,0,22,0
1096,14,593,252,0,52,0
1096,15,306,637,0,-157,0
1096,17,463,382,0,-111,0
1096,69,360,204,0,65,1
1096,74,513,701,0,-70,0
1096,85,505,102,0,-251,0
1096,89,524,94,0,41,1
1096,99,141,706,0,-172,0
1096,104,563,419,0,-55,1
1096,114,682,426,0,28,0
1096,121,468,122,0,-225,1
1096,123,706,284,0,16,0
1096,128,95,252,0,-147,1
1096,129,522,41,0,-168,1
1097,0,427,272,0,-46,0
1097,1,83,524,0,46,0
1097,2,415,502,0,-63,0
1097,4,62,339,0,-154,0
1097,5,745,428,0,-137,0
1097,8,405,59,0,-135,0
1097,10,485,358,0,-102,0
1097,12,256,713,0,22,0
1097,14,592,249,0,25,0
1097,15,307,640,0,-168,0
1097,17,465,383,0,-111,0
1097,69,357,203,0,80,1
1097,74,516,699,0,-52,0
1097,85,503,104,0,-228,0
1097,89,522,91,0,41,1
1097,99,141,709,0,-172,0
1097,104,565,418,0,-55,1
1097,114,680,423,0,28,0
1097,121,466,124,0,-225,1
1097,123,705,281,0,16,0
1097,128,97,255,0,-142,1
1097,129,522,44,0,-168,1
1098,0,428,270,0,-23,0
1098,1,81,521,0,46,0
1098,2,417,499,0,-42,0
1098,4,63,342,0,-154,0
1098,5,747,430,0,-119,0
1098,8,407,61,0,-135,0
1098,10,488,360,0,-131,0
1098,12,255,710,0,22,0
1098,14,591,246,0,25,0
1098,15,309,643,0,-145,0
1098,17,468,383,0,-87,0
1098,69,354,203,0,80,1
1098,74,518,697,0,-52,0
1098,85,500,106,0,-228,0
1098,89,520,89,0,41,1
1098,99,141,712,0,-172,0
1098,104,567,415,0,-42,1
1098,114,679,421,0,28,0
1098,121,464,126,0,-225,1
1098,123,704,279,0,30,0
1098,128,99,257,0,-142,1
1098,129,523,47,0,-168,1
1099,0,429,267,0,-23,0
1099,1,79,519,0,46,0
1099,2,420,498,0,-59,0
1099,4,65,344,0,-154,0
1099,5,750,431,0,-119,0
1099,8,410,63,0,-135,0
1099,10,490,362,0,-131,0
1099,12,255,707,0,6,0
1099,14,589,243,0,25,0
1099,15,311,645,0,-145,0
1099,17,471,383,0,-101,0
1099,69,351,202,0,80,1
1099,74,520,695,0,-52,0
1099,85,498,108,0,-228,0
1099,89,518,87,0,47,1
1099,99,142,715,0,-172,0
1099,104,569,413,0,-42,1
1099,114,677,418,0,28,0
1099,121,462,128,0,-225,1
1099,123,702,276,0,30,0
1099,128,101,259,0,-142,1
1099,129,524,50,0,-156,1
1100,0,431,264,0,-23,0
1100,1,77,517,0,46,0
1100,2,422,496,0,-59,0
1100,4,67,347,0,-140,0
1100,5,3,433,0,-119,0
1100,8,412,65,0,-135,0
1100,10,492,364,0,-131,0
1100,12,254,704,0,6,0
1100,14,588,241,0,28,0
1100,15,312,648,0,-145,0
1100,17,474,384,0,-101,0
1100,69,348,201,0,71,1
1100,74,523,693,0,-52,0
1100,85,496,110,0,-228,0
1100,89,516,85,0,47,1
1100,99,142,718,0,-172,0
1100,104,571,411,0,-42,1
1100,114,676,415,0,30,0
1100,121,459,130,0,-225,1
1100,123,701,274,0,30,0
1100,128,103,262,0,-142,1
1100,129,525,53,0,-156,1
1101,0,432,261,0,-23,0
1101,1,74,515,0,46,0
1101,2,425,495,0,-59,0
1101,4,68,349,0,-157,0
1101,5,5,434,0,-119,0
1101,8,413,68,0,-143,0
1101,10,494,366,0,-131,0
1101,12,254,701,0,6,0
1101,14,587,238,0,28,0
1101,15,315,649,0,-119,0
1101,17,477,384,0,-101,0
1101,69,346,200,0,71,1
1101,74,525,692,0,-51,0
1101,85,494,112,0,-228,0
1101,89,514,83,0,47,1
1101,99,143,721,0,-172,0
1101,104,573,409,0,-42,1
1101,114,675,413,0,30,0
1101,121,457,133,0,-225,1
1101,123,701,271,0,3,0
1101,128,103,265,0,-168,1
1101,129,526,55,0,-156,1
1102,0,433,258,0,-23,0
1102,1,72,513,0,46,0
1102,2,428,493,0,-59,0
1102,4,69,352,0,-157,0
1102,5,8,435,0,-119,0
1102,8,415,70,0,-143,0
1102,10,497,368,0,-131,0
1102,12,254,698,0,6,0
1102,14,585,235,0,28,0
1102,15,317,651,0,-119,0
1102,17,480,385,0,-101,0
1102,69,343,199,0,71,1
1102,74,527,690,0,-51,0
1102,85,491,114,0,-228,0
1102,89,511,81,0,47,1
1102,99,143,724,0,-172,0
1102,104,575,406,0,-42,1
1102,114,673,410,0,30,0
1102,121,455,135,0,-225,1
1102,123,700,268,0,3,0
1102,128,104,268,0,-168,1
1102,129,528,58,0,-156,1
1103,0,434,256,0,-23,0
1103,1,70,511,0,46,0
1103,2,430,492,0,-59,0
1103,4,70,355,0,-157,0
1103,5,11,437,0,-119,0
1103,8,417,73,0,-143,0
1103,10,498,370,0,-153,0
1103,12,254,695,0,-5,0
1103,14,584,233,0,28,0
1103,15,320,652,0,-119,0
1103,17,483,386,0,-101,0
1103,69,340,198,0,71,1
1103,74,530,688,0,-51,0
1103,85,489,116,0,-228,0
1103,89,509,79,0,47,1
1103,99,143,727,0,-172,0
1103,104,577,404,0,-42,1
1103,114,672,407,0,11,0
1103,121,453,137,0,-225,1
1103,123,700,265,0,3,0
1103,128,103,271,0,-194,1
1103,129,529,61,0,-162,1
1104,0,435,253,0,-23,0
1104,1,68,509,0,46,0
1104,2,433,490,0,-59,0
1104,4,71,358,0,-157,0
1104,5,13,438,0,-119,0
1104,8,419,75,0,-143,0
1104,10,499,373,0,-153,0
1104,12,254,693,0,-12,0
1104,14,582,230,0,28,0
1104,15,322,654,0,-145,0
1104,17,486,386,0,-103,0
1104,69,337,197,0,71,1
1104,74,532,686,0,-51,0
1104,85,487,118,0,-228,0
1104,89,507,77,0,44,1
1104,99,144,730,0,-172,0
1104,104,579,402,0,-42,1
1104,114,672,404,0,11,0
1104,121,451,139,0,-225,1
1104,123,700,262,0,3,0
1104,128,102,273,0,-194,1
1104,129,530,64,0,-162,1
1105,0,436,250,0,-23,0
1105,1,66,507,0,46,0
1105,2,436,489,0,-79,0
1105,4,72,360,0,-157,0
1105,5,16,440,0,-119,0
1105,8,421,77,0,-138,0
1105,10,501,376,0,-153,0
1105,12,255,690,0,-12,0
1105,14,581,227,0,28,0
1105,15,324,657,0,-145,0
1105,17,489,387,0,-103,0
1105,69,334,196,0,71,1
1105,74,534,684,0,-51,0
1105,85,484,119,0,-253,0
1105,89,505,75,0,44,1
1105,99,144,733,0,-172,0
1105,104,581,400,0,-42,1
1105,114,671,401,0,11,0
1105,121,449,141,0,-225,1
1105,123,700,259,0,3,0
1105,128,102,276,0,-194,1
1105,129,530,67,0,-162,1
1106,0,438,247,0,-23,0
1106,1,64,505,0,46,0
1106,2,439,489,0,-79,0
1106,4,74,363,0,-157,0
1106,5,18,441,0,-119,0
1106,8,423,79,0,-138,0
1106,10,502,378,0,-153,0
1106,12,256,687,0,-12,0
1106,14,580,225,0,28,0
1106,15,325,659,0,-145,0
1106,17,492,387,0,-103,0
1106,69,331,195,0,71,1
1106,74,536,681,0,-28,0
1106,85,481,120,0,-253,0
1106,89,503,72,0,44,1
1106,99,145,736,0,-172,0
1106,104,583,398,0,-42,1
1106,114,670,398,0,16,0
1106,121,447,143,0,-225,1
1106,123,700,256,0,3,0
1106,128,101,279,0,-182,1
1106,129,530,70,0,-184,1
1107,0,439,245,0,-23,0
1107,1,61,503,0,46,0
1107,2,441,490,0,-106,0
1107,4,75,366,0,-157,0
1107,5,21,443,0,-119,0
1107,8,425,82,0,-138,0
1107,10,503,381,0,-153,0
1107,12,256,684,0,-12,0
1107,14,578,222,0,24,0
1107,15,327,662,0,-145,0
1107,17,495,388,0,-103,0
1107,69,329,194,0,71,1
1107,74,537,679,0,-28,0
1107,85,479,122,0,-231,0
1107,89,501,70,0,44,1
1107,99,145,739,0,-172,0
1107,104,585,395,0,-42,1
1107,114,670,396,0,16,0
1107,121,445,145,0,-225,1
1107,123,700,253,0,3,0
1107,128,101,282,0,-182,1
1107,129,530,73,0,-184,1
1108,0,440,242,0,-23,0
1108,1,59,502,0,67,0
1108,2,444,490,0,-88,0
1108,4,76,369,0,-157,0
1108,5,24,443,0,-102,0
1108,8,427,84,0,-138,0
1108,10,505,384,0,-153,0
1108,12,257,681,0,-12,0
1108,14,577,219,0,24,0
1108,15,329,664,0,-145,0
1108,17,498,389,0,-103,0
1108,69,326,193,0,65,1
1108,74,538,676,0,-28,0
1108,85,477,123,0,-231,0
1108,89,499,68,0,44,1
1108,99,146,741,0,-159,0
1108,104,587,393,0,-42,1
1108,114,670,393,0,0,0
1108,121,442,147,0,-225,1
1108,123,700,250,0,-17,0
1108,128,101,285,0,-182,1
1108,129,530,76,0,-176,1
1109,0,441,239,0,-23,0
1109,1,56,500,0,59,0
1109,2,447,491,0,-114,0
1109,4,77,372,0,-157,0
1109,5,27,444,0,-102,0
1109,8,429,86,0,-138,0
1109,10,506,387,0,-164,0
1109,12,258,678,0,-12,0
1109,14,576,217,0,24,0
1109,15,330,667,0,-145,0
1109,17,501,389,0,-103,0
1109,69,323,192,0,65,1
1109,74,540,673,0,-29,0
1109,85,475,126,0,-217,0
1109,89,497,66,0,44,1
1109,99,148,744,0,-141,0
1109,104,590,392,0,-69,1
1109,114,670,390,0,0,0
1109,121,440,150,0,-225,1
1109,123,701,247,0,-17,0
1109,128,101,288,0,-182,1
1109,129,532,78,0,-155,1
1110,0,442,236,0,-23,0
1110,1,54,498,0,59,0
1110,2,450,492,0,-112,0
1110,4,78,374,0,-157,0
1110,5,30,445,0,-102,0
1110,8,431,88,0,-138,0
1110,10,506,389,0,-164,0
1110,12,258,675,0,-12,0
1110,14,574,214,0,30,0
1110,15,332,669,0,-138,0
1110,17,504,390,0,-95,0
1110,69,320,192,0,86,1
1110,74,541,671,0,-29,0
1110,85,473,128,0,-217,0
1110,89,495,64,0,44,1
1110,99,150,746,0,-141,0
1110,104,593,391,0,-69,1
1110,114,670,387,0,0,0
1110,121,439,152,0,-195,1
1110,123,702,244,0,-17,0
1110,128,101,291,0,-177,1
1110,129,533,81,0,-155,1
1111,0,443,234,0,-23,0
1111,1,51,497,0,59,0
1111,2,452,494,0,-134,0
1111,4,79,377,0,-157,0
1111,5,32,447,0,-130,0
1111,8,434,90,0,-120,0
1111,10,507,392,0,-164,0
1111,12,259,672,0,-12,0
1111,14,572,212,0,56,0
1111,15,334,671,0,-138,0
1111,17,507,390,0,-95,0
1111,69,317,191,0,86,1
1111,74,543,668,0,-29,0
1111,85,471,131,0,-217,0
1111,89,493,62,0,44,1
1111,99,152,748,0,-141,0
1111,104,596,390,0,-69,1
1111,114,671,384,0,-25,0
1111,121,439,155,0,-195,1
1111,123,703,241,0,-17,0
1111,128,102,294,0,-177,1
1111,129,534,84,0,-155,1
1112,0,444,231,0,-23,0
1112,1,48,495,0,59,0
1112,2,454,496,0,-134,0
1112,4,80,380,0,-177,0
1112,5,34,448,0,-130,0
1112,8,436,92,0,-126,0
1112,10,508,395,0,-164,0
1112,12,259,669,0,-12,0
1112,14,569,211,0,56,0
1112,15,337,672,0,-113,0
1112,17,510,390,0,-95,0
1112,69,314,191,0,86,1
1112,74,544,665,0,-29,0
1112,85,469,133,0,-217,0
1112,89,490,60,0,44,1
1112,99,153,751,0,-149,0
1112,104,598,389,0,-69,1
1112,114,671,381,0,4,0
1112,121,439,158,0,-165,1
1112,123,704,238,0,-17,0
1112,128,102,297,0,-177,1
1112,129,535,86,0,-155,1
1113,0,446,228,0,-23,0
1113,1,46,494,0,59,0
1113,2,456,498,0,-134,0
1113,4,80,383,0,-177,0
1113,5,37,450,0,-130,0
1113,8,438,93,0,-126,0
1113,10,509,398,0,-164,0
1113,12,260,666,0,-12,0
1113,14,567,209,0,56,0
1113,15,340,674,0,-113,0
1113,17,513,390,0,-95,0
1113,69,311,191,0,86,1
1113,74,546,663,0,-29,0
1113,85,468,135,0,-217,0
1113,89,488,57,0,44,1
1113,99,155,3,0,-149,0
1113,104,601,388,0,-69,1
1113,114,671,378,0,-7,0
1113,121,440,161,0,-165,1
1113,123,705,236,0,-17,0
1113,128,102,300,0,-177,1
1113,129,537,89,0,-155,1
1114,0,447,225,0,-23,0
1114,1,43,492,0,59,0
1114,2,458,500,0,-140,0
1114,4,80,386,0,-177,0
1114,5,39,452,0,-130,0
1114,8,441,95,0,-126,0
1114,10,510,401,0,-164,0
1114,12,262,664,0,-35,0
1114,14,565,207,0,56,0
1114,15,343,675,0,-113,0
1114,17,516,391,0,-95,0
1114,69,308,191,0,86,1
1114,74,547,660,0,-29,0
1114,85,467,138,0,-192,0
1114,89,486,55,0,44,1
1114,99,156,5,0,-149,0
1114,104,604,387,0,-69,1
1114,114,671,375,0,-7,0
1114,121,442,164,0,-144,1
1114,123,706,233,0,-17,0
1114,128,102,303,0,-177,1
1114,129,538,92,0,-155,1
1115,0,448,222,0,-23,0
1115,1,41,491,0,59,0
1115,2,459,503,0,-159,0
1115,4,80,389,0,-177,0
1115,5,42,453,0,-111,0
1115,8,443,97,0,-126,0
1115,10,510,404,0,-179,0
1115,12,263,661,0,-35,0
1115,14,562,206,0,56,0
1115,15,345,676,0,-113,0
1115,17,519,391,0,-95,0
1115,69,305,190,0,86,1
1115,74,549,658,0,-29,0
1115,85,466,141,0,-192,0
1115,89,484,53,0,44,1
1115,99,158,8,0,-149,0
1115,104,607,386,0,-69,1
1115,114,672,372,0,-7,0
1115,121,444,166,0,-144,1
1115,123,707,230,0,-17,0
1115,128,102,306,0,-177,1
1115,129,539,95,0,-155,1
1116,0,449,220,0,-23,0
1116,1,38,489,0,59,0
1116,2,461,506,0,-159,0
1116,4,80,392,0,-177,0
1116,5,45,453,0,-85,0
1116,8,446,99,0,-126,0
1116,10,510,407,0,-179,0
1116,12,265,659,0,-35,0
1116,14,560,204,0,56,0
1116,15,348,677,0,-113,0
1116,17,522,391,0,-95,0
1116,69,302,190,0,86,1
1116,74,550,655,0,-25,0
1116,85,466,144,0,-191,0
1116,89,482,51,0,44,1
1116,99,159,10,0,-149,0
1116,104,610,384,0,-69,1
1116,114,673,369,0,-20,0
1116,121,445,168,0,-144,1
1116,123,708,227,0,-17,0
1116,128,102,309,0,-177,1
1116,129,540,97,0,-155,1
1117,0,450,217,0,-23,0
1117,1,36,488,0,59,0
1117,2,462,509,0,-159,0
1117,4,80,395,0,-177,0
1117,5,48,453,0,-85,0
1117,8,448,100,0,-126,0
1117,10,510,410,0,-179,0
1117,12,267,656,0,-35,0
1117,14,557,203,0,61,0
1117,15,351,678,0,-113,0
1117,17,525,392,0,-95,0
1117,69,299,190,0,86,1
1117,74,551,652,0,-25,0
1117,85,465,147,0,-191,0
1117,89,480,49,0,44,1
1117,99,161,13,0,-149,0
1117,104,612,383,0,-69,1
1117,114,674,366,0,-20,0
1117,121,447,171,0,-144,1
1117,123,708,224,0,-17,0
1117,128,103,312,0,-170,1
1117,129,542,100,0,-151,1
1118,0,451,214,0,-23,0
1118,1,33,486,0,59,0
1118,2,462,512,0,-168,0
1118,4,80,398,0,-177,0
1118,5,51,453,0,-85,0
1118,8,451,102,0,-126,0
1118,10,510,413,0,-179,0
1118,12,268,654,0,-35,0
1118,14,554,201,0,61,0
1118,15,354,679,0,-113,0
1118,17,528,392,0,-95,0
1118,69,296,190,0,86,1
1118,74,553,649,0,-25,0
1118,85,465,150,0,-191,0
1118,89,478,47,0,44,1
1118,99,162,16,0,-149,0
1118,104,615,382,0,-69,1
1118,114,675,363,0,-20,0
1118,121,449,173,0,-144,1
1118,123,709,221,0,-17,0
1118,128,103,315,0,-170,1
1118,129,543,103,0,-151,1
1119,0,453,211,0,-23,0
1119,1,31,484,0,56,0
1119,2,463,515,0,-168,0
1119,4,81,401,0,-177,0
1119,5,54,452,0,-85,0
1119,8,453,104,0,-126,0
1119,10,510,416,0,-179,0
1119,12,270,651,0,-35,0
1119,14,552,200,0,61,0
1119,15,357,681,0,-113,0
1119,17,530,391,0,-74,0
1119,69,293,189,0,86,1
1119,74,553,647,0,-19,0
1119,85,464,153,0,-191,0
1119,89,477,44,0,20,1
1119,99,164,18,0,-149,0
1119,104,618,381,0,-69,1
1119,114,676,361,0,-20,0
1119,121,451,176,0,-144,1
1119,123,710,218,0,-17,0
1119,128,104,318,0,-170,1
1119,129,545,105,0,-151,1
1120,0,454,209,0,-23,0
1120,1,28,483,0,56,0
1120,2,463,518,0,-168,0
1120,4,81,404,0,-177,0
1120,5,57,452,0,-85,0
1120,8,455,106,0,-126,0
1120,10,510,419,0,-179,0
1120,12,272,649,0,-35,0
1120,14,549,198,0,61,0
1120,15,359,682,0,-113,0
1120,17,533,391,0,-86,0
1120,69,290,189,0,86,1
1120,74,554,644,0,-19,0
1120,85,464,156,0,-191,0
1120,89,476,41,0,20,1
1120,99,166,21,0,-149,0
1120,104,621,380,0,-69,1
1120,114,677,358,0,-20,0
1120,121,451,179,0,-166,1
1120,123,711,215,0,-17,0
1120,128,104,321,0,-170,1
1120,129,546,108,0,-151,1
1121,0,455,206,0,-23,0
1121,1,26,481,0,56,0
1121,2,464,521,0,-168,0
1121,4,81,407,0,-177,0
1121,5,60,452,0,-90,0
1121,8,458,107,0,-126,0
1121,10,510,422,0,-179,0
1121,12,274,646,0,-35,0
1121,14,546,197,0,61,0
1121,15,362,682,0,-101,0
1121,17,536,391,0,-86,0
1121,69,287,189,0,86,1
1121,74,557,642,0,-46,0
1121,85,463,159,0,-191,0
1121,89,475,38,0,20,1
1121,99,167,23,0,-149,0
1121,104,624,379,0,-69,1
1121,114,678,355,0,-20,0
1121,121,452,181,0,-166,1
1121,123,712,213,0,-8,0
1121,128,105,324,0,-170,1
1121,129,548,110,0,-151,1
1122,0,456,203,0,-23,0
1122,1,23,479,0,56,0
1122,2,465,524,0,-168,0
1122,4,81,410,0,-177,0
1122,5,63,452,0,-90,0
1122,8,460,109,0,-126,0
1122,10,510,425,0,-179,0
1122,12,275,644,0,-35,0
1122,14,544,195,0,61,0
1122,15,365,683,0,-95,0
1122,17,539,390,0,-86,0
1122,69,284,189,0,84,1
1122,74,559,640,0,-46,0
1122,85,463,162,0,-191,0
1122,89,474,35,0,20,1
1122,99,169,26,0,-149,0
1122,104,627,379,0,-94,1
1122,114,679,352,0,-20,0
1122,121,453,184,0,-166,1
1122,123,712,210,0,-8,0
1122,128,105,327,0,-170,1
1122,129,549,113,0,-151,1
1123,0,457,200,0,-23,0
1123,1,21,478,0,56,0
1123,2,465,527,0,-168,0
1123,4,81,413,0,-177,0
1123,5,66,452,0,-90,0
1123,8,462,112,0,-147,0
1123,10,510,428,0,-179,0
1123,12,278,642,0,-55,0
1123,14,541,194,0,61,0
1123,15,368,683,0,-95,0
1123,17,542,390,0,-86,0
1123,69,281,188,0,82,1
1123,74,561,638,0,-46,0
1123,85,462,165,0,-198,0
1123,89,473,33,0,20,1
1123,99,170,28,0,-149,0
1123,104,630,380,0,-94,1
1123,114,680,349,0,-20,0
1123,121,454,187,0,-166,1
1123,123,712,207,0,-8,0
1123,128,106,330,0,-170,1
1123,129,551,116,0,-151,1
1124,0,458,198,0,-23,0
1124,1,19,475,0,38,0
1124,2,467,529,0,-149,0
1124,4,81,416,0,-177,0
1124,5,69,452,0,-90,0
1124,8,464,114,0,-147,0
1124,10,510,431,0,-179,0
1124,12,280,640,0,-55,0
1124,14,538,194,0,87,0
1124,15,371,683,0,-95,0
1124,17,545,390,0,-86,0
1124,69,278,188,0,82,1
1124,74,563,635,0,-46,0
1124,85,462,168,0,-179,0
1124,89,472,30,0,20,1
1124,99,172,31,0,-149,0
1124,104,633,380,0,-94,1
1124,114,681,346,0,-20,0
1124,121,454,190,0,-166,1
1124,123,713,204,0,-8,0
1124,128,107,333,0,-150,1
1124,129,552,118,0,-151,1
1125,0,460,195,0,-23,0
1125,1,17,473,0,38,0
1125,2,468,532,0,-149,0
1125,4,81,419,0,-177,0
1125,5,72,452,0,-90,0
1125,8,465,117,0,-147,0
1125,10,510,434,0,-179,0
1125,12,283,639,0,-55,0
1125,14,535,194,0,87,0
1125,15,374,683,0,-95,0
1125,17,548,390,0,-86,0
1125,69,275,188,0,82,1
1125,74,565,633,0,-46,0
1125,85,462,171,0,-179,0
1125,89,471,27,0,20,1
1125,99,173,34,0,-149,0
1125,104,636,380,0,-94,1
1125,114,682,344,0,-20,0
1125,121,455,193,0,-166,1
1125,123,713,201,0,-8,0
1125,128,109,335,0,-150,1
1125,129,553,121,0,-151,1
1126,0,461,192,0,-23,0
1126,1,15,470,0,38,0
1126,2,470,534,0,-149,0
1126,4,81,422,0,-177,0
1126,5,75,452,0,-90,0
1126,8,467,119,0,-147,0
1126,10,510,437,0,-179,0
1126,12,285,637,0,-55,0
1126,14,532,194,0,87,0
1126,15,377,684,0,-95,0
1126,17,551,389,0,-86,0
1126,69,272,187,0,82,1
1126,74,567,631,0,-46,0
1126,85,462,174,0,-179,0
1126,89,470,24,0,20,1
1126,99,175,36,0,-149,0
1126,104,639,380,0,-94,1
1126,114,683,341,0,-20,0
1126,123,714,198,0,-8,0
1126,128,109,338,0,-174,1
1126,129,555,124,0,-151,1
1127,0,462,189,0,-23,0
1127,1,13,468,0,38,0
1127,2,471,537,0,-149,0
1127,4,82,425,0,-177,0
1127,5,78,452,0,-90,0
1127,8,468,122,0,-147,0
1127,10,510,440,0,-179,0
1127,12,288,635,0,-55,0
1127,14,529,193,0,87,0
1127,15,380,684,0,-95,0
1127,17,554,389,0,-86,0
1127,69,269,187,0,-265,1
1127,74,569,629,0,-46,0
1127,85,463,177,0,-153,0
1127,89,468,21,0,20,1
1127,99,176,39,0,-149,0
1127,104,642,380,0,-94,1
1127,114,683,338,0,-6,0
1127,123,714,195,0,-8,0
1127,128,110,341,0,-164,1
1127,129,556,126,0,-151,1
1128,0,463,187,0,-23,0
1128,1,11,466,0,38,0
1128,2,473,539,0,-149,0
1128,4,82,428,0,-177,0
1128,5,81,452,0,-90,0
1128,8,469,125,0,-175,0
1128,10,510,443,0,-179,0
1128,12,290,634,0,-55,0
1128,14,526,193,0,84,0
1128,15,383,684,0,-95,0
1128,17,557,387,0,-56,0
1128,69,266,188,0,-256,1
1128,74,572,627,0,-46,0
1128,85,464,179,0,-153,0
1128,89,467,19,0,26,1
1128,99,178,41,0,-149,0
1128,104,645,381,0,-94,1
1128,114,682,335,0,14,0
1128,123,714,192,0,-8,0
1128,128,111,344,0,-164,1
1128,129,558,129,0,-151,1
1129,0,464,184,0,-23,0
1129,1,11,463,0,12,0
1129,2,474,542,0,-149,0
1129,4,82,431,0,-177,0
1129,5,84,452,0,-90,0
1129,8,469,128,0,-175,0
1129,10,510,446,0,-179,0
1129,12,292,632,0,-55,0
1129,14,523,193,0,84,0
1129,15,386,684,0,-95,0
1129,17,559,386,0,-56,0
1129,69,264,189,0,-256,1
1129,74,574,625,0,-46,0
1129,85,466,182,0,-153,0
1129,89,466,16,0,26,1
1129,99,179,44,0,-149,0
1129,104,648,381,0,-94,1
1129,114,682,332,0,14,0
1129,123,714,189,0,2,0
1129,128,112,347,0,-164,1
1129,129,559,131,0,-151,1
1130,0,465,181,0,-23,0
1130,1,10,460,0,12,0
1130,2,476,545,0,-149,0
1130,4,82,434,0,-177,0
1130,5,87,452,0,-90,0
1130,8,469,131,0,-172,0
1130,10,511,449,0,-179,0
1130,12,295,630,0,-55,0
1130,14,520,192,0,84,0
1130,15,389,685,0,-95,0
1130,17,562,384,0,-56,0
1130,69,261,189,0,-256,1
1130,74,576,623,0,-46,0
1130,85,466,185,0,-180,0
1130,89,465,13,0,26,1
1130,99,181,47,0,-149,0
1130,104,651,381,0,-94,1
1130,114,680,329,0,28,0
1130,123,714,186,0,2,0
1130,128,112,350,0,-169,1
1130,129,561,134,0,-151,1
1131,0,467,178,0,-23,0
1131,1,9,457,0,12,0
1131,2,477,547,0,-149,0
1131,4,81,437,0,-206,0
1131,5,90,452,0,-90,0
1131,8,470,134,0,-172,0
1131,10,510,452,0,-198,0
1131,12,297,628,0,-55,0
1131,14,517,192,0,84,0
1131,15,392,685,0,-100,0
1131,17,564,382,0,-56,0
1131,69,258,190,0,-256,1
1131,74,578,621,0,-46,0
1131,85,466,188,0,-180,0
1131,89,463,10,0,26,1
1131,99,183,49,0,-139,0
1131,104,654,381,0,-94,1
1131,114,679,327,0,28,0
1131,123,714,183,0,2,0
1131,128,113,353,0,-169,1
1131,129,563,136,0,-133,1
1132,0,468,175,0,-23,0
1132,1,9,454,0,12,0
1132,2,479,550,0,-149,0
1132,4,79,439,0,-206,0
1132,5,93,452,0,-90,0
1132,8,470,137,0,-172,0
1132,10,509,455,0,-198,0
1132,12,300,627,0,-55,0
1132,14,514,192,0,84,0
1132,15,395,686,0,-100,0
1132,17,567,381,0,-56,0
1132,69,255,191,0,-256,1
1132,74,579,618,0,-29,0
1132,85,466,191,0,-180,0
1132,89,463,7,0,1,1
1132,99,185,51,0,-139,0
1132,104,656,381,0,-94,1
1132,114,677,324,0,28,0
1132,123,714,180,0,2,0
1132,128,113,356,0,-184,1
1132,129,565,138,0,-133,1
1133,0,469,173,0,-23,0
1133,1,8,451,0,16,0
1133,2,479,553,0,-176,0
1133,4,78,442,0,-206,0
1133,5,96,452,0,-90,0
1133,8,471,140,0,-172,0
1133,10,508,458,0,-198,0
1133,12,302,625,0,-55,0
1133,14,511,191,0,84,0
1133,15,398,686,0,-100,0
1133,17,569,379,0,-56,0
1133,69,252,192,0,-256,1
1133,74,579,615,0,0,0
1133,85,465,194,0,-192,0
1133,89,463,4,0,1,1
1133,99,187,53,0,-139,0
1133,104,659,382,0,-94,1
1133,114,676,321,0,28,0
1133,123,714,177,0,2,0
1133,128,112,359,0,-184,1
1133,129,568,140,0,-117,1
1134,0,470,170,0,-23,0
1134,1,7,448,0,16,0
1134,2,479,556,0,-176,0
1134,4,77,445,0,-206,0
1134,5,99,452,0,-90,0
1134,8,471,143,0,-172,0
1134,10,507,460,0,-198,0
1134,12,305,623,0,-55,0
1134,14,508,192,0,-253,0
1134,15,400,688,0,-123,0
1134,17,572,378,0,-64,0
1134,69,249,192,0,-256,1
1134,74,580,612,0,0,0
1134,85,466,197,0,-166,0
1134,89,463,1,0,1,1
1134,99,189,56,0,-139,0
1134,104,662,382,0,-94,1
1134,114,674,319,0,50,0
1134,123,715,174,0,-10,0
1134,128,111,361,0,-208,1
1134,129,570,141,0,-117,1
1135,0,471,167,0,-23,0
1135,1,6,445,0,16,0
1135,2,480,559,0,-176,0
1135,4,76,448,0,-191,0
1135,5,102,452,0,-90,0
1135,8,472,146,0,-172,0
1135,10,506,463,0,-198,0
1135,12,307,622,0,-55,0
1135,14,505,193,0,-253,0
1135,15,403,690,0,-135,0
1135,17,575,376,0,-64,0
1135,69,246,193,0,-256,1
1135,74,580,609,0,0,0
1135,85,467,200,0,-166,0
1135,89,463,-2,0,1,1
1135,99,191,58,0,-139,0
1135,104,665,382,0,-94,1
1135,114,671,318,0,50,0
1135,123,715,171,0,-10,0
1135,128,110,364,0,-208,1
1135,129,573,142,0,-117,1
1136,0,472,164,0,-23,0
1136,1,6,442,0,16,0
1136,2,480,562,0,-174,0
1136,4,75,450,0,-212,0
1136,5,105,453,0,-98,0
1136,8,472,149,0,-172,0
1136,10,505,466,0,-198,0
1136,12,310,620,0,-55,0
1136,14,503,194,0,-253,0
1136,15,405,692,0,-135,0
1136,17,577,375,0,-64,0
1136,69,243,194,0,-256,1
1136,74,580,606,0,0,0
1136,85,467,203,0,-182,0
1136,89,463,747,0,-6,1
1136,99,193,60,0,-135,0
1136,104,668,382,0,-94,1
1136,114,670,315,0,30,0
1136,123,716,168,0,-10,0
1136,128,108,367,0,-208,1
1136,129,576,144,0,-117,1
1137,0,474,162,0,-44,0
1137,1,5,440,0,16,0
1137,2,480,565,0,-174,0
1137,4,73,453,0,-212,0
1137,5,108,453,0,-98,0
1137,8,472,151,0,-172,0
1137,10,504,469,0,-198,0
1137,12,312,618,0,-55,0
1137,14,500,195,0,-253,0
1137,15,407,694,0,-135,0
1137,17,580,374,0,-64,0
1137,69,240,194,0,-256,1
1137,74,580,603,0,0,0
1137,85,465,205,0,-209,0
1137,89,464,744,0,-6,1
1137,99,195,62,0,-129,0
1137,104,671,383,0,-94,1
1137,114,668,313,0,41,0
1137,123,716,165,0,-10,0
1137,128,107,369,0,-208,1
1137,129,578,145,0,-117,1
1138,0,476,160,0,-44,0
1138,1,4,437,0,16,0
1138,2,481,568,0,-174,0
1138,4,72,455,0,-210,0
1138,5,111,452,0,-74,0
1138,8,473,154,0,-172,0
1138,10,503,472,0,-198,0
1138,12,315,616,0,-55,0
1138,14,497,196,0,-253,0
1138,15,409,696,0,-135,0
1138,17,583,373,0,-64,0
1138,69,237,195,0,-256,1
1138,74,581,600,0,-26,0
1138,85,463,207,0,-222,0
1138,89,464,741,0,-6,1
1138,99,197,64,0,-129,0
1138,104,674,383,0,-94,1
1138,114,667,310,0,29,0
1138,123,717,162,0,-10,0
1138,128,105,372,0,-208,1
1138,129,581,146,0,-117,1
1139,0,479,158,0,-44,0
1139,1,3,434,0,16,0
1139,2,481,571,0,-174,0
1139,4,71,458,0,-190,0
1139,5,113,452,0,-74,0
1139,8,473,157,0,-172,0
1139,10,502,475,0,-198,0
1139,12,317,615,0,-55,0
1139,14,494,197,0,-251,0
1139,15,411,699,0,-135,0
1139,17,585,370,0,-45,0
1139,69,234,196,0,-256,1
1139,74,582,598,0,-26,0
1139,85,461,210,0,-222,0
1139,89,464,738,0,-6,1
1139,99,199,66,0,-136,0
1139,104,677,383,0,-94,1
1139,114,665,307,0,29,0
1139,123,716,159,0,17,0
1139,128,104,375,0,-208,1
1139,129,584,148,0,-117,1
1140,0,481,156,0,-44,0
1140,1,2,431,0,16,0
1140,2,481,574,0,-174,0
1140,4,71,461,0,-190,0
1140,5,116,451,0,-74,0
1140,8,474,160,0,-172,0
1140,10,501,477,0,-198,0
1140,12,320,613,0,-55,0
1140,14,491,198,0,-251,0
1140,15,413,701,0,-135,0
1140,17,587,368,0,-45,0
1140,69,232,197,0,-256,1
1140,74,584,595,0,-26,0
1140,85,459,212,0,-222,0
1140,89,465,735,0,-6,1
1140,99,202,68,0,-136,0
1140,104,680,383,0,-94,1
1140,114,664,305,0,29,0
1140,123,715,156,0,17,0
1140,128,103,377,0,-208,1
1140,129,587,149,0,-117,1
1141,0,483,154,0,-63,0
1141,1,2,428,0,12,0
1141,2,482,577,0,-174,0
1141,4,70,464,0,-190,0
1141,5,119,450,0,-74,0
1141,8,473,163,0,-198,0
1141,10,500,480,0,-198,0
1141,12,322,611,0,-59,0
1141,14,489,200,0,-223,0
1141,15,415,703,0,-135,0
1141,17,589,366,0,-45,0
1141,69,229,197,0,-256,1
1141,74,585,592,0,-26,0
1141,85,457,214,0,-222,0
1141,89,465,732,0,-6,1
1141,99,204,70,0,-136,0
1141,104,683,383,0,-94,1
1141,114,662,302,0,25,0
1141,123,715,153,0,3,0
1141,128,101,380,0,-208,1
1141,129,589,150,0,-117,1
1142,0,486,153,0,-63,0
1142,1,1,425,0,12,0
1142,2,482,580,0,-174,0
1142,4,70,467,0,-190,0
1142,5,122,449,0,-74,0
1142,8,472,166,0,-198,0
1142,10,499,483,0,-198,0
1142,12,325,610,0,-59,0
1142,14,487,202,0,-230,0
1142,15,417,705,0,-135,0
1142,17,591,364,0,-45,0
1142,69,226,198,0,-254,1
1142,74,586,590,0,-26,0
1142,85,455,216,0,-222,0
1142,89,465,729,0,-6,1
1142,99,206,72,0,-136,0
1142,104,686,383,0,-94,1
1142,114,661,299,0,25,0
1142,123,715,150,0,3,0
1142,128,100,383,0,-208,1
1142,129,592,152,0,-117,1
1143,0,489,152,0,-63,0
1143,1,0,422,0,12,0
1143,2,482,583,0,-174,0
1143,4,69,470,0,-190,0
1143,5,125,448,0,-74,0
1143,8,471,169,0,-198,0
1143,10,498,486,0,-198,0
1143,12,327,608,0,-59,0
1143,14,484,204,0,-230,0
1143,15,419,708,0,-150,0
1143,17,593,362,0,-45,0
1143,69,223,199,0,-254,1
1143,74,588,587,0,-26,0
1143,85,453,219,0,-223,0
1143,89,466,726,0,-6,1
1143,99,208,74,0,-127,0
1143,104,689,384,0,-94,1
1143,114,661,296,0,3,0
1143,123,714,147,0,3,0
1143,128,99,385,0,-200,1
1143,129,595,153,0,-117,1
1144,0,491,150,0,-63,0
1144,1,0,419,0,12,0
1144,2,483,586,0,-174,0
1144,4,69,473,0,-190,0
1144,5,128,447,0,-74,0
1144,8,470,172,0,-198,0
1144,10,498,489,0,-198,0
1144,12,330,607,0,-59,0
1144,14,482,206,0,-230,0
1144,15,420,710,0,-150,0
1144,17,596,360,0,-45,0
1144,69,220,200,0,-254,1
1144,74,589,584,0,-26,0
1144,85,451,221,0,-223,0
1144,89,466,723,0,-8,1
1144,99,211,76,0,-127,0
1144,104,692,384,0,-94,1
1144,114,661,293,0,3,0
1144,123,714,144,0,3,0
1144,128,98,388,0,-200,1
1144,129,597,154,0,-117,1
1145,0,494,149,0,-63,0
1145,1,749,416,0,12,0
1145,2,483,588,0,-163,0
1145,4,68,476,0,-190,0
1145,5,131,447,0,-74,0
1145,8,469,175,0,-198,0
1145,10,497,492,0,-198,0
1145,12,332,605,0,-59,0
1145,14,480,208,0,-230,0
1145,15,423,712,0,-122,0
1145,17,598,358,0,-45,0
1145,69,217,201,0,-254,1
1145,74,590,582,0,-26,0
1145,85,449,223,0,-223,0
1145,89,466,720,0,-8,1
1145,99,213,78,0,-127,0
1145,104,695,384,0,-94,1
1145,114,661,290,0,3,0
1145,123,714,141,0,3,0
1145,128,97,391,0,-200,1
1145,129,599,157,0,-143,1
1146,0,497,148,0,-63,0
1146,1,749,413,0,12,0
1146,2,485,591,0,-146,0
1146,4,68,479,0,-187,0
1146,5,134,446,0,-74,0
1146,8,468,177,0,-198,0
1146,10,496,495,0,-198,0
1146,12,335,604,0,-59,0
1146,14,478,209,0,-230,0
1146,15,426,713,0,-113,0
1146,17,600,356,0,-45,0
1146,69,214,201,0,-254,1
1146,74,592,579,0,-26,0
1146,85,447,225,0,-223,0
1146,89,466,717,0,-1,1
1146,99,214,80,0,-150,0
1146,104,698,384,0,-94,1
1146,114,661,287,0,-8,0
1146,123,715,138,0,-10,0
1146,128,96,394,0,-200,1
1146,129,601,158,0,-128,1
1147,0,499,146,0,-49,0
1147,1,747,411,0,24,0
1147,2,487,593,0,-146,0
1147,4,67,482,0,-187,0
1147,5,137,445,0,-74,0
1147,8,467,180,0,-198,0
1147,10,495,497,0,-198,0
1147,12,338,602,0,-59,0
1147,14,475,211,0,-243,0
1147,15,429,713,0,-86,0
1147,17,602,354,0,-45,0
1147,69,212,203,0,-238,1
1147,74,594,577,0,-49,0
1147,85,445,227,0,-223,0
1147,89,467,714,0,-1,1
1147,99,216,83,0,-150,0
1147,104,701,384,0,-94,1
1147,114,661,284,0,-8,0
1147,123,715,135,0,-10,0
1147,128,95,397,0,-200,1
1147,129,604,160,0,-128,1
1148,0,501,144,0,-49,0
1148,1,748,408,0,-1,0
1148,2,488,596,0,-146,0
1148,4,67,485,0,-187,0
1148,5,139,444,0,-74,0
1148,8,466,183,0,-198,0
1148,10,494,500,0,-198,0
1148,12,340,601,0,-59,0
1148,14,472,212,0,-243,0
1148,15,432,712,0,-86,0
1148,17,604,351,0,-45,0
1148,69,209,205,0,-238,1
1148,74,596,575,0,-38,0
1148,85,443,230,0,-223,0
1148,89,467,711,0,-1,1
1148,99,217,86,0,-150,0
1148,104,704,384,0,-82,1
1148,114,660,282,0,20,0
1148,123,716,132,0,-10,0
1148,128,94,400,0,-200,1
1148,129,606,162,0,-128,1
1149,0,503,142,0,-49,0
1149,1,748,405,0,-1,0
1149,2,489,599,0,-170,0
1149,4,68,488,0,-166,0
1149,5,142,443,0,-74,0
1149,8,465,186,0,-198,0
1149,10,493,503,0,-198,0
1149,12,343,599,0,-59,0
1149,14,470,214,0,-243,0
1149,15,435,712,0,-86,0
1149,17,606,349,0,-45,0
1149,69,207,206,0,-238,1
1149,74,597,572,0,-38,0
1149,85,441,232,0,-223,0
1149,89,467,708,0,-1,1
1149,99,219,88,0,-150,0
1149,104,707,384,0,-82,1
1149,114,659,279,0,20,0
1149,123,716,129,0,-10,0
1149,128,93,403,0,-192,1
1149,129,609,164,0,-128,1
1150,0,506,140,0,-49,0
1150,1,748,402,0,-1,0
1150,2,491,601,0,-144,0
1150,4,68,491,0,-166,0
1150,5,145,442,0,-74,0
1150,8,464,189,0,-198,0
1150,10,492,506,0,-198,0
1150,12,345,597,0,-59,0
1150,14,467,215,0,-243,0
1150,15,438,712,0,-86,0
1150,17,608,347,0,-45,0
1150,69,204,208,0,-238,1
1150,74,599,570,0,-38,0
1150,85,439,234,0,-223,0
1150,89,467,705,0,-1,1
1150,99,220,91,0,-150,0
1150,104,710,382,0,-53,1
1150,114,658,276,0,20,0
1150,123,717,126,0,-10,0
1150,128,92,405,0,-192,1
1150,129,611,166,0,-128,1
1151,0,508,138,0,-49,0
1151,1,748,399,0,-1,0
1151,2,492,604,0,-144,0
1151,4,69,494,0,-166,0
1151,5,148,441,0,-74,0
1151,8,463,192,0,-198,0
1151,10,491,509,0,-198,0
1151,12,348,596,0,-59,0
1151,14,464,216,0,-243,0
1151,15,441,712,0,-85,0
1151,17,611,345,0,-45,0
1151,69,201,209,0,-238,1
1151,74,601,567,0,-38,0
1151,85,437,236,0,-223,0
1151,89,467,702,0,1,1
1151,99,222,93,0,-150,0
1151,104,712,380,0,-44,1
1151,114,657,273,0,20,0
1151,123,717,123,0,-6,0
1151,128,92,408,0,-192,1
1151,129,613,168,0,-128,1
1152,0,510,136,0,-49,0
1152,1,748,396,0,-1,0
1152,2,495,605,0,-124,0
1152,4,70,497,0,-174,0
1152,5,151,441,0,-74,0
1152,8,462,195,0,-198,0
1152,10,490,512,0,-198,0
1152,12,350,594,0,-59,0
1152,14,462,218,0,-243,0
1152,15,444,711,0,-85,0
1152,17,613,343,0,-45,0
1152,69,199,211,0,-238,1
1152,74,603,565,0,-38,0
1152,85,435,238,0,-223,0
1152,89,467,699,0,1,1
1152,99,223,96,0,-150,0
1152,104,714,377,0,-44,1
1152,114,656,270,0,20,0
1152,123,717,120,0,-6,0
1152,128,91,411,0,-192,1
1152,129,616,169,0,-128,1
1153,0,513,135,0,-73,0
1153,1,748,393,0,-1,0
1153,2,498,606,0,-106,0
1153,4,70,500,0,-174,0
1153,5,154,440,0,-79,0
1153,8,461,197,0,-198,0
1153,10,491,515,0,-173,0
1153,12,353,593,0,-69,0
1153,14,459,219,0,-243,0
1153,15,447,711,0,-85,0
1153,17,615,341,0,-45,0
1153,69,197,213,0,-222,1
1153,74,605,563,0,-38,0
1153,85,433,241,0,-223,0
1153,89,467,696,0,1,1
1153,99,225,99,0,-150,0
1153,104,716,375,0,-44,1
1153,114,655,268,0,20,0
1153,123,718,117,0,-6,0
1153,128,90,414,0,-192,1
1153,129,618,171,0,-123,1
1154,0,516,134,0,-73,0
1154,1,748,390,0,-1,0
1154,2,501,607,0,-106,0
1154,4,70,503,0,-174,0
1154,5,157,439,0,-79,0
1154,8,461,200,0,-182,0
1154,10,491,518,0,-173,0
1154,12,356,592,0,-69,0
1154,14,456,220,0,-243,0
1154,15,450,711,0,-85,0
1154,17,617,339,0,-45,0
1154,69,195,215,0,-222,1
1154,74,607,560,0,-38,0
1154,85,431,243,0,-223,0
1154,89,467,693,0,1,1
1154,99,226,101,0,-150,0
1154,104,718,373,0,-44,1
1154,114,653,265,0,45,0
1154,123,718,114,0,-6,0
1154,128,90,417,0,-192,1
1154,129,621,173,0,-123,1
1155,0,519,133,0,-73,0
1155,1,748,387,0,-1,0
1155,2,504,608,0,-106,0
1155,4,71,506,0,-174,0
1155,5,160,439,0,-79,0
1155,8,461,203,0,-182,0
1155,10,490,521,0,-200,0
1155,12,359,591,0,-69,0
1155,14,453,221,0,-261,0
1155,15,453,711,0,-85,0
1155,17,619,337,0,-45,0
1155,69,193,218,0,-222,1
1155,74,609,558,0,-38,0
1155,85,429,245,0,-223,0
1155,89,466,690,0,9,1
1155,99,228,104,0,-150,0
1155,104,720,371,0,-41,1
1155,114,651,263,0,45,0
1155,123,718,112,0,-6,0
1155,128,89,420,0,-192,1
1155,129,623,174,0,-123,1
1156,0,521,131,0,-52,0
1156,1,748,384,0,-1,0
1156,2,506,609,0,-106,0
1156,4,71,509,0,-174,0
1156,5,163,438,0,-79,0
1156,8,461,206,0,-182,0
1156,10,489,523,0,-188,0
1156,12,362,590,0,-69,0
1156,14,450,221,0,-261,0
1156,15,456,710,0,-85,0
1156,17,621,335,0,-45,0
1156,69,191,220,0,-222,1
1156,74,611,556,0,-46,0
1156,85,427,247,0,-223,0
1156,89,466,687,0,9,1
1156,99,229,106,0,-150,0
1156,104,722,369,0,-41,1
1156,114,649,261,0,45,0
1156,123,720,109,0,-27,0
1156,128,89,423,0,-192,1
1156,129,626,176,0,-123,1
1157,0,524,129,0,-52,0
1157,1,748,381,0,-1,0
1157,2,509,610,0,-106,0
1157,4,71,512,0,-174,0
1157,5,166,438,0,-79,0
1157,8,461,209,0,-182,0
1157,10,489,526,0,-188,0
1157,12,364,589,0,-69,0
1157,14,447,222,0,-261,0
1157,15,459,710,0,-84,0
1157,17,623,332,0,-45,0
1157,69,189,222,0,-222,1
1157,74,613,554,0,-46,0
1157,85,424,249,0,-223,0
1157,89,465,684,0,9,1
1157,99,231,109,0,-138,0
1157,104,724,366,0,-41,1
1157,114,647,259,0,45,0
1157,123,721,106,0,-27,0
1157,128,88,426,0,-184,1
1157,129,628,178,0,-123,1
1158,0,526,128,0,-52,0
1158,1,748,378,0,-1,0
1158,2,512,610,0,-106,0
1158,4,72,515,0,-174,0
1158,5,169,437,0,-79,0
1158,8,461,212,0,-182,0
1158,10,489,529,0,-186,0
1158,12,367,588,0,-69,0
1158,14,444,222,0,-261,0
1158,15,461,709,0,-74,0
1158,17,626,330,0,-45,0
1158,69,187,224,0,-222,1
1158,74,615,552,0,-46,0
1158,85,422,250,0,-250,0
1158,89,465,681,0,9,1
1158,99,233,111,0,-153,0
1158,104,726,364,0,-41,1
1158,114,645,256,0,23,0
1158,123,722,103,0,-27,0
1158,128,89,429,0,-161,1
1158,129,631,180,0,-131,1
1159,0,528,126,0,-52,0
1159,1,748,375,0,-1,0
1159,2,515,611,0,-106,0
1159,4,72,518,0,-174,0
1159,5,172,437,0,-79,0
1159,8,461,215,0,-182,0
1159,10,489,532,0,-181,0
1159,12,370,587,0,-69,0
1159,14,441,223,0,-261,0
1159,15,464,709,0,-74,0
1159,17,628,328,0,-45,0
1159,69,185,227,0,-222,1
1159,74,617,550,0,-46,0
1159,85,419,252,0,-250,0
1159,89,464,678,0,15,1
1159,99,234,114,0,-153,0
1159,104,728,362,0,-41,1
1159,114,645,253,0,13,0
1159,123,724,101,0,-44,0
1159,128,90,432,0,-161,1
1159,129,633,182,0,-131,1
1160,0,531,124,0,-52,0
1160,1,748,372,0,-1,0
1160,2,518,612,0,-106,0
1160,4,72,521,0,-174,0
1160,5,174,436,0,-79,0
1160,8,461,218,0,-182,0
1160,10,489,535,0,-181,0
1160,12,373,586,0,-69,0
1160,14,438,223,0,-261,0
1160,15,467,708,0,-74,0
1160,17,630,326,0,-45,0
1160,69,183,229,0,-222,1
1160,74,619,548,0,-46,0
1160,85,416,253,0,-250,0
1160,89,463,676,0,15,1
1160,99,236,117,0,-153,0
1160,104,730,360,0,-41,1
1160,114,644,251,0,16,0
1160,123,727,99,0,-44,0
1160,128,91,435,0,-161,1
1160,129,635,184,0,-131,1
1161,0,533,122,0,-52,0
1161,1,748,369,0,-1,0
1161,2,521,613,0,-106,0
1161,4,73,524,0,-174,0
1161,5,177,435,0,-79,0
1161,8,461,221,0,-182,0
1161,10,488,538,0,-181,0
1161,12,375,584,0,-58,0
1161,14,435,224,0,-261,0
1161,15,470,707,0,-74,0
1161,17,632,324,0,-45,0
1161,69,181,231,0,-221,1
1161,74,621,545,0,-24,0
1161,85,413,254,0,-250,0
1161,89,462,673,0,15,1
1161,99,237,119,0,-153,0
1161,104,732,357,0,-43,1
1161,114,643,248,0,16,0
1161,123,729,97,0,-44,0
1161,128,92,437,0,-161,1
1161,129,637,186,0,-131,1
1162,0,536,120,0,-52,0
1162,1,748,366,0,-1,0
1162,2,524,613,0,-80,0
1162,4,73,527,0,-174,0
1162,5,180,435,0,-79,0
1162,8,460,224,0,-182,0
1162,10,488,541,0,-181,0
1162,12,378,583,0,-58,0
1162,14,432,224,0,-261,0
1162,15,473,706,0,-74,0
1162,17,634,322,0,-45,0
1162,69,179,233,0,-221,1
1162,74,622,542,0,-24,0
1162,85,410,254,0,-261,0
1162,89,462,670,0,15,1
1162,99,238,122,0,-153,0
1162,104,734,355,0,-43,1
1162,114,642,245,0,16,0
1162,123,731,95,0,-44,0
1162,128,92,440,0,-189,1
1162,129,640,188,0,-131,1
1163,0,538,118,0,-52,0
1163,1,748,363,0,-1,0
1163,2,527,612,0,-80,0
1163,4,73,530,0,-174,0
1163,5,183,434,0,-79,0
1163,8,460,227,0,-182,0
1163,10,489,544,0,-172,0
1163,12,380,580,0,-42,0
1163,14,430,225,0,-261,0
1163,15,476,705,0,-74,0
1163,17,636,320,0,-45,0
1163,69,177,236,0,-221,1
1163,74,623,539,0,-24,0
1163,85,407,255,0,-261,0
1163,89,461,667,0,15,1
1163,99,240,125,0,-153,0
1163,104,736,353,0,-43,1
1163,114,642,242,0,16,0
1163,123,733,93,0,-44,0
1163,128,91,443,0,-189,1
1163,129,641,190,0,-146,1
1164,0,540,117,0,-52,0
1164,1,748,360,0,-1,0
1164,2,530,611,0,-66,0
1164,4,73,533,0,-174,0
1164,5,186,434,0,-79,0
1164,8,460,230,0,-182,0
1164,10,489,547,0,-172,0
1164,12,382,578,0,-42,0
1164,14,427,225,0,88,0
1164,15,479,704,0,-74,0
1164,17,638,318,0,-45,0
1164,69,175,238,0,-221,1
1164,74,625,537,0,-31,0
1164,85,404,256,0,-249,0
1164,89,460,664,0,15,1
1164,99,241,127,0,-153,0
1164,104,737,350,0,-19,1
1164,114,641,239,0,16,0
1164,123,735,91,0,-44,0
1164,128,91,446,0,-189,1
1164,129,643,192,0,-146,1
1165,0,542,115,0,-48,0
1165,1,748,357,0,-1,0
1165,2,532,609,0,-65,0
1165,4,74,536,0,-174,0
1165,5,189,434,0,-97,0
1165,8,460,233,0,-187,0
1165,10,490,550,0,-172,0
1165,12,384,576,0,-42,0
1165,14,424,224,0,88,0
1165,15,482,704,0,-86,0
1165,17,640,316,0,-45,0
1165,69,173,240,0,-226,1
1165,74,626,534,0,-26,0
1165,85,402,257,0,-249,0
1165,89,459,661,0,15,1
1165,99,242,130,0,-153,0
1165,114,640,236,0,16,0
1165,123,737,88,0,-44,0
1165,128,90,449,0,-189,1
1165,129,645,195,0,-146,1
1166,0,545,113,0,-48,0
1166,1,748,354,0,-1,0
1166,2,535,608,0,-65,0
1166,4,74,539,0,-174,0
1166,5,192,434,0,-97,0
1166,8,460,236,0,-187,0
1166,10,489,553,0,-198,0
1166,12,386,574,0,-42,0
1166,14,421,224,0,88,0
1166,15,485,704,0,-86,0
1166,17,643,314,0,-45,0
1166,69,171,242,0,-226,1
1166,74,627,531,0,-26,0
1166,85,399,258,0,-249,0
1166,89,459,658,0,15,1
1166,99,244,132,0,-147,0
1166,114,639,233,0,16,0
1166,123,739,86,0,-44,0
1166,128,90,452,0,-189,1
1166,129,646,197,0,-146,1
1167,0,547,111,0,-48,0
1167,1,748,351,0,-1,0
1167,2,538,607,0,-65,0
1167,4,74,542,0,-174,0
1167,5,195,435,0,-97,0
1167,8,459,239,0,-187,0
1167,10,488,556,0,-198,0
1167,12,388,571,0,-42,0
1167,14,418,224,0,88,0
1167,15,488,704,0,-86,0
1167,17,645,312,0,-69,0
1167,69,169,244,0,-226,1
1167,74,629,529,0,-26,0
1167,85,397,260,0,-232,0
1167,89,458,655,0,15,1
1167,99,246,135,0,-147,0
1167,114,638,230,0,16,0
1167,123,741,84,0,-44,0
1167,128,90,455,0,-182,1
1167,129,648,200,0,-146,1
1168,0,549,109,0,-48,0
1168,1,749,348,0,-1,0
1168,2,540,606,0,-65,0
1168,4,75,545,0,-174,0
1168,5,198,435,0,-97,0
1168,8,459,242,0,-187,0
1168,10,488,559,0,-181,0
1168,12,390,569,0,-42,0
1168,15,491,704,0,-86,0
1168,17,648,311,0,-69,0
1168,69,166,246,0,-226,1
1168,74,628,526,0,1,0
1168,85,394,261,0,-232,0
1168,89,457,652,0,15,1
1168,99,247,138,0,-147,0
1168,114,637,227,0,16,0
1168,123,742,81,0,-21,0
1168,128,90,458,0,-182,1
1168,129,650,202,0,-146,1
1169,0,551,107,0,-48,0
1169,1,749,345,0,-1,0
1169,2,543,604,0,-65,0
1169,4,75,547,0,-174,0
1169,5,201,436,0,-102,0
1169,8,458,245,0,-187,0
1169,10,488,562,0,-181,0
1169,12,393,568,0,-67,0
1169,15,494,703,0,-86,0
1169,17,651,310,0,-69,0
1169,69,164,248,0,-226,1
1169,74,628,523,0,1,0
1169,85,392,263,0,-232,0
1169,89,456,649,0,15,1
1169,99,249,140,0,-147,0
1169,114,637,225,0,16,0
1169,123,743,79,0,-21,0
1169,128,89,461,0,-195,1
1169,129,651,205,0,-146,1
1170,0,554,105,0,-48,0
1170,1,749,342,0,-1,0
1170,2,546,603,0,-65,0
1170,4,75,550,0,-174,0
1170,5,204,437,0,-111,0
1170,8,458,248,0,-187,0
1170,10,487,565,0,-181,0
1170,12,395,567,0,-67,0
1170,15,497,703,0,-86,0
1170,17,654,309,0,-69,0
1170,69,162,250,0,-226,1
1170,74,628,520,0,1,0
1170,85,389,265,0,-232,0
1170,89,456,647,0,15,1
1170,99,250,143,0,-147,0
1170,114,636,222,0,16,0
1170,123,744,76,0,-21,0
1170,128,88,464,0,-195,1
1170,129,653,207,0,-146,1
1171,0,556,103,0,-48,0
1171,1,749,339,0,-1,0
1171,2,548,602,0,-65,0
1171,4,76,553,0,-174,0
1171,5,207,438,0,-111,0
1171,8,458,251,0,-187,0
1171,10,487,568,0,-181,0
1171,12,398,566,0,-67,0
1171,15,500,703,0,-86,0
1171,17,657,308,0,-69,0
1171,69,160,252,0,-226,1
1171,74,628,517,0,1,0
1171,85,387,267,0,-232,0
1171,89,455,644,0,15,1
1171,99,252,145,0,-147,0
1171,114,636,219,0,-11,0
1171,123,746,73,0,-21,0
1171,128,87,467,0,-195,1
1171,129,655,210,0,-137,1
1172,0,558,101,0,-48,0
1172,1,749,336,0,-10,0
1172,2,551,601,0,-65,0
1172,4,76,556,0,-174,0
1172,5,209,439,0,-111,0
1172,8,457,254,0,-187,0
1172,10,487,571,0,-193,0
1172,12,401,565,0,-67,0
1172,15,503,703,0,-86,0
1172,17,659,307,0,-69,0
1172,69,158,254,0,-234,1
1172,74,628,514,0,1,0
1172,85,385,269,0,-232,0
1172,89,454,641,0,15,1
1172,99,254,148,0,-147,0
1172,114,637,216,0,-11,0
1172,123,747,70,0,-21,0
1172,128,86,470,0,-195,1
1172,129,657,212,0,-137,1
1173,0,559,98,0,-21,0
1173,1,750,333,0,-10,0
1173,2,554,599,0,-65,0
1173,4,76,559,0,-174,0
1173,5,212,441,0,-126,0
1173,8,457,257,0,-187,0
1173,10,486,574,0,-193,0
1173,12,404,563,0,-64,0
1173,15,506,703,0,-86,0
1173,17,662,306,0,-69,0
1173,69,155,256,0,-234,1
1173,74,629,511,0,-10,0
1173,85,382,271,0,-232,0
1173,89,455,638,0,-12,1
1173,99,255,150,0,-147,0
1173,114,636,213,0,17,0
1173,123,748,67,0,-21,0
1173,128,87,473,0,-165,1
1173,129,659,214,0,-137,1
1174,0,560,95,0,-21,0
1174,1,750,330,0,-10,0
1174,2,557,598,0,-65,0
1174,4,77,562,0,-174,0
1174,5,214,443,0,-126,0
1174,8,456,260,0,-206,0
1174,10,485,577,0,-193,0
1174,12,406,562,0,-64,0
1174,15,509,702,0,-86,0
1174,17,665,305,0,-69,0
1174,69,153,258,0,-234,1
1174,74,629,508,0,-10,0
1174,85,380,273,0,-232,0
1174,89,455,635,0,-12,1
1174,99,257,153,0,-147,0
1174,114,635,210,0,17,0
1174,123,749,65,0,-21,0
1174,128,88,476,0,-165,1
1174,129,661,216,0,-137,1
1175,0,561,92,0,-19,0
1175,1,1,327,0,-10,0
1175,2,559,597,0,-65,0
1175,4,78,565,0,-163,0
1175,5,217,444,0,-126,0
1175,8,454,263,0,-206,0
1175,10,485,580,0,-193,0
1175,12,409,561,0,-64,0
1175,15,512,702,0,-86,0
1175,17,668,304,0,-69,0
1175,69,150,259,0,-234,1
1175,74,630,505,0,-10,0
1175,85,378,274,0,-232,0
1175,89,456,632,0,-12,1
1175,99,259,155,0,-147,0
1175,114,635,207,0,5,0
1175,123,750,62,0,-21,0
1175,128,90,478,0,-143,1
1175,129,662,219,0,-162,1
1176,0,561,89,0,7,0
1176,1,1,324,0,-10,0
1176,2,562,595,0,-65,0
1176,4,79,568,0,-163,0
1176,5,219,446,0,-126,0
1176,8,453,265,0,-205,0
1176,10,484,583,0,-193,0
1176,12,412,559,0,-64,0
1176,15,515,702,0,-86,0
1176,17,671,303,0,-69,0
1176,69,148,261,0,-234,1
1176,74,630,502,0,-10,0
1176,85,375,276,0,-232,0
1176,89,457,629,0,-12,1
1176,99,260,158,0,-147,0
1176,114,635,204,0,-5,0
1176,123,752,59,0,-40,0
1176,128,92,480,0,-143,1
1176,129,664,221,0,-143,1
1177,0,561,86,0,7,0
1177,1,3,321,0,-30,0
1177,2,565,594,0,-65,0
1177,4,79,571,0,-163,0
1177,5,222,447,0,-104,0
1177,8,452,268,0,-205,0
1177,10,483,586,0,-193,0
1177,12,414,558,0,-64,0
1177,15,518,702,0,-86,0
1177,17,673,301,0,-69,0
1177,69,145,263,0,-234,1
1177,74,631,499,0,-10,0
1177,85,373,278,0,-232,0
1177,89,457,626,0,-12,1
1177,99,261,161,0,-165,0
1177,114,635,201,0,-5,0
1177,123,2,57,0,-40,0
1177,128,93,483,0,-143,1
1177,129,666,224,0,-143,1
1178,0,560,83,0,7,0
1178,1,4,319,0,-30,0
1178,2,567,593,0,-65,0
1178,4,80,574,0,-163,0
1178,5,225,448,0,-104,0
1178,8,450,271,0,-205,0
1178,10,483,589,0,-193,0
1178,12,417,557,0,-64,0
1178,15,521,702,0,-86,0
1178,17,676,300,0,-69,0
1178,69,143,265,0,-234,1
1178,74,631,496,0,-10,0
1178,85,371,280,0,-232,0
1178,89,458,623,0,-14,1
1178,99,262,164,0,-165,0
1178,114,636,198,0,-5,0
1178,123,4,55,0,-40,0
1178,128,94,486,0,-161,1
1178,129,668,226,0,-143,1
1179,0,560,80,0,7,0
1179,1,6,316,0,-30,0
1179,2,570,592,0,-65,0
1179,4,81,577,0,-163,0
1179,5,228,448,0,-104,0
1179,8,449,273,0,-205,0
1179,10,482,591,0,-190,0
1179,12,420,557,0,-93,0
1179,15,524,701,0,-86,0
1179,17,679,299,0,-69,0
1179,69,140,267,0,-234,1
1179,74,633,493,0,-30,0
1179,85,368,282,0,-232,0
1179,89,459,620,0,-14,1
1179,99,263,166,0,-165,0
1179,114,636,195,0,-5,0
1179,123,6,53,0,-53,0
1179,128,95,489,0,-161,1
1179,129,669,229,0,-143,1
1180,0,558,78,0,29,0
1180,1,7,313,0,-30,0
1180,2,573,590,0,-65,0
1180,4,82,580,0,-163,0
1180,5,231,449,0,-104,0
1180,8,448,276,0,-205,0
1180,10,482,594,0,-190,0
1180,12,423,557,0,-93,0
1180,15,527,701,0,-86,0
1180,17,682,299,0,-77,0
1180,69,138,268,0,-234,1
1180,74,634,491,0,-30,0
1180,85,366,284,0,-220,0
1180,89,459,617,0,-14,1
1180,99,263,169,0,-165,0
1180,114,636,192,0,-5,0
1180,123,9,51,0,-53,0
1180,128,96,491,0,-159,1
1180,129,671,231,0,-143,1
1181,0,557,75,0,18,0
1181,1,9,311,0,-30,0
1181,2,576,589,0,-65,0
1181,4,83,582,0,-163,0
1181,5,234,449,0,-82,0
1181,8,447,279,0,-205,0
1181,10,481,597,0,-190,0
1181,12,426,557,0,-93,0
1181,15,530,701,0,-86,0
1181,17,685,298,0,-77,0
1181,69,136,270,0,-234,1
1181,74,636,488,0,-30,0
1181,85,364,287,0,-220,0
1181,89,460,614,0,-14,1
1181,99,264,172,0,-165,0
1181,114,636,189,0,-5,0
1181,123,11,49,0,-53,0
1181,128,98,494,0,-159,1
1181,129,673,233,0,-143,1
1182,0,557,72,0,18,0
1182,1,10,308,0,-30,0
1182,2,578,588,0,-65,0
1182,4,84,585,0,-163,0
1182,5,237,448,0,-82,0
1182,8,446,282,0,-194,0
1182,10,481,600,0,-190,0
1182,12,429,557,0,-93,0
1182,15,533,701,0,-86,0
1182,17,688,297,0,-77,0
1182,69,133,272,0,-234,1
1182,74,637,486,0,-30,0
1182,85,363,289,0,-220,0
1182,89,461,612,0,-14,1
1182,99,265,175,0,-165,0
1182,114,637,186,0,-5,0
1182,123,13,48,0,-53,0
1182,128,99,497,0,-146,1
1182,129,674,236,0,-167,1
1183,0,556,69,0,18,0
1183,1,11,305,0,-15,0
1183,2,581,586,0,-65,0
1183,4,85,588,0,-163,0
1183,5,240,448,0,-82,0
1183,8,445,285,0,-194,0
1183,10,480,603,0,-190,0
1183,12,432,557,0,-93,0
1183,15,536,701,0,-86,0
1183,17,691,297,0,-77,0
1183,69,131,274,0,-234,1
1183,74,639,483,0,-30,0
1183,85,361,291,0,-220,0
1183,89,462,609,0,-14,1
1183,99,266,178,0,-165,0
1183,114,637,183,0,-5,0
1183,123,16,46,0,-53,0
1183,128,101,499,0,-146,1
1183,129,674,239,0,-167,1
1184,0,555,66,0,18,0
1184,1,12,303,0,-15,0
1184,2,584,585,0,-65,0
1184,4,86,591,0,-163,0
1184,5,242,446,0,-61,0
1184,8,444,288,0,-194,0
1184,10,480,606,0,-190,0
1184,12,435,558,0,-93,0
1184,15,539,700,0,-86,0
1184,17,694,296,0,-77,0
1184,69,128,275,0,-234,1
1184,74,640,480,0,-28,0
1184,85,359,293,0,-220,0
1184,89,462,606,0,-14,1
1184,99,266,181,0,-165,0
1184,114,637,180,0,-5,0
1184,123,18,44,0,-53,0
1184,128,103,502,0,-146,1
1184,129,675,242,0,-167,1
1185,0,554,63,0,18,0
1185,1,13,300,0,-15,0
1185,2,586,584,0,-65,0
1185,4,87,594,0,-166,0
1185,5,245,445,0,-61,0
1185,8,444,291,0,-194,0
1185,10,479,609,0,-190,0
1185,12,438,558,0,-93,0
1185,15,542,700,0,-86,0
1185,17,696,295,0,-77,0
1185,69,126,277,0,-234,1
1185,74,642,478,0,-28,0
1185,85,357,296,0,-220,0
1185,89,463,603,0,-14,1
1185,99,267,184,0,-165,0
1185,114,637,177,0,6,0
1185,123,21,42,0,-53,0
1185,128,103,504,0,-168,1
1185,129,676,245,0,-167,1
1186,0,553,61,0,18,0
1186,1,13,297,0,-15,0
1186,2,589,583,0,-65,0
1186,4,87,597,0,-166,0
1186,5,248,443,0,-61,0
1186,8,443,293,0,-194,0
1186,10,479,612,0,-190,0
1186,12,441,558,0,-93,0
1186,15,545,700,0,-86,0
1186,17,699,295,0,-77,0
1186,69,124,279,0,-229,1
1186,74,643,475,0,-28,0
1186,85,355,298,0,-220,0
1186,89,464,600,0,-14,1
1186,99,268,187,0,-165,0
1186,114,637,174,0,6,0
1186,123,23,40,0,-53,0
1186,128,104,507,0,-168,1
1186,129,676,248,0,-167,1
1187,0,551,58,0,43,0
1187,1,14,294,0,-15,0
1187,2,592,581,0,-65,0
1187,4,88,600,0,-166,0
1187,5,250,442,0,-61,0
1187,8,442,296,0,-194,0
1187,10,478,615,0,-190,0
1187,12,444,558,0,-93,0
1187,15,548,700,0,-86,0
1187,17,702,294,0,-77,0
1187,69,121,281,0,-229,1
1187,74,645,472,0,-28,0
1187,85,353,300,0,-220,0
1187,89,465,597,0,-14,1
1187,99,269,190,0,-165,0
1187,114,636,171,0,6,0
1187,123,25,38,0,-53,0
1187,128,104,510,0,-168,1
1187,129,677,251,0,-167,1
1188,0,549,56,0,43,0
1188,1,15,291,0,-15,0
1188,2,595,580,0,-65,0
1188,4,89,603,0,-166,0
1188,5,253,441,0,-61,0
1188,8,442,299,0,-194,0
1188,10,478,618,0,-190,0
1188,12,447,558,0,-93,0
1188,15,551,700,0,-86,0
1188,17,705,293,0,-77,0
1188,69,119,283,0,-229,1
1188,74,645,469,0,0,0
1188,85,351,302,0,-222,0
1188,89,465,594,0,-14,1
1188,99,270,192,0,-165,0
1188,114,636,168,0,6,0
1188,123,28,37,0,-53,0
1188,128,105,513,0,-168,1
1188,129,678,254,0,-167,1
1189,0,547,54,0,43,0
1189,1,16,288,0,-15,0
1189,2,597,579,0,-65,0
1189,4,89,606,0,-184,0
1189,5,255,439,0,-61,0
1189,8,440,302,0,-218,0
1189,10,477,621,0,-190,0
1189,12,450,558,0,-93,0
1189,15,553,698,0,-64,0
1189,17,708,293,0,-77,0
1189,69,117,285,0,-229,1
1189,74,645,466,0,0,0
1189,85,349,305,0,-226,0
1189,89,467,592,0,-43,1
1189,99,270,195,0,-178,0
1189,114,636,165,0,6,0
1189,123,30,35,0,-61,0
1189,128,104,516,0,-196,1
1189,129,678,257,0,-167,1
1190,0,545,52,0,43,0
1190,1,16,285,0,-15,0
1190,2,600,577,0,-65,0
1190,4,88,609,0,-184,0
1190,5,258,438,0,-61,0
1190,8,438,304,0,-218,0
1190,10,477,624,0,-190,0
1190,12,453,558,0,-93,0
1190,15,556,697,0,-64,0
1190,17,711,293,0,-98,0
1190,69,115,287,0,-214,1
1190,74,645,463,0,0,0
1190,85,348,307,0,-202,0
1190,89,469,590,0,-43,1
1190,99,270,198,0,-178,0
1190,114,635,162,0,6,0
1190,123,33,34,0,-61,0
1190,128,102,518,0,-221,1
1190,129,679,260,0,-167,1
1191,0,543,49,0,40,0
1191,1,17,282,0,-15,0
1191,2,603,576,0,-65,0
1191,4,87,611,0,-207,0
1191,5,261,436,0,-61,0
1191,8,436,306,0,-218,0
1191,10,476,627,0,-190,0
1191,12,456,559,0,-93,0
1191,15,559,696,0,-64,0
1191,17,714,293,0,-98,0
1191,69,113,290,0,-214,1
1191,74,644,460,0,4,0
1191,85,346,310,0,-202,0
1191,89,471,588,0,-43,1
1191,99,270,201,0,-178,0
1191,114,635,159,0,6,0
1191,123,36,32,0,-61,0
1191,128,101,521,0,-216,1
1191,129,680,263,0,-167,1
1192,0,541,47,0,40,0
1192,1,19,280,0,-43,0
1192,2,605,575,0,-65,0
1192,4,86,614,0,-207,0
1192,5,263,435,0,-61,0
1192,8,434,308,0,-224,0
1192,10,476,630,0,-190,0
1192,12,459,559,0,-93,0
1192,15,561,694,0,-64,0
1192,17,717,294,0,-98,0
1192,69,112,292,0,-214,1
1192,74,644,457,0,4,0
1192,85,345,313,0,-202,0
1192,89,473,585,0,-34,1
1192,99,270,204,0,-178,0
1192,114,635,156,0,6,0
1192,123,38,31,0,-61,0
1192,128,99,523,0,-216,1
1192,129,680,266,0,-167,1
1193,0,539,45,0,40,0
1193,1,21,277,0,-27,0
1193,2,608,574,0,-75,0
1193,4,84,616,0,-223,0
1193,5,266,433,0,-61,0
1193,8,432,311,0,-224,0
1193,10,476,633,0,-173,0
1193,12,462,559,0,-93,0
1193,15,564,693,0,-64,0
1193,17,720,294,0,-98,0
1193,69,110,295,0,-208,1
1193,74,644,454,0,9,0
1193,85,344,316,0,-200,0
1193,89,475,583,0,-34,1
1193,99,270,207,0,-178,0
1193,114,634,153,0,6,0
1193,123,41,29,0,-61,0
1193,128,97,526,0,-216,1
1193,129,681,269,0,-167,1
1194,0,537,43,0,40,0
1194,1,22,275,0,-27,0
1194,2,611,573,0,-75,0
1194,4,82,618,0,-223,0
1194,5,269,432,0,-61,0
1194,8,430,313,0,-224,0
1194,10,476,636,0,-173,0
1194,12,465,558,0,-76,0
1194,15,567,692,0,-64,0
1194,17,723,295,0,-98,0
1194,69,109,298,0,-208,1
1194,74,643,452,0,9,0
1194,85,343,319,0,-200,0
1194,89,477,580,0,-34,1
1194,99,270,210,0,-178,0
1194,114,634,150,0,6,0
1194,123,43,28,0,-61,0
1194,128,95,528,0,-216,1
1194,129,680,271,0,-194,1
1195,0,535,40,0,40,0
1195,1,23,272,0,-27,0
1195,2,614,572,0,-75,0
1195,4,79,621,0,-223,0
1195,5,271,430,0,-61,0
1195,8,428,315,0,-224,0
1195,10,475,639,0,-201,0
1195,12,468,557,0,-76,0
1195,15,570,691,0,-64,0
1195,17,726,295,0,-98,0
1195,69,107,300,0,-208,1
1195,74,643,449,0,9,0
1195,85,342,321,0,-200,0
1195,89,478,577,0,-28,1
1195,99,271,213,0,-178,0
1195,114,634,147,0,6,0
1195,123,46,27,0,-61,0
1195,128,93,531,0,-216,1
1195,129,679,274,0,-195,1
1196,0,533,38,0,40,0
1196,1,26,270,0,-53,0
1196,2,617,572,0,-75,0
1196,4,77,623,0,-223,0
1196,5,274,429,0,-61,0
1196,8,426,317,0,-224,0
1196,10,474,641,0,-201,0
1196,12,471,557,0,-76,0
1196,15,572,689,0,-64,0
1196,17,729,295,0,-91,0
1196,69,106,303,0,-208,1
1196,74,641,446,0,37,0
1196,85,341,324,0,-200,0
1196,89,479,575,0,-28,1
1196,99,271,216,0,-179,0
1196,114,635,145,0,-20,0
1196,123,49,25,0,-61,0
1196,128,92,533,0,-216,1
1196,129,679,277,0,-195,1
1197,0,531,36,0,40,0
1197,1,28,268,0,-53,0
1197,2,620,571,0,-75,0
1197,4,75,625,0,-223,0
1197,5,277,428,0,-61,0
1197,8,424,319,0,-224,0
1197,10,473,644,0,-199,0
1197,12,474,556,0,-76,0
1197,15,575,687,0,-49,0
1197,17,732,295,0,-91,0
1197,69,105,306,0,-208,1
1197,74,639,444,0,37,0
1197,85,340,327,0,-200,0
1197,89,481,572,0,-28,1
1197,99,271,219,0,-179,0
1197,114,636,142,0,-15,0
1197,123,51,24,0,-64,0
1197,128,89,534,0,-244,1
1197,129,677,280,0,-211,1
1198,0,529,33,0,40,0
1198,1,31,267,0,-53,0
1198,2,623,570,0,-75,0
1198,4,73,627,0,-223,0
1198,5,279,426,0,-61,0
1198,8,422,322,0,-210,0
1198,10,472,647,0,-199,0
1198,12,477,555,0,-76,0
1198,15,577,685,0,-49,0
1198,17,735,294,0,-64,0
1198,69,103,308,0,-208,1
1198,74,637,441,0,37,0
1198,85,339,330,0,-200,0
1198,89,482,569,0,-28,1
1198,99,271,222,0,-179,0
1198,114,636,139,0,-15,0
1198,123,54,23,0,-64,0
1198,128,86,536,0,-244,1
1198,129,675,282,0,-233,1
1199,0,528,31,0,26,0
1199,1,33,265,0,-53,0
1199,2,626,569,0,-75,0
1199,4,71,629,0,-223,0
1199,5,282,425,0,-61,0
1199,8,421,324,0,-210,0
1199,10,471,650,0,-199,0
1199,12,480,554,0,-76,0
1199,15,579,683,0,-49,0
1199,17,737,293,0,-64,0
1199,69,102,311,0,-208,1
1199,74,635,439,0,37,0
1199,85,338,333,0,-200,0
1199,89,484,567,0,-28,1
1199,99,271,225,0,-179,0
1199,114,637,136,0,-15,0
1199,123,56,20,0,-42,0
1199,128,84,537,0,-231,1
1199,129,672,283,0,-233,1
1200,0,527,28,0,26,0
1200,1,35,263,0,-53,0
1200,2,629,569,0,-75,0
1200,4,69,631,0,-223,0
1200,5,284,423,0,-61,0
1200,8,419,327,0,-210,0
1200,10,470,653,0,-199,0
1200,12,482,554,0,-76,0
1200,15,581,681,0,-49,0
1200,17,740,291,0,-64,0
1200,69,100,313,0,-208,1
1200,74,634,437,0,37,0
1200,85,337,335,0,-200,0
1200,99,271,228,0,-179,0
1200,114,638,133,0,-15,0
1200,123,58,18,0,-42,0
1200,128,82,539,0,-231,1
1200,129,670,286,0,-225,1
1201,0,524,26,0,50,0
1201,1,38,261,0,-53,0
1201,2,631,568,0,-75,0
1201,4,67,634,0,-223,0
1201,5,287,422,0,-61,0
1201,8,418,330,0,-210,0
1201,10,469,656,0,-199,0
1201,12,485,553,0,-86,0
1201,15,584,680,0,-62,0
1201,17,743,291,0,-79,0
1201,69,99,316,0,-208,1
1201,74,632,434,0,37,0
1201,85,336,338,0,-200,0
1201,99,270,231,0,-188,0
1201,114,639,130,0,-15,0
1201,123,59,15,0,-14,0
1201,128,79,541,0,-231,1
1201,129,668,288,0,-225,1
1202,0,522,24,0,50,0
1202,1,41,261,0,-80,0
1202,2,634,567,0,-75,0
1202,4,65,636,0,-223,0
1202,5,290,420,0,-61,0
1202,8,415,332,0,-228,0
1202,10,468,658,0,-199,0
1202,12,488,553,0,-86,0
1202,15,587,679,0,-62,0
1202,17,746,290,0,-79,0
1202,69,98,319,0,-208,1
1202,74,630,432,0,37,0
1202,85,335,341,0,-200,0
1202,99,270,234,0,-188,0
1202,114,639,127,0,-15,0
1202,123,60,12,0,-14,0
1202,128,77,543,0,-231,1
1202,129,666,290,0,-225,1
1203,0,520,22,0,50,0
1203,1,44,260,0,-80,0
1203,2,637,566,0,-75,0
1203,4,63,638,0,-223,0
1203,5,292,419,0,-61,0
1203,8,413,334,0,-228,0
1203,10,467,661,0,-199,0
1203,12,491,553,0,-86,0
1203,15,589,677,0,-62,0
1203,17,749,290,0,-79,0
1203,69,96,321,0,-208,1
1203,74,628,429,0,37,0
1203,85,334,344,0,-208,0
1203,99,270,237,0,-188,0
1203,114,640,124,0,-15,0
1203,123,60,9,0,-14,0
1203,128,75,545,0,-231,1
1203,129,664,292,0,-225,1
1204,0,517,20,0,50,0
1204,1,47,260,0,-80,0
1204,2,640,565,0,-75,0
1204,4,61,640,0,-225,0
1204,5,295,418,0,-61,0
1204,8,411,336,0,-228,0
1204,10,466,664,0,-199,0
1204,12,494,553,0,-86,0
1204,15,592,676,0,-62,0
1204,17,752,289,0,-79,0
1204,69,95,324,0,-208,1
1204,74,627,427,0,16,0
1204,85,332,346,0,-208,0
1204,99,269,240,0,-188,0
1204,114,641,121,0,-15,0
1204,123,61,6,0,-14,0
1204,128,72,547,0,-231,1
1204,129,661,293,0,-239,1
1205,0,515,18,0,50,0
1205,1,50,259,0,-85,0
1205,2,643,564,0,-57,0
1205,4,59,642,0,-225,0
1205,5,298,416,0,-61,0
1205,8,408,337,0,-245,0
1205,10,465,667,0,-199,0
1205,12,497,553,0,-86,0
1205,15,595,674,0,-62,0
1205,17,3,288,0,-79,0
1205,69,93,327,0,-208,1
1205,74,627,424,0,16,0
1205,85,331,349,0,-208,0
1205,99,269,243,0,-189,0
1205,114,642,118,0,-15,0
1205,123,62,4,0,-14,0
1205,128,70,549,0,-231,1
1205,129,659,295,0,-239,1
1206,0,513,17,0,50,0
1206,1,53,259,0,-85,0
1206,2,645,562,0,-57,0
1206,4,57,644,0,-225,0
1206,5,300,415,0,-61,0
1206,8,405,337,0,-264,0
1206,10,464,670,0,-206,0
1206,12,500,552,0,-86,0
1206,15,597,673,0,-62,0
1206,17,6,288,0,-89,0
1206,69,92,329,0,-208,1
1206,74,626,421,0,16,0
1206,85,329,352,0,-204,0
1206,99,268,246,0,-189,0
1206,114,643,116,0,-15,0
1206,123,63,1,0,-14,0
1206,128,68,551,0,-231,1
1206,129,656,297,0,-239,1
1207,0,510,15,0,50,0
1207,1,56,259,0,-85,0
1207,2,648,560,0,-57,0
1207,4,55,646,0,-225,0
1207,5,303,413,0,-61,0
1207,8,402,338,0,-264,0
1207,10,463,672,0,-206,0
1207,12,503,552,0,-86,0
1207,15,600,671,0,-62,0
1207,17,9,288,0,-89,0
1207,69,90,332,0,-208,1
1207,74,625,418,0,16,0
1207,85,329,355,0,-181,0
1207,99,267,249,0,-212,0
1207,114,643,113,0,-15,0
1207,123,63,-2,0,-5,0
1207,128,65,553,0,-231,1
1207,129,654,298,0,-239,1
1208,0,508,13,0,50,0
1208,1,59,259,0,-85,0
1208,2,650,559,0,-57,0
1208,4,52,649,0,-225,0
1208,5,306,412,0,-61,0
1208,8,399,338,0,-264,0
1208,10,462,675,0,-206,0
1208,12,506,552,0,-86,0
1208,15,602,670,0,-62,0
1208,17,12,288,0,-89,0
1208,69,89,335,0,-208,1
1208,74,624,415,0,16,0
1208,85,329,358,0,-181,0
1208,99,265,251,0,-212,0
1208,114,644,110,0,-15,0
1208,123,64,747,0,-12,0
1208,128,64,555,0,-214,1
1208,129,652,300,0,-221,1
1209,0,506,11,0,50,0
1209,1,62,258,0,-85,0
1209,2,653,557,0,-57,0
1209,4,50,651,0,-225,0
1209,5,308,410,0,-61,0
1209,8,396,338,0,-264,0
1209,10,460,678,0,-206,0
1209,12,509,551,0,-80,0
1209,15,605,669,0,-62,0
1209,17,15,289,0,-102,0
1209,69,88,337,0,-208,1
1209,74,623,412,0,16,0
1209,85,329,361,0,-181,0
1209,99,263,254,0,-212,0
1209,114,645,107,0,-15,0
1209,123,64,744,0,-12,0
1209,128,62,558,0,-214,1
1209,129,651,303,0,-200,1
1210,0,503,9,0,50,0
1210,1,65,258,0,-85,0
1210,2,655,556,0,-57,0
1210,4,48,653,0,-225,0
1210,5,311,409,0,-61,0
1210,8,393,339,0,-264,0
1210,10,459,681,0,-206,0
1210,12,512,551,0,-80,0
1210,15,608,667,0,-62,0
1210,17,18,290,0,-102,0
1210,69,86,340,0,-208,1
1210,74,622,409,0,16,0
1210,85,331,363,0,-154,0
1210,99,262,256,0,-212,0
1210,114,646,104,0,-15,0
1210,123,65,741,0,-12,0
1210,128,60,560,0,-214,1
1210,129,650,306,0,-190,1
1211,0,501,7,0,46,0
1211,1,67,257,0,-62,0
1211,2,658,554,0,-57,0
1211,4,46,655,0,-225,0
1211,5,313,408,0,-61,0
1211,8,390,339,0,-264,0
1211,10,459,684,0,-187,0
1211,12,515,549,0,-61,0
1211,15,610,666,0,-62,0
1211,17,21,290,0,-102,0
1211,69,85,342,0,-208,1
1211,74,621,406,0,16,0
1211,85,332,366,0,-154,0
1211,99,260,259,0,-212,0
1211,114,646,101,0,-15,0
1211,123,65,738,0,-12,0
1211,128,59,563,0,-214,1
1211,129,650,309,0,-190,1
1212,0,499,5,0,46,0
1212,1,70,256,0,-79,0
1212,2,660,552,0,-57,0
1212,4,44,657,0,-230,0
1212,5,316,407,0,-76,0
1212,8,387,339,0,-269,0
1212,10,458,686,0,-187,0
1212,12,518,548,0,-61,0
1212,15,613,664,0,-62,0
1212,17,24,291,0,-102,0
1212,69,83,345,0,-208,1
1212,74,620,404,0,22,0
1212,85,333,369,0,-154,0
1212,99,259,261,0,-212,0
1212,114,647,98,0,-15,0
1212,123,66,735,0,-12,0
1212,128,57,565,0,-216,1
1212,129,650,312,0,-168,1
1213,0,496,4,0,69,0
1213,1,73,255,0,-79,0
1213,2,663,551,0,-57,0
1213,4,41,659,0,-230,0
1213,5,319,406,0,-76,0
1213,8,384,339,0,-269,0
1213,10,458,689,0,-187,0
1213,12,520,547,0,-61,0
1213,15,616,663,0,-62,0
1213,17,27,291,0,-102,0
1213,69,82,348,0,-208,1
1213,74,618,402,0,48,0
1213,85,335,372,0,-154,0
1213,99,257,264,0,-212,0
1213,114,648,95,0,-15,0
1213,123,67,732,0,-12,0
1213,128,55,567,0,-216,1
1213,129,651,315,0,-168,1
1214,0,494,2,0,45,0
1214,1,76,255,0,-79,0
1214,2,665,549,0,-57,0
1214,4,39,661,0,-230,0
1214,5,322,405,0,-64,0
1214,8,381,339,0,-269,0
1214,10,458,692,0,-187,0
1214,12,523,545,0,-61,0
1214,15,619,663,0,-88,0
1214,17,29,292,0,-111,0
1214,69,80,350,0,-208,1
1214,74,616,400,0,48,0
1214,85,336,374,0,-154,0
1214,99,255,267,0,-212,0
1214,114,649,92,0,-15,0
1214,123,67,729,0,-12,0
1214,128,52,569,0,-242,1
1214,129,651,318,0,-168,1
1215,0,492,-1,0,45,0
1215,1,79,254,0,-79,0
1215,2,668,547,0,-57,0
1215,4,37,663,0,-230,0
1215,5,325,403,0,-64,0
1215,8,378,339,0,-269,0
1215,10,457,695,0,-187,0
1215,12,526,544,0,-74,0
1215,15,622,663,0,-95,0
1215,17,32,293,0,-96,0
1215,69,79,353,0,-208,1
1215,74,614,397,0,42,0
1215,85,337,377,0,-154,0
1215,99,254,269,0,-212,0
1215,114,649,89,0,-15,0
1215,123,68,727,0,-12,0
1215,128,50,570,0,-242,1
1215,129,652,321,0,-177,1
1216,0,490,748,0,45,0
1216,1,82,254,0,-79,0
1216,2,670,546,0,-61,0
1216,4,35,665,0,-227,0
1216,5,327,402,0,-64,0
1216,8,375,340,0,-258,0
1216,10,457,698,0,-187,0
1216,12,529,543,0,-74,0
1216,15,625,663,0,-95,0
1216,17,35,293,0,-96,0
1216,69,77,355,0,-223,1
1216,74,612,395,0,42,0
1216,85,338,380,0,-154,0
1216,99,252,272,0,-212,0
1216,114,649,86,0,14,0
1216,123,68,724,0,-12,0
1216,128,47,572,0,-242,1
1216,129,652,324,0,-177,1
1217,0,488,746,0,45,0
1217,1,85,253,0,-80,0
1217,2,673,544,0,-61,0
1217,4,32,667,0,-227,0
1217,5,330,401,0,-64,0
1217,8,373,341,0,-242,0
1217,10,456,701,0,-187,0
1217,12,531,543,0,-74,0
1217,15,628,663,0,-95,0
1217,17,38,293,0,-94,0
1217,69,75,357,0,-223,1
1217,74,610,393,0,48,0
1217,85,340,382,0,-137,0
1217,99,250,274,0,-212,0
1217,114,649,84,0,-9,0
1217,123,69,721,0,-12,0
1217,128,45,573,0,-242,1
1217,129,652,327,0,-177,1
1218,0,486,744,0,45,0
1218,1,88,253,0,-80,0
1218,2,676,543,0,-61,0
1218,4,30,669,0,-227,0
1218,5,333,399,0,-64,0
1218,8,370,342,0,-242,0
1218,10,456,704,0,-187,0
1218,12,534,542,0,-74,0
1218,15,631,664,0,-95,0
1218,17,41,294,0,-94,0
1218,69,73,360,0,-223,1
1218,74,607,391,0,48,0
1218,85,343,384,0,-137,0
1218,99,249,277,0,-212,0
1218,114,650,81,0,-9,0
1218,123,71,718,0,-30,0
1218,128,42,575,0,-242,1
1218,129,652,330,0,-177,1
1219,0,484,742,0,45,0
1219,1,91,252,0,-80,0
1219,2,679,543,0,-81,0
1219,4,28,671,0,-227,0
1219,5,335,398,0,-64,0
1219,8,367,344,0,-242,0
1219,10,456,707,0,-187,0
1219,12,537,541,0,-74,0
1219,15,634,664,0,-95,0
1219,17,44,294,0,-94,0
1219,69,71,362,0,-223,1
1219,74,606,388,0,21,0
1219,85,345,385,0,-113,0
1219,99,247,279,0,-212,0
1219,114,650,78,0,-9,0
1219,123,72,715,0,-30,0
1219,128,39,576,0,-242,1
1219,129,652,333,0,-177,1
1220,0,481,739,0,45,0
1220,1,94,252,0,-80,0
1220,2,682,543,0,-108,0
1220,4,26,673,0,-227,0
1220,5,338,397,0,-64,0
1220,8,365,345,0,-242,0
1220,10,455,710,0,-187,0
1220,12,540,540,0,-74,0
1220,15,636,663,0,-69,0
1220,17,47,294,0,-94,0
1220,69,69,364,0,-223,1
1220,74,605,386,0,33,0
1220,85,348,386,0,-113,0
1220,99,246,282,0,-212,0
1220,114,650,75,0,-9,0
1220,123,73,713,0,-30,0
1220,128,37,577,0,-242,1
1220,129,653,336,0,-177,1
1221,0,479,737,0,45,0
1221,1,97,251,0,-80,0
1221,2,684,544,0,-108,0
1221,4,24,675,0,-217,0
1221,5,341,396,0,-81,0
1221,8,362,345,0,90,0
1221,10,455,713,0,-187,0
1221,12,543,541,0,-101,0
1221,15,639,662,0,-69,0
1221,17,50,294,0,-94,0
1221,69,67,366,0,-223,1
1221,74,603,384,0,46,0
1221,85,351,388,0,-113,0
1221,99,244,284,0,-212,0
1221,114,651,72,0,-9,0
1221,123,74,710,0,-3,0
1221,128,34,579,0,-242,1
1221,129,653,339,0,-177,1
1222,0,477,736,0,70,0
1222,1,100,252,0,-106,0
1222,2,687,545,0,-108,0
1222,4,22,678,0,-217,0
1222,5,344,396,0,-81,0
1222,8,359,345,0,90,0
1222,10,455,716,0,-188,0
1222,12,546,541,0,-101,0
1222,15,642,661,0,-69,0
1222,17,53,295,0,-104,0
1222,69,66,369,0,-194,1
1222,74,600,382,0,52,0
1222,85,354,389,0,-113,0
1222,99,242,287,0,-212,0
1222,114,651,69,0,-9,0
1222,123,75,707,0,-19,0
1222,128,32,581,0,-234,1
1222,129,653,342,0,-177,1
1223,0,475,734,0,42,0
1223,1,102,253,0,-114,0
1223,2,690,546,0,-108,0
1223,4,22,681,0,-188,0
1223,5,347,394,0,-61,0
1223,8,356,345,0,90,0
1223,10,454,719,0,-188,0
1223,12,549,542,0,-101,0
1223,15,645,660,0,-69,0
1223,17,56,296,0,-104,0
1223,69,65,372,0,-194,1
1223,74,598,380,0,52,0
1223,85,356,390,0,-113,0
1223,99,241,289,0,-212,0
1223,114,652,66,0,-9,0
1223,123,76,704,0,-19,0
1223,128,29,582,0,-234,1
1223,129,653,345,0,-177,1
1224,0,472,732,0,50,0
1224,1,105,254,0,-98,0
1224,2,693,547,0,-108,0
1224,4,22,684,0,-176,0
1224,5,349,393,0,-61,0
1224,8,353,345,0,90,0
1224,10,454,722,0,-188,0
1224,12,552,543,0,-101,0
1224,15,648,658,0,-64,0
1224,17,59,296,0,-104,0
1224,69,65,375,0,-194,1
1224,74,596,378,0,52,0
1224,85,358,392,0,-141,0
1224,99,239,292,0,-212,0
1224,114,652,63,0,-9,0
1224,123,77,701,0,-19,0
1224,128,28,585,0,-211,1
1224,129,653,348,0,-177,1
1225,0,470,731,0,65,0
1225,1,108,254,0,-98,0
1225,2,696,548,0,-108,0
1225,4,23,686,0,-166,0
1225,5,352,392,0,-61,0
1225,8,350,346,0,-263,0
1225,10,455,725,0,-160,0
1225,12,555,543,0,-101,0
1225,15,650,657,0,-64,0
1225,17,62,297,0,-104,0
1225,69,64,378,0,-194,1
1225,74,594,376,0,32,0
1225,85,360,395,0,-141,0
1225,99,238,294,0,-212,0
1225,114,653,60,0,-8,0
1225,123,78,698,0,-19,0
1225,128,26,587,0,-211,1
1225,129,653,351,0,-177,1
1226,0,467,730,0,65,0
1226,1,111,254,0,-98,0
1226,2,699,549,0,-108,0
1226,4,23,689,0,-166,0
1226,5,355,390,0,-61,0
1226,8,347,346,0,-263,0
1226,10,456,728,0,-150,0
1226,12,558,544,0,-101,0
1226,15,653,656,0,-64,0
1226,17,65,298,0,-104,0
1226,69,63,381,0,-190,1
1226,74,592,373,0,32,0
1226,85,362,397,0,-141,0
1226,99,236,297,0,-212,0
1226,114,653,57,0,-8,0
1226,123,78,696,0,-19,0
1226,128,25,590,0,-211,1
1226,129,654,354,0,-177,1
1227,0,464,728,0,65,0
1227,1,114,255,0,-98,0
1227,2,702,550,0,-108,0
1227,4,24,692,0,-166,0
1227,5,357,389,0,-61,0
1227,8,344,346,0,-263,0
1227,10,458,730,0,-139,0
1227,12,561,544,0,-101,0
1227,15,656,654,0,-64,0
1227,17,68,297,0,-83,0
1227,69,63,384,0,-190,1
1227,74,591,370,0,32,0
1227,85,364,399,0,-141,0
1227,99,235,300,0,-200,0
1227,114,654,54,0,-8,0
1227,123,79,693,0,-19,0
1227,128,22,592,0,-239,1
1227,129,655,356,0,-148,1
1228,0,461,727,0,65,0
1228,1,117,255,0,-98,0
1228,2,704,551,0,-111,0
1228,4,25,695,0,-166,0
1228,5,360,387,0,-61,0
1228,8,341,347,0,-263,0
1228,10,460,732,0,-139,0
1228,12,564,545,0,-101,0
1228,15,658,653,0,-64,0
1228,17,71,297,0,-83,0
1228,69,62,387,0,-190,1
1228,74,589,368,0,42,0
1228,85,366,402,0,-141,0
1228,99,234,303,0,-200,0
1228,114,653,51,0,19,0
1228,123,80,690,0,-19,0
1228,128,19,593,0,-239,1
1228,129,657,359,0,-148,1
1229,0,459,726,0,65,0
1229,1,120,256,0,-98,0
1229,2,707,552,0,-111,0
1229,4,26,698,0,-166,0
1229,5,362,386,0,-61,0
1229,8,338,347,0,-263,0
1229,10,462,734,0,-139,0
1229,12,567,545,0,-91,0
1229,15,661,651,0,-55,0
1229,17,74,297,0,-83,0
1229,69,62,390,0,-190,1
1229,74,587,366,0,42,0
1229,85,367,404,0,-163,0
1229,99,233,305,0,-200,0
1229,114,652,48,0,19,0
1229,123,82,688,0,-42,0
1229,128,16,594,0,-259,1
1229,129,659,361,0,-129,1
1230,0,456,724,0,65,0
1230,1,123,256,0,-90,0
1230,2,710,553,0,-111,0
1230,4,26,701,0,-166,0
1230,5,365,384,0,-61,0
1230,8,335,347,0,-263,0
1230,10,464,737,0,-139,0
1230,12,570,545,0,-90,0
1230,15,663,650,0,-55,0
1230,17,77,296,0,-70,0
1230,69,61,393,0,-193,1
1230,74,585,364,0,42,0
1230,85,368,407,0,-163,0
1230,99,232,308,0,-200,0
1230,114,651,45,0,19,0
1230,123,84,685,0,-42,0
1230,128,13,594,0,-259,1
1230,129,662,362,0,-112,1
1231,0,453,723,0,65,0
1231,1,126,256,0,-90,0
1231,2,713,554,0,-111,0
1231,4,27,704,0,-160,0
1231,5,368,383,0,-61,0
1231,8,332,348,0,-263,0
1231,10,466,739,0,-154,0
1231,12,573,545,0,-90,0
1231,15,666,648,0,-55,0
1231,17,79,295,0,-70,0
1231,69,60,396,0,-193,1
1231,74,583,362,0,42,0
1231,85,368,410,0,-163,0
1231,99,231,311,0,-192,0
1231,114,650,43,0,19,0
1231,123,86,683,0,-42,0
1231,128,11,595,0,-259,1
1231,129,665,363,0,-112,1
1232,0,452,721,0,35,0
1232,1,129,256,0,-90,0
1232,2,715,555,0,-111,0
1232,4,28,707,0,-160,0
1232,5,370,381,0,-61,0
1232,8,329,348,0,-263,0
1232,10,467,742,0,-154,0
1232,12,576,545,0,-90,0
1232,15,668,646,0,-55,0
1232,17,82,294,0,-70,0
1232,69,60,398,0,-193,1
1232,74,581,359,0,42,0
1232,85,369,413,0,-173,0
1232,99,231,314,0,-192,0
1232,114,649,40,0,19,0
1232,123,88,681,0,-42,0
1232,128,8,595,0,-259,1
1232,129,668,363,0,-85,1
1233,0,450,718,0,35,0
1233,1,132,256,0,-98,0
1233,2,718,556,0,-111,0
1233,4,29,709,0,-160,0
1233,5,373,380,0,-61,0
1233,8,326,349,0,-263,0
1233,10,468,745,0,-154,0
1233,12,578,546,0,-116,0
1233,15,671,644,0,-55,0
1233,17,85,293,0,-70,0
1233,69,59,401,0,-193,1
1233,74,579,357,0,43,0
1233,85,369,416,0,-173,0
1233,99,230,317,0,-192,0
1233,114,648,37,0,19,0
1233,123,90,679,0,-42,0
1233,128,5,596,0,-265,1
1233,129,671,362,0,-85,1
1234,0,448,716,0,35,0
1234,1,135,257,0,-116,0
1234,2,721,557,0,-104,0
1234,4,31,712,0,-138,0
1234,5,376,380,0,-83,0
1234,8,323,349,0,-263,0
1234,10,469,747,0,-154,0
1234,12,581,548,0,-116,0
1234,15,673,643,0,-55,0
1234,17,88,292,0,-70,0
1234,69,58,404,0,-193,1
1234,74,577,355,0,43,0
1234,85,369,419,0,-173,0
1234,99,230,320,0,-184,0
1234,114,647,34,0,19,0
1234,123,93,677,0,-60,0
1234,128,2,597,0,-247,1
1234,129,674,362,0,-85,1
1235,0,446,713,0,35,0
1235,1,138,259,0,-116,0
1235,2,724,558,0,-104,0
1235,4,33,714,0,-135,0
1235,5,379,379,0,-83,0
1235,8,320,349,0,-263,0
1235,10,471,750,0,-154,0
1235,12,584,549,0,-116,0
1235,15,675,641,0,-55,0
1235,17,90,290,0,-43,0
1235,69,58,407,0,-193,1
1235,74,575,353,0,43,0
1235,85,370,422,0,-173,0
1235,99,230,323,0,-184,0
1235,114,646,31,0,19,0
1235,123,96,677,0,-88,0
1235,128,-1,598,0,-247,1
1235,129,677,362,0,-85,1
1236,0,445,711,0,35,0
1236,1,140,260,0,-110,0
1236,2,727,559,0,-104,0
1236,4,36,716,0,-135,0
1236,5,382,379,0,-83,0
1236,8,317,350,0,-263,0
1236,10,472,3,0,-154,0
1236,12,586,550,0,-116,0
1236,15,678,639,0,-55,0
1236,17,92,287,0,-43,0
1236,69,57,410,0,-193,1
1236,74,572,351,0,43,0
1236,85,369,425,0,-192,0
1236,99,230,326,0,-184,0
1236,114,645,28,0,19,0
1236,123,99,677,0,-88,0
1236,128,747,599,0,-257,1
1236,129,680,362,0,-85,1
1237,0,443,708,0,23,0
1237,1,143,261,0,-110,0
1237,2,730,559,0,-104,0
1237,4,38,718,0,-135,0
1237,5,385,379,0,-83,0
1237,8,314,350,0,-263,0
1237,10,473,6,0,-168,0
1237,12,589,552,0,-116,0
1237,15,680,638,0,-55,0
1237,17,94,285,0,-43,0
1237,69,56,413,0,-193,1
1237,74,570,348,0,43,0
1237,85,368,428,0,-192,0
1237,99,231,329,0,-154,0
1237,114,644,26,0,19,0
1237,123,102,677,0,-88,0
1237,128,744,599,0,-257,1
1237,129,683,361,0,-85,1
1238,0,442,705,0,23,0
1238,1,146,261,0,-103,0
1238,2,733,560,0,-104,0
1238,4,40,720,0,-135,0
1238,5,388,378,0,-83,0
1238,8,311,350,0,-263,0
1238,10,473,9,0,-168,0
1238,12,592,553,0,-120,0
1238,15,683,637,0,-76,0
1238,17,96,283,0,-43,0
1238,69,56,416,0,-184,1
1238,74,569,346,0,27,0
1238,85,367,430,0,-220,0
1238,99,232,331,0,-154,0
1238,114,643,23,0,19,0
1238,123,105,677,0,-88,0
1238,128,741,600,0,-257,1
1238,129,686,361,0,-87,1
1239,0,441,703,0,23,0
1239,1,149,262,0,-103,0
1239,2,736,561,0,-104,0
1239,4,42,722,0,-135,0
1239,5,391,378,0,-83,0
1239,8,308,351,0,-263,0
1239,10,474,11,0,-168,0
1239,12,594,555,0,-120,0
1239,15,686,636,0,-76,0
1239,17,99,281,0,-52,0
1239,69,56,419,0,-184,1
1239,74,568,343,0,27,0
1239,85,365,433,0,-220,0
1239,99,234,334,0,-154,0
1239,114,642,20,0,19,0
1239,123,108,677,0,-88,0
1239,128,738,601,0,-257,1
1239,129,689,361,0,-87,1
1240,0,440,700,0,23,0
1240,1,152,263,0,-103,0
1240,2,738,563,0,-126,0
1240,4,44,724,0,-135,0
1240,5,394,377,0,-83,0
1240,8,305,351,0,-263,0
1240,10,474,14,0,-174,0
1240,12,597,556,0,-120,0
1240,15,689,635,0,-76,0
1240,17,101,279,0,-52,0
1240,69,56,422,0,-184,1
1240,74,566,340,0,27,0
1240,85,363,435,0,-220,0
1240,99,235,337,0,-154,0
1240,114,641,17,0,19,0
1240,123,111,676,0,-83,0
1240,128,735,601,0,-257,1
1240,129,692,361,0,-92,1
1241,0,439,697,0,23,0
1241,1,155,264,0,-109,0
1241,2,741,564,0,-126,0
1241,4,46,727,0,-135,0
1241,5,397,377,0,-83,0
1241,8,302,351,0,-263,0
1241,10,475,17,0,-174,0
1241,12,600,558,0,-120,0
1241,15,691,633,0,-52,0
1241,17,103,278,0,-54,0
1241,69,56,425,0,-184,1
1241,74,565,338,0,27,0
1241,85,361,437,0,-220,0
1241,99,237,339,0,-130,0
1241,114,640,14,0,19,0
1241,123,114,676,0,-83,0
1241,128,732,602,0,-257,1
1241,129,694,362,0,-101,1
1242,0,438,694,0,23,0
1242,1,158,264,0,-91,0
1242,2,743,565,0,-107,0
1242,4,48,729,0,-135,0
1242,5,400,377,0,-83,0
1242,8,299,352,0,-263,0
1242,10,475,20,0,-174,0
1242,12,602,559,0,-120,0
1242,15,694,632,0,-52,0
1242,17,106,276,0,-54,0
1242,69,55,428,0,-184,1
1242,74,564,335,0,27,0
1242,85,359,439,0,-220,0
1242,99,239,341,0,-130,0
1242,114,638,11,0,26,0
1242,123,117,676,0,-83,0
1242,128,730,603,0,-248,1
1242,129,697,362,0,-101,1
1243,0,437,691,0,23,0
1243,1,161,264,0,-91,0
1243,2,746,566,0,-107,0
1243,4,50,731,0,-135,0
1243,5,403,376,0,-83,0
1243,8,296,352,0,-263,0
1243,10,475,23,0,-174,0
1243,12,605,561,0,-120,0
1243,15,696,630,0,-52,0
1243,17,108,274,0,-54,0
1243,69,55,431,0,-184,1
1243,74,562,332,0,27,0
1243,85,357,442,0,-220,0
1243,99,242,341,0,-105,0
1243,114,637,9,0,26,0
1243,123,120,675,0,-83,0
1243,128,727,604,0,-248,1
1243,129,700,363,0,-101,1
1244,0,435,689,0,23,0
1244,1,164,264,0,-91,0
1244,2,749,567,0,-107,0
1244,4,53,733,0,-135,0
1244,5,405,375,0,-57,0
1244,8,293,353,0,-263,0
1244,10,476,26,0,-174,0
1244,12,607,562,0,-120,0
1244,15,699,628,0,-52,0
1244,17,110,272,0,-36,0
1244,69,55,434,0,-184,1
1244,74,561,330,0,27,0
1244,85,355,444,0,-220,0
1244,99,245,343,0,-120,0
1244,114,636,6,0,26,0
1244,123,123,674,0,-65,0
1244,128,724,605,0,-248,1
1244,129,703,364,0,-112,1
1245,0,434,686,0,23,0
1245,1,167,264,0,-91,0
1245,2,752,568,0,-107,0
1245,4,55,735,0,-135,0
1245,5,408,373,0,-57,0
1245,8,290,353,0,-263,0
1245,10,476,29,0,-174,0
1245,12,610,564,0,-120,0
1245,15,701,626,0,-52,0
1245,17,112,269,0,-43,0
1245,69,55,437,0,-184,1
1245,74,560,327,0,27,0
1245,85,353,446,0,-220,0
1245,99,248,344,0,-120,0
1245,114,634,4,0,33,0
1245,123,125,673,0,-65,0
1245,128,721,606,0,-248,1
1245,129,706,365,0,-112,1
1246,0,433,683,0,13,0
1246,1,170,264,0,-91,0
1246,2,3,569,0,-107,0
1246,4,57,737,0,-135,0
1246,5,410,371,0,-57,0
1246,8,287,353,0,-263,0
1246,10,476,32,0,-174,0
1246,12,612,565,0,-120,0
1246,15,703,624,0,-52,0
1246,17,114,267,0,-43,0
1246,69,55,440,0,-184,1
1246,74,558,324,0,27,0
1246,85,351,449,0,-220,0
1246,99,250,346,0,-120,0
1246,114,633,1,0,33,0
1246,123,128,672,0,-65,0
1246,128,719,608,0,-248,1
1246,129,709,366,0,-96,1
1247,0,433,680,0,13,0
1247,1,173,264,0,-91,0
1247,2,6,570,0,-107,0
1247,4,59,739,0,-135,0
1247,5,413,370,0,-57,0
1247,8,284,354,0,-263,0
1247,10,477,35,0,-174,0
1247,12,615,567,0,-120,0
1247,15,706,622,0,-52,0
1247,17,116,265,0,-43,0
1247,69,54,443,0,-184,1
1247,74,558,321,0,0,0
1247,85,349,451,0,-220,0
1247,99,253,347,0,-120,0
1247,114,631,-1,0,33,0
1247,123,131,670,0,-65,0
1247,128,716,609,0,-248,1
1247,129,712,366,0,-96,1
1248,0,432,677,0,13,0
1248,1,176,264,0,-91,0
1248,2,9,571,0,-107,0
1248,4,61,741,0,-135,0
1248,5,415,368,0,-57,0
1248,8,281,354,0,-263,0
1248,10,477,38,0,-174,0
1248,12,617,569,0,-150,0
1248,15,708,620,0,-52,0
1248,17,118,263,0,-43,0
1248,69,54,446,0,-187,1
1248,74,558,318,0,0,0
1248,85,347,453,0,-220,0
1248,99,255,349,0,-120,0
1248,114,629,747,0,33,0
1248,123,134,669,0,-65,0
1248,128,713,610,0,-248,1
1248,129,715,366,0,-96,1
1249,0,430,675,0,42,0
1249,1,179,264,0,-91,0
1249,2,11,572,0,-123,0
1249,4,63,744,0,-135,0
1249,5,418,367,0,-57,0
1249,8,278,354,0,-263,0
1249,10,477,41,0,-174,0
1249,12,618,572,0,-150,0
1249,15,709,618,0,-24,0
1249,17,120,261,0,-43,0
1249,69,54,449,0,-187,1
1249,74,558,315,0,0,0
1249,85,346,456,0,-210,0
1249,99,258,350,0,-120,0
1249,114,628,745,0,33,0
1249,123,136,668,0,-65,0
1249,128,710,611,0,-248,1
1249,129,718,366,0,-96,1
1250,0,428,673,0,42,0
1250,1,182,264,0,-91,0
1250,2,14,574,0,-123,0
1250,4,65,746,0,-135,0
1250,5,420,365,0,-57,0
1250,8,275,355,0,-263,0
1250,10,478,44,0,-174,0
1250,12,620,575,0,-150,0
1250,15,710,615,0,-24,0
1250,17,122,258,0,-43,0
1250,69,53,452,0,-187,1
1250,74,559,312,0,-5,0
1250,85,344,458,0,-210,0
1250,99,261,352,0,-120,0
1250,114,626,742,0,33,0
1250,123,139,667,0,-65,0
1250,128,707,612,0,-248,1
1250,129,721,367,0,-96,1
1251,0,426,671,0,42,0
1251,1,185,264,0,-91,0
1251,2,16,575,0,-123,0
1251,4,67,748,0,-135,0
1251,5,423,363,0,-57,0
1251,8,272,354,0,81,0
1251,10,478,47,0,-174,0
1251,12,621,577,0,-150,0
1251,15,712,612,0,-28,0
1251,17,124,256,0,-43,0
1251,69,53,455,0,-187,1
1251,74,559,309,0,-5,0
1251,85,343,461,0,-195,0
1251,99,263,353,0,-120,0
1251,114,624,740,0,33,0
1251,123,142,665,0,-65,0
1251,129,724,368,0,-111,1
1252,0,424,669,0,49,0
1252,1,188,264,0,-91,0
1252,2,19,577,0,-123,0
1252,4,70,749,0,-111,0
1252,5,425,362,0,-57,0
1252,8,269,354,0,81,0
1252,10,480,50,0,-151,0
1252,12,623,580,0,-150,0
1252,15,713,610,0,-28,0
1252,17,126,254,0,-43,0
1252,69,52,458,0,-187,1
1252,74,560,307,0,-24,0
1252,85,343,464,0,-195,0
1252,99,266,354,0,-98,0
1252,114,624,737,0,9,0
1252,123,144,664,0,-65,0
1252,129,726,369,0,-111,1
1253,0,422,667,0,49,0
1253,1,191,264,0,-86,0
1253,2,21,579,0,-129,0
1253,4,73,750,0,-111,0
1253,5,427,359,0,-31,0
1253,8,266,353,0,81,0
1253,10,481,52,0,-151,0
1253,12,624,582,0,-150,0
1253,15,715,607,0,-28,0
1253,17,128,252,0,-43,0
1253,69,52,461,0,-187,1
1253,74,561,304,0,-24,0
1253,85,342,467,0,-195,0
1253,99,269,354,0,-98,0
1253,114,623,734,0,9,0
1253,123,147,663,0,-65,0
1253,129,729,370,0,-111,1
1254,0,419,665,0,49,0
1254,1,194,264,0,-86,0
1254,2,23,581,0,-145,0
1254,4,76,751,0,-111,0
1254,5,428,357,0,-31,0
1254,8,263,353,0,81,0
1254,10,482,55,0,-151,0
1254,12,626,585,0,-142,0
1254,15,717,605,0,-38,0
1254,17,130,250,0,-43,0
1254,69,52,464,0,-187,1
1254,74,562,301,0,-24,0
1254,85,342,470,0,-185,0
1254,99,272,355,0,-98,0
1254,114,623,731,0,2,0
1254,123,150,662,0,-65,0
1254,129,732,371,0,-111,1
1255,0,418,662,0,20,0
1255,1,197,264,0,-86,0
1255,2,23,584,0,-172,0
1255,4,79,1,0,-111,0
1255,5,431,355,0,-58,0
1255,8,261,352,0,81,0
1255,10,484,58,0,-151,0
1255,12,628,587,0,-142,0
1255,15,718,602,0,-38,0
1255,17,132,247,0,-37,0
1255,69,51,467,0,-187,1
1255,74,564,298,0,-24,0
1255,85,341,473,0,-185,0
1255,99,275,355,0,-98,0
1255,114,624,728,0,-9,0
1255,123,153,660,0,-63,0
1255,129,734,373,0,-139,1
1256,0,417,659,0,25,0
1256,1,200,263,0,-86,0
1256,2,24,587,0,-172,0
1256,4,81,2,0,-111,0
1256,5,433,353,0,-58,0
1256,8,258,352,0,81,0
1256,10,485,60,0,-151,0
1256,12,629,590,0,-161,0
1256,15,720,600,0,-38,0
1256,17,133,245,0,-23,0
1256,69,51,470,0,-187,1
1256,74,565,296,0,-24,0
1256,85,341,476,0,-185,0
1256,99,278,355,0,-98,0
1256,114,624,725,0,-9,0
1256,123,156,660,0,-84,0
1256,129,736,376,0,-137,1
1257,0,416,656,0,25,0
1257,1,203,263,0,-86,0
1257,2,24,590,0,-172,0
1257,4,84,3,0,-110,0
1257,5,436,352,0,-58,0
1257,8,255,350,0,52,0
1257,10,487,63,0,-151,0
1257,12,630,593,0,-161,0
1257,15,722,598,0,-38,0
1257,17,135,242,0,-23,0
1257,69,51,473,0,-187,1
1257,74,566,293,0,-24,0
1257,85,341,479,0,-185,0
1257,99,281,355,0,-89,0
1257,114,625,722,0,-9,0
1257,123,159,660,0,-84,0
1257,129,738,378,0,-137,1
1258,0,415,654,0,25,0
1258,1,206,263,0,-86,0
1258,2,24,593,0,-172,0
1258,4,87,5,0,-130,0
1258,5,439,350,0,-58,0
1258,8,253,348,0,52,0
1258,10,487,66,0,-177,0
1258,12,631,596,0,-161,0
1258,15,724,595,0,-38,0
1258,17,136,239,0,-23,0
1258,69,50,476,0,-187,1
1258,74,567,290,0,-24,0
1258,85,342,482,0,-159,0
1258,99,284,355,0,-89,0
1258,114,625,719,0,-9,0
1258,123,162,659,0,-84,0
1258,129,740,380,0,-137,1
1259,0,413,651,0,25,0
1259,1,209,263,0,-86,0
1259,2,25,596,0,-172,0
1259,4,89,6,0,-117,0
1259,5,441,349,0,-58,0
1259,8,250,346,0,54,0
1259,10,487,69,0,-177,0
1259,12,633,598,0,-136,0
1259,15,726,593,0,-38,0
1259,17,137,236,0,-23,0
1259,69,50,479,0,-187,1
1259,74,569,287,0,-24,0
1259,85,343,485,0,-159,0
1259,99,287,355,0,-89,0
1259,114,626,716,0,-9,0
1259,123,164,659,0,-84,0
1259,129,742,382,0,-137,1
1260,0,411,649,0,41,0
1260,1,212,263,0,-86,0
1260,2,25,599,0,-172,0
1260,4,92,8,0,-117,0
1260,5,444,347,0,-58,0
1260,8,248,345,0,54,0
1260,10,487,72,0,-177,0
1260,12,635,599,0,-120,0
1260,15,728,591,0,-38,0
1260,17,138,234,0,-23,0
1260,69,49,481,0,-204,1
1260,74,570,285,0,-24,0
1260,85,344,487,0,-159,0
1260,99,290,355,0,-89,0
1260,114,626,713,0,-9,0
1260,123,167,659,0,-84,0
1260,129,744,384,0,-137,1
1261,0,409,646,0,41,0
1261,1,215,262,0,-86,0
1261,2,26,602,0,-172,0
1261,4,95,9,0,-117,0
1261,5,446,345,0,-58,0
1261,8,246,343,0,54,0
1261,10,488,75,0,-177,0
1261,12,638,601,0,-120,0
1261,15,729,588,0,-27,0
1261,17,139,231,0,-23,0
1261,69,47,484,0,-204,1
1261,74,572,283,0,-47,0
1261,85,345,490,0,-159,0
1261,99,293,355,0,-89,0
1261,114,626,710,0,-9,0
1261,123,170,658,0,-84,0
1261,129,746,387,0,-137,1
1262,0,407,645,0,68,0
1262,1,218,262,0,-86,0
1262,2,26,605,0,-172,0
1262,4,97,10,0,-117,0
1262,5,449,344,0,-58,0
1262,8,243,341,0,54,0
1262,10,488,78,0,-177,0
1262,12,641,602,0,-120,0
1262,15,730,585,0,-27,0
1262,17,141,228,0,-23,0
1262,69,46,487,0,-204,1
1262,74,575,281,0,-68,0
1262,85,345,493,0,-187,0
1262,99,296,355,0,-89,0
1262,114,627,707,0,-9,0
1262,123,173,658,0,-84,0
1262,129,748,389,0,-137,1
1263,0,404,644,0,68,0
1263,1,221,262,0,-86,0
1263,2,27,608,0,-172,0
1263,4,100,12,0,-117,0
1263,5,451,342,0,-58,0
1263,8,241,339,0,54,0
1263,10,488,81,0,-177,0
1263,12,643,604,0,-120,0
1263,15,733,584,0,-56,0
1263,17,142,225,0,-23,0
1263,69,45,490,0,-204,1
1263,74,577,280,0,-68,0
1263,85,344,496,0,-187,0
1263,99,299,355,0,-89,0
1263,114,627,704,0,4,0
1263,123,176,658,0,-84,0
1263,129,750,391,0,-137,1
1264,0,401,643,0,68,0
1264,1,224,262,0,-86,0
1264,2,27,611,0,-172,0
1264,4,103,13,0,-117,0
1264,5,454,341,0,-58,0
1264,8,238,338,0,54,0
1264,10,488,84,0,-177,0
1264,12,646,605,0,-120,0
1264,15,735,582,0,-56,0
1264,17,143,222,0,-23,0
1264,69,44,492,0,-204,1
1264,74,580,279,0,-68,0
1264,85,344,499,0,-187,0
1264,99,302,356,0,-103,0
1264,114,626,701,0,4,0
1264,123,179,657,0,-84,0
1264,129,2,393,0,-137,1
1265,0,398,642,0,68,0
1265,1,227,262,0,-101,0
1265,2,28,614,0,-172,0
1265,4,105,14,0,-117,0
1265,5,456,339,0,-58,0
1265,8,236,336,0,52,0
1265,10,488,87,0,-177,0
1265,12,648,607,0,-120,0
1265,15,738,580,0,-56,0
1265,17,144,220,0,-23,0
1265,69,42,495,0,-204,1
1265,74,583,278,0,-68,0
1265,85,344,502,0,-187,0
1265,99,305,356,0,-103,0
1265,114,626,698,0,4,0
1265,123,182,657,0,-84,0
1265,129,5,395,0,-120,1
1266,0,396,640,0,43,0
1266,1,230,263,0,-101,0
1266,2,28,617,0,-172,0
1266,4,107,17,0,-135,0
1266,5,459,337,0,-58,0
1266,8,234,334,0,52,0
1266,10,489,90,0,-156,0
1266,12,651,608,0,-120,0
1266,15,740,578,0,-56,0
1266,17,145,217,0,-10,0
1266,69,41,498,0,-208,1
1266,74,586,277,0,-68,0
1266,85,342,505,0,-216,0
1266,99,308,357,0,-103,0
1266,114,625,695,0,19,0
1266,123,185,657,0,-84,0
1266,129,7,396,0,-120,1
1267,0,394,637,0,43,0
1267,1,232,264,0,-111,0
1267,2,28,620,0,-172,0
1267,4,110,19,0,-135,0
1267,5,461,336,0,-58,0
1267,8,231,332,0,52,0
1267,10,491,92,0,-156,0
1267,12,653,610,0,-120,0
1267,15,743,577,0,-69,0
1267,17,145,214,0,-10,0
1267,69,40,500,0,-208,1
1267,74,589,276,0,-68,0
1267,85,341,507,0,-206,0
1267,99,311,358,0,-103,0
1267,114,624,693,0,19,0
1267,123,188,655,0,-66,0
1267,129,10,398,0,-120,1
1268,0,391,636,0,67,0
1268,1,235,265,0,-111,0
1268,2,29,623,0,-172,0
1268,4,112,21,0,-135,0
1268,5,464,334,0,-58,0
1268,8,229,330,0,52,0
1268,10,492,95,0,-156,0
1268,12,656,611,0,-120,0
1268,15,746,576,0,-69,0
1268,17,146,211,0,-10,0
1268,69,38,503,0,-208,1
1268,74,591,275,0,-68,0
1268,85,339,510,0,-206,0
1268,99,314,358,0,-103,0
1268,114,623,690,0,22,0
1268,123,191,654,0,-66,0
1268,129,12,399,0,-120,1
1269,0,389,635,0,67,0
1269,1,237,267,0,-133,0
1269,2,30,626,0,-155,0
1269,4,114,23,0,-135,0
1269,5,467,333,0,-58,0
1269,8,226,328,0,52,0
1269,10,493,98,0,-156,0
1269,12,659,613,0,-120,0
1269,15,749,575,0,-69,0
1269,17,146,208,0,-10,0
1269,69,37,506,0,-212,1
1269,74,594,273,0,-68,0
1269,85,338,512,0,-218,0
1269,99,317,359,0,-103,0
1269,114,622,687,0,22,0
1269,123,194,653,0,-68,0
1269,129,15,401,0,-120,1
1270,0,386,634,0,67,0
1270,1,240,269,0,-133,0
1270,2,31,628,0,-155,0
1270,4,116,25,0,-135,0
1270,5,469,331,0,-58,0
1270,8,224,326,0,52,0
1270,10,494,101,0,-156,0
1270,12,661,614,0,-120,0
1270,15,751,574,0,-69,0
1270,17,147,205,0,-10,0
1270,69,35,508,0,-212,1
1270,74,597,272,0,-68,0
1270,85,336,515,0,-218,0
1270,99,320,360,0,-103,0
1270,114,621,684,0,22,0
1270,123,196,652,0,-68,0
1270,129,18,402,0,-116,1
1271,0,383,633,0,67,0
1271,1,242,271,0,-133,0
1271,2,33,631,0,-155,0
1271,4,119,27,0,-119,0
1271,5,472,329,0,-58,0
1271,8,222,324,0,37,0
1271,10,495,103,0,-156,0
1271,12,664,616,0,-120,0
1271,15,3,573,0,-69,0
1271,17,147,202,0,-10,0
1271,69,33,511,0,-212,1
1271,74,600,271,0,-68,0
1271,85,334,517,0,-218,0
1271,99,322,360,0,-103,0
1271,114,620,682,0,22,0
1271,123,199,651,0,-68,0
1271,129,20,403,0,-116,1
1272,0,380,631,0,67,0
1272,1,244,273,0,-129,0
1272,2,34,634,0,-155,0
1272,4,121,28,0,-119,0
1272,5,474,328,0,-58,0
1272,8,220,322,0,37,0
1272,10,497,106,0,-156,0
1272,12,666,617,0,-120,0
1272,15,5,572,0,-62,0
1272,17,149,199,0,-31,0
1272,69,32,513,0,-212,1
1272,74,602,270,0,-68,0
1272,85,332,520,0,-218,0
1272,99,325,361,0,-103,0
1272,114,619,679,0,22,0
1272,123,202,650,0,-68,0
1272,129,23,405,0,-116,1
1273,0,378,630,0,67,0
1273,1,246,275,0,-129,0
1273,2,34,637,0,-170,0
1273,4,124,29,0,-119,0
1273,5,477,326,0,-58,0
1273,8,218,320,0,47,0
1273,10,498,109,0,-156,0
1273,12,669,619,0,-120,0
1273,15,8,571,0,-83,0
1273,17,150,197,0,-31,0
1273,69,30,516,0,-212,1
1273,74,605,269,0,-68,0
1273,85,331,522,0,-195,0
1273,99,328,362,0,-103,0
1273,114,618,676,0,22,0
1273,123,205,649,0,-80,0
1273,129,26,406,0,-116,1
1274,0,375,629,0,66,0
1274,1,249,277,0,-129,0
1274,2,35,640,0,-170,0
1274,4,126,31,0,-119,0
1274,5,479,325,0,-64,0
1274,8,216,318,0,47,0
1274,10,499,112,0,-156,0
1274,12,672,620,0,-120,0
1274,15,11,571,0,-83,0
1274,17,152,194,0,-31,0
1274,69,29,518,0,-212,1
1274,74,608,268,0,-68,0
1274,85,331,525,0,-195,0
1274,99,331,362,0,-103,0
1274,114,617,673,0,22,0
1274,123,208,649,0,-80,0
1274,129,29,407,0,-116,1
1275,0,372,628,0,66,0
1275,1,251,279,0,-129,0
1275,2,36,643,0,-170,0
1275,4,129,32,0,-119,0
1275,5,482,324,0,-64,0
1275,8,214,316,0,47,0
1275,10,500,114,0,-156,0
1275,12,674,622,0,-120,0
1275,15,14,571,0,-83,0
1275,17,153,192,0,-31,0
1275,69,27,521,0,-212,1
1275,74,611,266,0,-68,0
1275,85,330,528,0,-195,0
1275,99,334,363,0,-103,0
1275,114,615,670,0,22,0
1275,123,210,647,0,-51,0
1275,129,31,408,0,-116,1
1276,0,369,627,0,66,0
1276,1,253,280,0,-127,0
1276,2,36,646,0,-170,0
1276,4,132,34,0,-119,0
1276,5,485,322,0,-64,0
1276,8,212,314,0,47,0
1276,10,502,117,0,-156,0
1276,12,677,624,0,-120,0
1276,15,17,570,0,-83,0
1276,17,155,189,0,-31,0
1276,69,25,523,0,-212,1
1276,74,614,265,0,-68,0
1276,85,329,531,0,-195,0
1276,99,337,364,0,-103,0
1276,114,614,668,0,22,0
1276,123,212,644,0,-36,0
1276,129,34,410,0,-116,1
1277,0,367,625,0,66,0
1277,1,256,282,0,-127,0
1277,2,37,649,0,-170,0
1277,4,134,35,0,-119,0
1277,5,487,321,0,-64,0
1277,8,209,312,0,47,0
1277,10,503,120,0,-156,0
1277,12,679,625,0,-120,0
1277,15,20,570,0,-83,0
1277,17,156,187,0,-31,0
1277,69,24,526,0,-212,1
1277,74,616,264,0,-56,0
1277,85,330,534,0,-168,0
1277,99,340,364,0,-103,0
1277,114,613,665,0,22,0
1277,123,214,642,0,-36,0
1277,129,37,411,0,-119,1
1278,0,364,624,0,66,0
1278,1,258,284,0,-127,0
1278,2,37,652,0,-170,0
1278,4,137,37,0,-119,0
1278,5,490,320,0,-73,0
1278,8,207,309,0,47,0
1278,10,504,123,0,-156,0
1278,12,682,627,0,-120,0
1278,15,23,570,0,-83,0
1278,17,158,184,0,-31,0
1278,69,22,529,0,-212,1
1278,74,618,262,0,-56,0
1278,85,329,537,0,-193,0
1278,99,342,366,0,-126,0
1278,114,612,662,0,22,0
1278,123,216,639,0,-36,0
1278,129,39,413,0,-119,1
1279,0,361,623,0,66,0
1279,1,261,286,0,-127,0
1279,2,38,655,0,-170,0
1279,4,140,38,0,-115,0
1279,5,493,319,0,-73,0
1279,8,205,307,0,47,0
1279,10,505,125,0,-156,0
1279,12,685,628,0,-120,0
1279,15,26,569,0,-83,0
1279,17,160,182,0,-42,0
1279,69,21,531,0,-212,1
1279,74,621,260,0,-56,0
1279,85,328,540,0,-193,0
1279,99,345,367,0,-110,0
1279,114,611,659,0,22,0
1279,123,217,637,0,-36,0
1279,129,42,414,0,-119,1
1280,0,358,622,0,66,0
1280,1,263,288,0,-127,0
1280,2,38,657,0,-170,0
1280,4,142,39,0,-115,0
1280,5,496,318,0,-73,0
1280,8,204,305,0,30,0
1280,10,506,128,0,-156,0
1280,12,687,630,0,-120,0
1280,15,29,569,0,-83,0
1280,17,162,179,0,-42,0
1280,69,19,534,0,-212,1
1280,74,623,259,0,-56,0
1280,85,328,543,0,-193,0
1280,99,348,368,0,-110,0
1280,114,609,657,0,40,0
1280,123,219,635,0,-36,0
1280,129,44,416,0,-119,1
1281,0,356,620,0,66,0
1281,1,266,289,0,-127,0
1281,2,38,660,0,-175,0
1281,4,145,41,0,-115,0
1281,5,499,317,0,-73,0
1281,8,202,303,0,41,0
1281,10,507,131,0,-176,0
1281,12,690,631,0,-120,0
1281,15,32,569,0,-83,0
1281,17,164,177,0,-42,0
1281,69,18,536,0,-212,1
1281,74,626,257,0,-63,0
1281,85,327,546,0,-193,0
1281,99,350,370,0,-135,0
1281,114,607,655,0,40,0
1281,123,221,632,0,-36,0
1281,129,47,417,0,-119,1
1282,0,353,619,0,66,0
1282,1,267,292,0,-140,0
1282,2,39,663,0,-175,0
1282,4,148,42,0,-115,0
1282,5,502,317,0,-91,0
1282,8,199,301,0,47,0
1282,10,507,134,0,-171,0
1282,12,692,633,0,-120,0
1282,15,35,567,0,-58,0
1282,17,166,175,0,-42,0
1282,69,15,538,0,-233,1
1282,74,629,256,0,-63,0
1282,85,326,549,0,-193,0
1282,99,352,372,0,-135,0
1282,114,605,652,0,40,0
1282,123,223,630,0,-36,0
1282,129,50,418,0,-100,1
1283,0,350,618,0,66,0
1283,1,268,295,0,-161,0
1283,2,39,666,0,-167,0
1283,4,151,43,0,-115,0
1283,5,505,317,0,-73,0
1283,8,197,298,0,47,0
1283,10,508,137,0,-171,0
1283,12,695,634,0,-109,0
1283,15,37,565,0,-58,0
1283,17,167,172,0,-27,0
1283,69,13,540,0,-233,1
1283,74,631,255,0,-63,0
1283,85,326,552,0,-193,0
1283,99,354,375,0,-135,0
1283,114,603,650,0,40,0
1283,123,224,627,0,-36,0
1283,129,53,418,0,-100,1
1284,0,348,616,0,53,0
1284,1,269,297,0,-161,0
1284,2,40,669,0,-167,0
1284,4,153,44,0,-115,0
1284,5,508,316,0,-73,0
1284,8,195,296,0,47,0
1284,10,507,140,0,-187,0
1284,12,698,635,0,-109,0
1284,15,39,563,0,-36,0
1284,17,170,170,0,-46,0
1284,69,10,542,0,-233,1
1284,74,634,253,0,-66,0
1284,85,325,555,0,-193,0
1284,99,355,377,0,-160,0
1284,114,601,648,0,40,0
1284,123,226,625,0,-36,0
1284,129,56,419,0,-100,1
1285,0,346,614,0,53,0
1285,1,270,300,0,-161,0
1285,2,41,672,0,-167,0
1285,4,156,46,0,-115,0
1285,5,511,315,0,-73,0
1285,8,194,294,0,27,0
1285,10,507,143,0,-187,0
1285,12,701,636,0,-109,0
1285,15,41,561,0,-36,0
1285,17,172,168,0,-46,0
1285,69,8,543,0,-233,1
1285,74,637,252,0,-66,0
1285,85,324,557,0,-193,0
1285,99,356,380,0,-160,0
1285,114,599,645,0,40,0
1285,123,229,623,0,-63,0
1285,129,59,419,0,-100,1
1286,0,343,612,0,53,0
1286,1,271,303,0,-161,0
1286,2,41,675,0,-167,0
1286,4,159,47,0,-106,0
1286,5,513,314,0,-73,0
1286,8,192,291,0,27,0
1286,10,507,146,0,-187,0
1286,12,704,637,0,-109,0
1286,15,43,558,0,-36,0
1286,17,174,166,0,-46,0
1286,69,6,545,0,-233,1
1286,74,640,251,0,-66,0
1286,85,324,560,0,-193,0
1286,99,357,383,0,-160,0
1286,114,598,643,0,40,0
1286,123,231,622,0,-63,0
1286,129,62,420,0,-100,1
1287,0,341,611,0,53,0
1287,1,272,306,0,-161,0
1287,2,42,678,0,-167,0
1287,4,162,47,0,-106,0
1287,5,516,313,0,-73,0
1287,8,191,288,0,27,0
1287,10,506,149,0,-187,0
1287,12,707,638,0,-109,0
1287,15,44,556,0,-36,0
1287,17,176,164,0,-46,0
1287,69,3,547,0,-233,1
1287,74,642,250,0,-66,0
1287,85,323,563,0,-193,0
1287,99,359,386,0,-160,0
1287,114,596,641,0,40,0
1287,123,234,621,0,-63,0
1287,129,65,420,0,-100,1
1288,0,338,609,0,58,0
1288,1,275,308,0,-132,0
1288,2,43,681,0,-167,0
1288,4,165,48,0,-106,0
1288,5,519,312,0,-73,0
1288,8,190,286,0,27,0
1288,10,504,151,0,-217,0
1288,12,709,639,0,-109,0
1288,15,46,553,0,-36,0
1288,17,178,162,0,-46,0
1288,69,1,549,0,-228,1
1288,74,645,248,0,-66,0
1288,85,323,566,0,-180,0
1288,99,360,389,0,-160,0
1288,114,594,638,0,40,0
1288,123,237,619,0,-63,0
1288,129,68,421,0,-108,1
1289,0,336,607,0,58,0
1289,1,277,310,0,-132,0
1289,2,44,684,0,-155,0
1289,4,167,49,0,-106,0
1289,5,522,311,0,-73,0
1289,8,190,283,0,0,0
1289,10,503,154,0,-199,0
1289,12,712,640,0,-109,0
1289,15,48,551,0,-36,0
1289,17,180,160,0,-46,0
1289,69,-1,551,0,-228,1
1289,74,648,247,0,-66,0
1289,85,323,569,0,-180,0
1289,99,361,391,0,-160,0
1289,114,592,636,0,40,0
1289,123,239,618,0,-63,0
1289,129,71,421,0,-86,1
1290,0,333,607,0,86,0
1290,1,279,312,0,-132,0
1290,2,45,686,0,-155,0
1290,4,170,50,0,-106,0
1290,5,525,311,0,-73,0
1290,8,190,280,0,0,0
1290,10,502,157,0,-199,0
1290,12,715,640,0,-109,0
1290,15,50,548,0,-36,0
1290,17,182,158,0,-46,0
1290,69,748,553,0,-228,1
1290,74,651,246,0,-66,0
1290,85,323,572,0,-180,0
1290,99,362,394,0,-160,0
1290,114,590,634,0,40,0
1290,123,242,617,0,-63,0
1290,129,74,422,0,-104,1
1291,0,330,606,0,70,0
1291,1,281,314,0,-128,0
1291,2,46,689,0,-164,0
1291,4,173,51,0,-106,0
1291,5,528,310,0,-73,0
1291,8,190,277,0,0,0
1291,10,501,160,0,-199,0
1291,12,718,641,0,-109,0
1291,15,51,546,0,-36,0
1291,17,185,156,0,-46,0
1291,69,746,555,0,-228,1
1291,74,653,245,0,-73,0
1291,85,323,575,0,-180,0
1291,99,363,397,0,-160,0
1291,114,588,632,0,40,0
1291,123,245,615,0,-63,0
1291,129,76,422,0,-104,1
1292,0,327,606,0,87,0
1292,1,284,314,0,-99,0
1292,2,47,692,0,-164,0
1292,4,176,52,0,-106,0
1292,5,531,309,0,-73,0
1292,8,190,274,0,-7,0
1292,10,500,162,0,-207,0
1292,12,721,642,0,-109,0
1292,15,54,544,0,-49,0
1292,17,187,154,0,-46,0
1292,69,743,557,0,-228,1
1292,74,656,244,0,-73,0
1292,85,323,578,0,-180,0
1292,99,364,400,0,-160,0
1292,114,586,629,0,40,0
1292,123,247,614,0,-63,0
1292,129,79,423,0,-104,1
1293,0,324,606,0,87,0
1293,1,287,315,0,-99,0
1293,2,48,695,0,-164,0
1293,4,179,52,0,-106,0
1293,5,534,308,0,-73,0
1293,8,190,271,0,-7,0
1293,10,499,165,0,-207,0
1293,12,724,643,0,-109,0
1293,15,56,542,0,-49,0
1293,17,189,152,0,-52,0
1293,69,741,559,0,-228,1
1293,74,659,243,0,-73,0
1293,85,323,581,0,-180,0
1293,99,365,403,0,-160,0
1293,114,584,627,0,40,0
1293,123,250,613,0,-63,0
1293,129,82,425,0,-131,1
1294,0,321,606,0,87,0
1294,1,290,315,0,-99,0
1294,2,49,698,0,-164,0
1294,4,182,53,0,-106,0
1294,5,536,307,0,-73,0
1294,8,192,268,0,-27,0
1294,10,497,168,0,-207,0
1294,12,726,644,0,-109,0
1294,15,59,541,0,-78,0
1294,17,192,150,0,-52,0
1294,69,739,561,0,-228,1
1294,74,662,242,0,-73,0
1294,85,323,584,0,-180,0
1294,99,366,406,0,-160,0
1294,114,582,625,0,40,0
1294,123,253,611,0,-63,0
1294,129,84,427,0,-131,1
1295,0,318,606,0,87,0
1295,1,293,316,0,-99,0
1295,2,49,701,0,-164,0
1295,4,185,54,0,-108,0
1295,5,539,306,0,-73,0
1295,8,193,265,0,-29,0
1295,10,496,171,0,-207,0
1295,12,729,645,0,-109,0
1295,15,62,541,0,-78,0
1295,17,194,148,0,-52,0
1295,69,737,563,0,-228,1
1295,74,665,241,0,-73,0
1295,85,323,587,0,-180,0
1295,99,367,408,0,-160,0
1295,114,580,622,0,40,0
1295,123,255,610,0,-63,0
1295,129,86,429,0,-124,1
1296,0,315,606,0,87,0
1296,1,296,316,0,-99,0
1296,2,49,704,0,-188,0
1296,4,188,55,0,-108,0
1296,5,542,305,0,-73,0
1296,8,195,263,0,-29,0
1296,10,495,173,0,-207,0
1296,12,732,646,0,-92,0
1296,15,65,540,0,-78,0
1296,17,196,146,0,-52,0
1296,69,734,565,0,-228,1
1296,74,668,241,0,-73,0
1296,85,323,590,0,-180,0
1296,99,368,411,0,-160,0
1296,114,578,620,0,40,0
1296,123,258,608,0,-63,0
1296,129,89,430,0,-124,1
1297,0,312,605,0,87,0
1297,1,299,317,0,-106,0
1297,2,49,707,0,-188,0
1297,4,190,56,0,-108,0
1297,5,545,305,0,-73,0
1297,8,195,260,0,-8,0
1297,10,493,176,0,-207,0
1297,12,735,646,0,-92,0
1297,15,68,539,0,-78,0
1297,17,199,144,0,-52,0
1297,69,732,567,0,-228,1
1297,74,671,240,0,-79,0
1297,85,323,593,0,-180,0
1297,99,369,414,0,-163,0
1297,114,576,618,0,38,0
1297,123,261,608,0,-81,0
1297,129,91,432,0,-124,1
1298,0,309,605,0,87,0
1298,1,302,318,0,-106,0
1298,2,48,710,0,-188,0
1298,4,193,57,0,-108,0
1298,5,548,304,0,-73,0
1298,8,196,257,0,-8,0
1298,10,492,179,0,-207,0
1298,12,738,646,0,-92,0
1298,15,71,539,0,-78,0
1298,17,201,143,0,-52,0
1298,69,729,568,0,-258,1
1298,74,674,239,0,-79,0
1298,85,323,596,0,-180,0
1298,99,369,417,0,-163,0
1298,114,575,615,0,38,0
1298,123,264,607,0,-81,0
1298,129,93,435,0,-148,1
1299,0,306,605,0,87,0
1299,1,304,320,0,-133,0
1299,2,48,713,0,-194,0
1299,4,196,58,0,-108,0
1299,5,551,303,0,-73,0
1299,8,196,254,0,-8,0
1299,10,491,181,0,-207,0
1299,12,741,646,0,-92,0
1299,15,73,538,0,-78,0
1299,17,203,141,0,-52,0
1299,69,726,568,0,-258,1
1299,74,677,239,0,-79,0
1299,85,323,599,0,-180,0
1299,99,370,420,0,-163,0
1299,114,573,613,0,38,0
1299,123,267,607,0,-81,0
1299,129,95,437,0,-148,1
1300,0,303,605,0,87,0
1300,1,307,322,0,-125,0
1300,2,47,716,0,-194,0
1300,4,199,59,0,-108,0
1300,5,554,302,0,-73,0
1300,8,196,251,0,-8,0
1300,10,489,183,0,-223,0
1300,12,744,646,0,-92,0
1300,15,76,539,0,-106,0
1300,17,205,138,0,-32,0
1300,69,723,569,0,-258,1
1300,74,680,238,0,-79,0
1300,85,323,602,0,-180,0
1300,99,371,423,0,-171,0
1300,114,571,611,0,38,0
1300,123,270,606,0,-81,0
1300,129,96,440,0,-148,1
1301,0,300,605,0,87,0
1301,1,309,323,0,-125,0
1301,2,46,719,0,-194,0
1301,4,202,60,0,-108,0
1301,5,556,301,0,-68,0
1301,8,197,248,0,-8,0
1301,10,487,186,0,-223,0
1301,12,747,646,0,-92,0
1301,15,79,540,0,-106,0
1301,17,207,136,0,-32,0
1301,69,720,569,0,-258,1
1301,74,683,239,0,-96,0
1301,85,324,605,0,-165,0
1301,99,371,426,0,-171,0
1301,114,570,608,0,11,0
1301,123,273,606,0,-81,0
1301,129,98,442,0,-148,1
1302,0,297,605,0,87,0
1302,1,312,325,0,-125,0
1302,2,45,721,0,-194,0
1302,4,205,61,0,-108,0
1302,5,559,300,0,-68,0
1302,8,197,245,0,-8,0
1302,10,485,188,0,-223,0
1302,12,750,646,0,-92,0
1302,15,82,541,0,-106,0
1302,17,208,133,0,-32,0
1302,69,718,571,0,-239,1
1302,74,686,239,0,-96,0
1302,85,324,608,0,-165,0
1302,99,372,429,0,-159,0
1302,114,570,605,0,5,0
1302,123,276,605,0,-81,0
1302,129,99,445,0,-148,1
1303,0,294,604,0,76,0
1303,1,314,327,0,-127,0
1303,2,44,724,0,-216,0
1303,4,207,63,0,-137,0
1303,5,562,299,0,-68,0
1303,8,198,242,0,-8,0
1303,10,482,190,0,-223,0
1303,12,3,646,0,-92,0
1303,15,85,541,0,-106,0
1303,17,210,130,0,-32,0
1303,69,715,573,0,-239,1
1303,74,689,239,0,-96,0
1303,85,325,611,0,-165,0
1303,99,373,431,0,-159,0
1303,114,570,602,0,5,0
1303,123,279,605,0,-81,0
1303,129,101,447,0,-148,1
1304,0,291,603,0,76,0
1304,1,316,329,0,-135,0
1304,2,42,726,0,-216,0
1304,4,209,65,0,-137,0
1304,5,565,297,0,-68,0
1304,8,198,239,0,-8,0
1304,10,481,193,0,-199,0
1304,12,6,646,0,-92,0
1304,15,88,542,0,-106,0
1304,17,211,128,0,-32,0
1304,69,713,574,0,-239,1
1304,74,691,239,0,-96,0
1304,85,326,614,0,-165,0
1304,99,375,434,0,-159,0
1304,114,570,599,0,5,0
1304,123,282,604,0,-81,0
1304,129,103,450,0,-148,1
1305,0,288,602,0,76,0
1305,1,318,331,0,-135,0
1305,2,40,729,0,-216,0
1305,4,210,68,0,-157,0
1305,5,568,296,0,-68,0
1305,8,199,236,0,-25,0
1305,10,482,196,0,-173,0
1305,12,9,646,0,-92,0
1305,15,91,543,0,-106,0
1305,17,212,125,0,-20,0
1305,69,710,576,0,-239,1
1305,74,694,240,0,-96,0
1305,85,327,617,0,-165,0
1305,99,376,437,0,-159,0
1305,114,569,596,0,5,0
1305,123,285,604,0,-81,0
1305,129,104,452,0,-148,1
1306,0,285,602,0,76,0
1306,1,320,334,0,-151,0
1306,2,38,731,0,-216,0
1306,4,211,70,0,-157,0
1306,5,570,295,0,-68,0
1306,8,202,235,0,-54,0
1306,10,482,199,0,-173,0
1306,12,12,647,0,-92,0
1306,15,94,544,0,-106,0
1306,17,213,122,0,-20,0
1306,69,708,577,0,-239,1
1306,74,697,241,0,-116,0
1306,85,328,620,0,-165,0
1306,99,377,440,0,-159,0
1306,114,569,593,0,5,0
1306,123,288,603,0,-81,0
1306,129,106,455,0,-146,1
1307,0,282,601,0,80,0
1307,1,321,336,0,-151,0
1307,2,37,734,0,-216,0
1307,4,212,73,0,-157,0
1307,5,573,294,0,-68,0
1307,8,204,233,0,-54,0
1307,10,483,202,0,-173,0
1307,12,15,647,0,-92,0
1307,15,97,545,0,-106,0
1307,17,214,119,0,-20,0
1307,69,705,579,0,-239,1
1307,74,700,242,0,-116,0
1307,85,328,623,0,-165,0
1307,99,378,443,0,-159,0
1307,114,569,590,0,5,0
1307,123,291,603,0,-81,0
1307,129,108,457,0,-146,1
1308,0,279,601,0,80,0
1308,1,323,339,0,-141,0
1308,2,35,736,0,-216,0
1308,4,214,76,0,-157,0
1308,5,576,293,0,-68,0
1308,8,207,231,0,-54,0
1308,10,484,204,0,-144,0
1308,12,18,647,0,-92,0
1308,15,100,545,0,-99,0
1308,17,216,117,0,-26,0
1308,69,702,580,0,-239,1
1308,74,703,244,0,-116,0
1308,85,329,625,0,-165,0
1308,99,379,445,0,-159,0
1308,114,568,587,0,5,0
1308,123,294,603,0,-81,0
1308,129,109,460,0,-146,1
1309,0,276,600,0,80,0
1309,1,325,341,0,-141,0
1309,2,33,738,0,-216,0
1309,4,215,79,0,-157,0
1309,5,579,292,0,-68,0
1309,8,209,229,0,-54,0
1309,10,486,207,0,-144,0
1309,12,21,646,0,-78,0
1309,15,102,546,0,-99,0
1309,17,217,114,0,-26,0
1309,69,700,582,0,-239,1
1309,74,705,245,0,-116,0
1309,85,330,628,0,-165,0
1309,99,380,448,0,-159,0
1309,114,568,584,0,5,0
1309,123,296,601,0,-57,0
1309,129,111,462,0,-146,1
1310,0,273,600,0,80,0
1310,1,327,343,0,-141,0
1310,2,31,741,0,-216,0
1310,4,216,81,0,-157,0
1310,5,582,291,0,-68,0
1310,8,212,227,0,-54,0
1310,10,488,209,0,-144,0
1310,12,24,646,0,-78,0
1310,15,105,546,0,-99,0
1310,17,218,111,0,-26,0
1310,69,697,583,0,-239,1
1310,74,708,245,0,-87,0
1310,85,331,631,0,-165,0
1310,99,382,450,0,-141,0
1310,114,568,581,0,5,0
1310,123,299,601,0,-86,0
1310,129,112,465,0,-146,1
1311,0,270,599,0,80,0
1311,1,328,346,0,-150,0
1311,2,30,743,0,-216,0
1311,4,217,84,0,-157,0
1311,5,584,290,0,-68,0
1311,8,214,226,0,-61,0
1311,10,491,210,0,-115,0
1311,12,27,645,0,-78,0
1311,15,108,546,0,-99,0
1311,17,220,109,0,-26,0
1311,69,695,585,0,-239,1
1311,74,711,245,0,-87,0
1311,85,331,634,0,-165,0
1311,99,383,453,0,-163,0
1311,114,568,578,0,5,0
1311,123,302,599,0,-65,0
1311,129,114,467,0,-146,1
1312,0,268,599,0,80,0
1312,1,330,349,0,-150,0
1312,2,28,746,0,-216,0
1312,4,219,86,0,-134,0
1312,5,587,289,0,-68,0
1312,8,217,225,0,-61,0
1312,10,494,210,0,-85,0
1312,12,30,644,0,-78,0
1312,15,111,547,0,-99,0
1312,17,221,106,0,-26,0
1312,69,692,587,0,-239,1
1312,74,714,245,0,-87,0
1312,85,332,637,0,-165,0
1312,99,384,456,0,-163,0
1312,114,567,575,0,5,0
1312,123,305,599,0,-75,0
1312,129,116,470,0,-146,1
1313,0,265,598,0,80,0
1313,1,331,351,0,-150,0
1313,2,26,748,0,-216,0
1313,4,222,88,0,-134,0
1313,5,590,287,0,-68,0
1313,8,219,223,0,-61,0
1313,10,496,208,0,-56,0
1313,12,33,644,0,-78,0
1313,15,114,547,0,-99,0
1313,17,222,103,0,-26,0
1313,69,690,588,0,-239,1
1313,74,717,244,0,-87,0
1313,85,333,640,0,-165,0
1313,99,384,459,0,-163,0
1313,114,567,572,0,5,0
1313,123,308,598,0,-75,0
1313,129,117,472,0,-146,1
1314,0,262,597,0,67,0
1314,1,333,354,0,-150,0
1314,2,24,751,0,-216,0
1314,4,224,90,0,-134,0
1314,5,593,286,0,-68,0
1314,8,222,222,0,-61,0
1314,10,498,207,0,-56,0
1314,12,36,643,0,-78,0
1314,15,117,548,0,-99,0
1314,17,223,100,0,-14,0
1314,69,687,590,0,-239,1
1314,74,720,244,0,-87,0
1314,85,335,642,0,-142,0
1314,99,385,462,0,-163,0
1314,114,567,569,0,5,0
1314,123,311,597,0,-75,0
1314,129,119,475,0,-146,1
1315,0,259,596,0,67,0
1315,1,334,356,0,-150,0
1315,2,23,2,0,-216,0
1315,4,226,93,0,-134,0
1315,5,595,285,0,-68,0
1315,8,225,220,0,-61,0
1315,10,501,205,0,-56,0
1315,12,39,642,0,-78,0
1315,15,120,549,0,-106,0
1315,17,224,97,0,-14,0
1315,69,684,591,0,-239,1
1315,74,723,244,0,-87,0
1315,85,337,645,0,-142,0
1315,99,385,465,0,-193,0
1315,114,566,566,0,5,0
1315,123,313,596,0,-75,0
1315,129,121,477,0,-146,1
1316,0,256,595,0,67,0
1316,1,336,359,0,-150,0
1316,2,21,5,0,-216,0
1316,4,228,95,0,-134,0
1316,5,598,284,0,-68,0
1316,8,227,219,0,-61,0
1316,10,503,203,0,-41,0
1316,12,42,642,0,-78,0
1316,15,123,549,0,-106,0
1316,17,224,95,0,-14,0
1316,69,682,593,0,-239,1
1316,74,726,244,0,-87,0
1316,85,339,647,0,-142,0
1316,99,385,468,0,-182,0
1316,114,567,563,0,-17,0
1316,123,316,595,0,-75,0
1316,129,122,480,0,-146,1
1317,0,253,594,0,67,0
1317,1,337,362,0,-150,0
1317,2,19,7,0,-216,0
1317,4,230,97,0,-134,0
1317,5,601,283,0,-68,0
1317,8,230,217,0,-61,0
1317,10,504,200,0,-21,0
1317,12,44,642,0,-101,0
1317,15,126,550,0,-106,0
1317,17,225,92,0,-14,0
1317,69,679,594,0,-239,1
1317,74,729,245,0,-110,0
1317,85,340,649,0,-142,0
1317,99,384,471,0,-182,0
1317,114,568,560,0,-8,0
1317,123,319,595,0,-75,0
1317,129,124,482,0,-146,1
1318,0,251,592,0,67,0
1318,1,339,364,0,-150,0
1318,2,17,10,0,-216,0
1318,4,232,99,0,-134,0
1318,5,604,282,0,-68,0
1318,8,232,216,0,-61,0
1318,10,505,197,0,-21,0
1318,12,47,643,0,-101,0
1318,15,129,551,0,-106,0
1318,17,225,89,0,10,0
1318,69,678,597,0,-216,1
1318,74,732,246,0,-110,0
1318,85,342,652,0,-142,0
1318,99,384,474,0,-182,0
1318,114,568,557,0,-8,0
1318,123,322,594,0,-75,0
1318,129,126,485,0,-146,1
1319,0,248,591,0,67,0
1319,1,341,366,0,-126,0
1319,2,15,11,0,-238,0
1319,4,234,101,0,-134,0
1319,5,607,281,0,-68,0
1319,8,235,214,0,-61,0
1319,10,506,194,0,-21,0
1319,12,50,644,0,-101,0
1319,15,132,552,0,-106,0
1319,17,224,86,0,10,0
1319,69,676,599,0,-216,1
1319,74,735,247,0,-110,0
1319,85,345,653,0,-121,0
1319,99,384,477,0,-182,0
1319,114,569,554,0,-8,0
1319,123,325,594,0,-99,0
1319,129,127,487,0,-146,1
1320,0,245,590,0,67,0
1320,1,344,368,0,-126,0
1320,2,12,13,0,-238,0
1320,4,237,103,0,-134,0
1320,5,609,280,0,-68,0
1320,8,238,213,0,-61,0
1320,10,507,192,0,-21,0
1320,12,53,644,0,-101,0
1320,15,135,553,0,-106,0
1320,17,223,83,0,10,0
1320,69,674,602,0,-216,1
1320,74,738,248,0,-110,0
1320,85,347,655,0,-121,0
1320,99,384,480,0,-182,0
1320,114,569,551,0,-8,0
1320,123,328,595,0,-99,0
1320,129,129,490,0,-146,1
1321,0,242,589,0,67,0
1321,1,346,369,0,-126,0
1321,2,10,15,0,-238,0
1321,4,239,105,0,-134,0
1321,5,612,278,0,-68,0
1321,8,240,211,0,-61,0
1321,10,508,189,0,-21,0
1321,12,56,645,0,-101,0
1321,15,137,554,0,-106,0
1321,17,223,80,0,10,0
1321,69,672,604,0,-216,1
1321,74,740,249,0,-110,0
1321,85,350,656,0,-121,0
1321,99,384,483,0,-182,0
1321,114,570,548,0,-8,0
1321,123,331,594,0,-77,0
1321,129,131,492,0,-146,1
1322,0,239,588,0,79,0
1322,1,348,371,0,-126,0
1322,2,7,16,0,-238,0
1322,4,241,107,0,-134,0
1322,5,615,277,0,-68,0
1322,8,243,210,0,-61,0
1322,10,510,187,0,-45,0
1322,12,59,646,0,-107,0
1322,15,140,555,0,-106,0
1322,17,223,77,0,-4,0
1322,69,671,607,0,-216,1
1322,74,743,249,0,-88,0
1322,85,353,658,0,-121,0
1322,99,384,486,0,-182,0
1322,114,569,545,0,6,0
1322,123,333,592,0,-49,0
1322,129,132,495,0,-146,1
1323,0,236,588,0,79,0
1323,1,351,373,0,-126,0
1323,2,4,17,0,-263,0
1323,4,243,109,0,-134,0
1323,5,618,276,0,-68,0
1323,8,245,208,0,-61,0
1323,10,513,185,0,-45,0
1323,12,61,647,0,-127,0
1323,15,143,555,0,-106,0
1323,17,223,74,0,-4,0
1323,69,669,609,0,-216,1
1323,74,746,249,0,-88,0
1323,85,355,660,0,-121,0
1323,99,384,489,0,-182,0
1323,114,569,542,0,2,0
1323,123,336,590,0,-49,0
1323,129,134,497,0,-146,1
1324,0,234,587,0,79,0
1324,1,353,374,0,-118,0
1324,2,1,17,0,-263,0
1324,4,245,111,0,-134,0
1324,5,620,275,0,-68,0
1324,8,248,207,0,-61,0
1324,10,515,183,0,-45,0
1324,12,64,649,0,-127,0
1324,15,146,555,0,-91,0
1324,17,222,71,0,18,0
1324,69,667,611,0,-216,1
1324,74,749,249,0,-88,0
1324,85,357,662,0,-149,0
1324,99,384,492,0,-182,0
1324,114,569,539,0,2,0
1324,123,338,588,0,-49,0
1324,129,136,500,0,-146,1
1325,0,231,587,0,79,0
1325,1,356,375,0,-110,0
1325,2,-2,17,0,-263,0
1325,4,247,113,0,-134,0
1325,5,623,274,0,-68,0
1325,8,251,205,0,-61,0
1325,10,517,180,0,-45,0
1325,12,66,651,0,-127,0
1325,15,149,556,0,-91,0
1325,17,221,68,0,18,0
1325,69,665,614,0,-216,1
1325,74,752,249,0,-88,0
1325,85,358,665,0,-149,0
1325,99,383,495,0,-188,0
1325,114,570,536,0,-10,0
1325,123,340,586,0,-49,0
1325,129,137,502,0,-146,1
1326,0,228,586,0,79,0
1326,1,359,375,0,-81,0
1326,2,747,18,0,-263,0
1326,4,250,115,0,-126,0
1326,5,626,273,0,-68,0
1326,8,253,204,0,-61,0
1326,10,519,178,0,-45,0
1326,12,69,653,0,-127,0
1326,15,152,556,0,-91,0
1326,17,221,65,0,18,0
1326,69,663,616,0,-216,1
1326,74,3,249,0,-88,0
1326,85,360,667,0,-149,0
1326,99,383,498,0,-188,0
1326,114,570,533,0,-10,0
1326,123,343,585,0,-76,0
1326,129,139,505,0,-146,1
1327,0,225,586,0,79,0
1327,1,362,374,0,-81,0
1327,2,744,18,0,-263,0
1327,4,252,117,0,-126,0
1327,5,629,272,0,-68,0
1327,8,255,201,0,-34,0
1327,10,521,176,0,-45,0
1327,12,72,653,0,-99,0
1327,15,155,556,0,-91,0
1327,17,220,62,0,18,0
1327,69,662,619,0,-216,1
1327,74,6,249,0,-88,0
1327,85,361,670,0,-149,0
1327,99,383,501,0,-188,0
1327,114,571,530,0,-10,0
1327,123,346,585,0,-76,0
1327,129,141,507,0,-146,1
1328,0,222,585,0,79,0
1328,1,365,374,0,-81,0
1328,2,741,18,0,-263,0
1328,4,255,119,0,-126,0
1328,5,632,271,0,-68,0
1328,8,257,199,0,-34,0
1328,10,523,174,0,-27,0
1328,12,75,654,0,-99,0
1328,15,158,556,0,-91,0
1328,17,219,60,0,18,0
1328,69,660,621,0,-216,1
1328,74,9,249,0,-88,0
1328,85,363,672,0,-149,0
1328,99,382,504,0,-188,0
1328,114,571,527,0,-10,0
1328,123,349,584,0,-76,0
1328,129,142,510,0,-146,1
1329,0,219,585,0,79,0
1329,1,368,374,0,-85,0
1329,2,738,19,0,-263,0
1329,4,257,120,0,-126,0
1329,5,634,269,0,-68,0
1329,8,258,196,0,-34,0
1329,10,524,171,0,-27,0
1329,12,78,654,0,-99,0
1329,15,161,556,0,-91,0
1329,17,218,57,0,18,0
1329,69,658,624,0,-216,1
1329,74,12,248,0,-88,0
1329,85,364,675,0,-149,0
1329,99,382,507,0,-188,0
1329,114,572,524,0,-10,0
1329,123,352,583,0,-76,0
1329,129,144,512,0,-146,1
1330,0,216,584,0,79,0
1330,1,371,373,0,-85,0
1330,2,735,19,0,-263,0
1330,4,260,122,0,-126,0
1330,5,637,268,0,-68,0
1330,8,260,194,0,-34,0
1330,10,525,168,0,-27,0
1330,12,81,655,0,-99,0
1330,15,164,556,0,-91,0
1330,17,217,54,0,18,0
1330,69,656,626,0,-216,1
1330,74,15,248,0,-88,0
1330,85,366,677,0,-139,0
1330,99,381,510,0,-188,0
1330,114,572,521,0,-10,0
1330,123,355,583,0,-76,0
1330,129,145,515,0,-149,1
1331,0,213,583,0,79,0
1331,1,374,373,0,-85,0
1331,2,732,20,0,-263,0
1331,4,262,124,0,-126,0
1331,5,640,267,0,-68,0
1331,8,261,191,0,-14,0
1331,10,527,166,0,-27,0
1331,12,83,655,0,-99,0
1331,15,167,556,0,-91,0
1331,17,216,51,0,18,0
1331,69,655,628,0,-216,1
1331,74,18,248,0,-86,0
1331,85,369,679,0,-123,0
1331,99,381,513,0,-188,0
1331,114,573,518,0,-10,0
1331,123,358,582,0,-76,0
1331,129,147,518,0,-149,1
1332,0,210,584,0,-258,0
1332,1,377,372,0,-63,0
1332,2,729,20,0,-263,0
1332,4,264,126,0,-126,0
1332,5,643,266,0,-68,0
1332,8,262,188,0,-14,0
1332,10,528,163,0,-27,0
1332,12,86,656,0,-99,0
1332,15,170,556,0,-91,0
1332,17,215,48,0,18,0
1332,69,653,631,0,-216,1
1332,74,21,248,0,-86,0
1332,85,371,680,0,-123,0
1332,99,380,516,0,-188,0
1332,114,573,516,0,-10,0
1332,123,360,581,0,-76,0
1332,129,149,520,0,-149,1
1333,0,207,585,0,-258,0
1333,1,380,370,0,-63,0
1333,2,726,20,0,-263,0
1333,4,267,127,0,-126,0
1333,5,646,265,0,-68,0
1333,8,262,185,0,-14,0
1333,10,529,160,0,-27,0
1333,12,89,656,0,-99,0
1333,15,173,556,0,-91,0
1333,17,214,45,0,18,0
1333,69,651,633,0,-216,1
1333,74,24,248,0,-86,0
1333,85,374,682,0,-123,0
1333,99,380,519,0,-188,0
1333,114,574,513,0,-10,0
1333,123,363,580,0,-76,0
1333,129,150,523,0,-149,1
1334,0,204,586,0,-251,0
1334,1,382,369,0,-63,0
1334,2,723,21,0,-263,0
1334,4,269,129,0,-126,0
1334,5,648,263,0,-55,0
1334,8,263,182,0,-14,0
1334,10,531,158,0,-27,0
1334,12,92,657,0,-99,0
1334,15,176,555,0,-66,0
1334,17,213,42,0,18,0
1334,69,649,636,0,-216,1
1334,74,27,247,0,-86,0
1334,85,376,684,0,-123,0
1334,99,380,522,0,-188,0
1334,114,574,510,0,-10,0
1334,123,366,580,0,-76,0
1334,129,152,525,0,-149,1
1335,0,201,587,0,-251,0
1335,4,272,131,0,-126,0
1335,5,650,262,0,-55,0
1335,10,532,155,0,-27,0
1335,12,95,657,0,-99,0
1335,15,179,554,0,-66,0
1335,69,648,638,0,-216,1
1335,74,30,247,0,-86,0
1335,85,379,685,0,-123,0
1335,99,379,525,0,-191,0
1335,114,575,507,0,-10,0
1335,123,369,579,0,-76,0
1335,129,153,528,0,-149,1
1336,0,199,588,0,-251,0
1336,4,274,133,0,-126,0
1336,5,652,259,0,-28,0
1336,10,534,152,0,-27,0
1336,12,98,658,0,-99,0
1336,15,181,552,0,-66,0
1336,69,646,641,0,-216,1
1336,74,33,247,0,-86,0
1336,85,381,687,0,-136,0
1336,99,379,527,0,-191,0
1336,114,576,504,0,-10,0
1336,123,372,578,0,-72,0
1336,129,155,530,0,-149,1
1337,0,196,587,0,83,0
1337,4,277,134,0,-126,0
1337,5,653,256,0,-28,0
1337,10,535,150,0,-27,0
1337,12,101,658,0,-99,0
1337,15,184,551,0,-66,0
1337,69,644,642,0,-233,1
1337,74,36,248,0,-105,0
1337,85,383,690,0,-136,0
1337,99,378,530,0,-191,0
1337,114,576,501,0,-17,0
1337,123,375,577,0,-72,0
1337,129,156,533,0,-149,1
1338,0,193,588,0,-259,0
1338,4,279,136,0,-126,0
1338,5,655,254,0,-28,0
1338,10,536,147,0,-27,0
1338,12,104,658,0,-99,0
1338,15,187,550,0,-66,0
1338,69,641,644,0,-233,1
1338,74,38,250,0,-125,0
1338,85,385,692,0,-136,0
1338,99,377,533,0,-191,0
1338,114,576,498,0,8,0
1338,123,378,577,0,-81,0
1338,129,158,536,0,-149,1
1339,0,190,588,0,-259,0
1339,4,282,138,0,-126,0
1339,5,657,252,0,-53,0
1339,10,538,144,0,-27,0
1339,12,107,659,0,-99,0
1339,15,190,549,0,-66,0
1339,69,639,646,0,-228,1
1339,74,41,251,0,-125,0
1339,85,387,694,0,-136,0
1339,99,377,536,0,-191,0
1339,114,576,495,0,8,0
1339,123,381,576,0,-81,0
1339,129,159,538,0,-149,1
1340,0,187,589,0,-261,0
1340,4,284,140,0,-126,0
1340,5,659,250,0,-53,0
1340,10,539,142,0,-27,0
1340,12,110,659,0,-99,0
1340,15,192,547,0,-66,0
1340,69,637,648,0,-228,1
1340,74,43,253,0,-125,0
1340,85,390,695,0,-115,0
1340,99,376,539,0,-191,0
1340,114,575,492,0,8,0
1340,123,384,575,0,-77,0
1340,129,161,541,0,-149,1
1341,0,184,588,0,76,0
1341,4,286,141,0,-126,0
1341,5,662,248,0,-53,0
1341,10,540,139,0,-12,0
1341,12,113,660,0,-99,0
1341,15,195,546,0,-66,0
1341,69,634,650,0,-228,1
1341,74,46,255,0,-125,0
1341,85,393,696,0,-115,0
1341,99,377,542,0,-167,0
1341,114,575,489,0,8,0
1341,123,387,575,0,-75,0
1341,129,162,543,0,-149,1
1342,0,181,586,0,55,0
1342,4,289,143,0,-126,0
1342,5,664,246,0,-53,0
1342,10,540,136,0,-12,0
1342,12,116,660,0,-99,0
1342,15,198,545,0,-66,0
1342,69,632,652,0,-228,1
1342,74,48,256,0,-125,0
1342,85,395,698,0,-115,0
1342,99,378,545,0,-167,0
1342,114,574,486,0,8,0
1342,123,390,574,0,-75,0
1342,129,164,546,0,-149,1
1343,0,179,585,0,54,0
1343,4,291,145,0,-126,0
1343,5,667,245,0,-53,0
1343,10,541,133,0,-12,0
1343,12,119,661,0,-99,0
1343,15,201,544,0,-66,0
1343,69,631,655,0,-208,1
1343,74,51,258,0,-125,0
1343,85,398,699,0,-115,0
1343,99,378,548,0,-167,0
1343,114,574,483,0,8,0
1343,123,392,573,0,-75,0
1343,129,164,549,0,-179,1
1344,0,177,583,0,54,0
1344,4,294,147,0,-126,0
1344,5,669,243,0,-59,0
1344,10,541,130,0,-8,0
1344,12,122,661,0,-99,0
1344,15,203,542,0,-46,0
1344,69,630,658,0,-200,1
1344,74,53,260,0,-125,0
1344,85,401,700,0,-115,0
1344,99,379,551,0,-167,0
1344,114,574,480,0,8,0
1344,123,395,573,0,-93,0
1344,129,164,552,0,-179,1
1345,0,174,581,0,51,0
1345,4,296,148,0,-126,0
1345,5,672,242,0,-59,0
1345,10,540,127,0,18,0
1345,12,125,662,0,-99,0
1345,15,205,540,0,-46,0
1345,69,629,661,0,-194,1
1345,74,56,261,0,-125,0
1345,85,404,701,0,-113,0
1345,99,380,554,0,-167,0
1345,114,573,477,0,8,0
1345,123,398,573,0,-93,0
1345,129,164,555,0,-179,1
1346,0,171,580,0,70,0
1346,4,299,150,0,-126,0
1346,5,674,240,0,-59,0
1346,10,539,124,0,25,0
1346,12,128,663,0,-115,0
1346,15,207,538,0,-46,0
1346,69,628,664,0,-194,1
1346,74,58,263,0,-125,0
1346,85,406,703,0,-113,0
1346,99,380,557,0,-167,0
1346,114,573,474,0,8,0
1346,123,401,574,0,-93,0
1346,129,165,558,0,-168,1
1347,0,169,579,0,70,0
1347,4,301,152,0,-126,0
1347,5,677,239,0,-59,0
1347,10,539,121,0,13,0
1347,12,130,664,0,-115,0
1347,15,209,535,0,-46,0
1347,69,627,666,0,-207,1
1347,74,61,265,0,-125,0
1347,85,409,704,0,-113,0
1347,99,381,560,0,-167,0
1347,114,572,471,0,8,0
1347,123,404,574,0,-93,0
1347,129,165,561,0,-168,1
1348,0,166,578,0,70,0
1348,4,304,154,0,-126,0
1348,5,680,237,0,-59,0
1348,10,537,119,0,23,0
1348,12,133,665,0,-115,0
1348,15,211,533,0,-46,0
1348,69,626,669,0,-207,1
1348,74,63,267,0,-125,0
1348,85,412,706,0,-125,0
1348,99,382,563,0,-167,0
1348,114,573,468,0,-18,0
1348,123,407,575,0,-114,0
1348,129,166,564,0,-168,1
1349,0,163,577,0,70,0
1349,4,305,156,0,-145,0
1349,5,682,235,0,-59,0
1349,10,536,116,0,23,0
1349,12,135,668,0,-139,0
1349,15,214,531,0,-46,0
1349,69,624,672,0,-207,1
1349,74,66,268,0,-125,0
1349,85,414,707,0,-125,0
1349,99,382,566,0,-167,0
1349,114,575,466,0,-39,0
1349,123,410,576,0,-114,0
1349,129,167,567,0,-168,1
1350,0,160,576,0,70,0
1350,4,307,159,0,-145,0
1350,5,685,234,0,-59,0
1350,10,535,113,0,23,0
1350,12,137,670,0,-139,0
1350,15,216,529,0,-46,0
1350,69,624,674,0,-188,1
1350,74,68,270,0,-134,0
1350,85,416,709,0,-125,0
1350,99,383,568,0,-167,0
1350,114,576,463,0,-21,0
1350,123,413,577,0,-114,0
1350,129,167,570,0,-168,1
1351,0,157,575,0,70,0
1351,4,309,161,0,-135,0
1351,5,687,232,0,-59,0
1351,10,534,110,0,23,0
1351,12,139,672,0,-139,0
1351,15,218,527,0,-46,0
1351,69,622,677,0,-214,1
1351,74,69,273,0,-161,0
1351,85,419,711,0,-125,0
1351,99,384,571,0,-167,0
1351,114,577,460,0,-21,0
1351,123,415,579,0,-114,0
1351,129,168,573,0,-168,1
1352,0,154,574,0,70,0
1352,4,311,163,0,-136,0
1352,5,690,231,0,-59,0
1352,10,533,108,0,23,0
1352,12,140,675,0,-158,0
1352,15,220,525,0,-46,0
1352,69,621,680,0,-203,1
1352,74,70,276,0,-161,0
1352,85,421,712,0,-124,0
1352,99,383,574,0,-190,0
1352,114,578,458,0,-21,0
1352,123,418,580,0,-114,0
1352,129,167,575,0,-186,1
1353,0,152,573,0,70,0
1353,4,313,165,0,-136,0
1353,5,692,229,0,-59,0
1353,10,531,105,0,23,0
1353,12,141,678,0,-158,0
1353,15,222,523,0,-46,0
1353,69,620,682,0,-203,1
1353,74,71,279,0,-161,0
1353,85,424,714,0,-124,0
1353,99,383,577,0,-190,0
1353,114,580,455,0,-21,0
1353,123,421,581,0,-114,0
1353,129,167,578,0,-186,1
1354,0,149,572,0,70,0
1354,4,315,167,0,-136,0
1354,5,695,228,0,-59,0
1354,10,530,102,0,23,0
1354,12,142,681,0,-158,0
1354,15,224,521,0,-46,0
1354,69,619,685,0,-203,1
1354,74,71,282,0,-174,0
1354,85,426,716,0,-124,0
1354,99,382,580,0,-190,0
1354,114,581,452,0,-31,0
1354,123,423,583,0,-131,0
1354,129,166,581,0,-194,1
1355,0,146,571,0,79,0
1355,4,317,169,0,-136,0
1355,5,698,226,0,-59,0
1355,10,529,99,0,23,0
1355,12,144,683,0,-158,0
1355,15,226,519,0,-46,0
1355,69,617,688,0,-203,1
1355,74,71,285,0,-174,0
1355,85,429,717,0,-124,0
1355,99,382,583,0,-190,0
1355,114,583,450,0,-31,0
1355,123,425,585,0,-131,0
1355,129,166,584,0,-197,1
1356,0,143,571,0,79,0
1356,4,319,171,0,-136,0
1356,5,700,225,0,-59,0
1356,10,528,97,0,23,0
1356,12,145,686,0,-158,0
1356,15,228,516,0,-27,0
1356,69,616,691,0,-203,1
1356,74,73,287,0,-147,0
1356,85,431,719,0,-124,0
1356,99,381,586,0,-190,0
1356,114,584,447,0,-31,0
1356,123,428,587,0,-131,0
1356,129,165,587,0,-197,1
1357,0,140,570,0,79,0
1357,4,321,174,0,-153,0
1357,5,703,223,0,-59,0
1357,10,527,94,0,23,0
1357,12,146,689,0,-158,0
1357,15,229,513,0,-27,0
1357,69,615,693,0,-203,1
1357,74,75,290,0,-147,0
1357,85,434,721,0,-124,0
1357,99,380,589,0,-207,0
1357,114,587,445,0,-54,0
1357,123,430,588,0,-119,0
1357,129,164,590,0,-197,1
1358,0,137,570,0,79,0
1358,4,322,177,0,-153,0
1358,5,705,222,0,-59,0
1358,10,525,91,0,23,0
1358,12,147,692,0,-158,0
1358,15,230,511,0,-27,0
1358,69,614,696,0,-203,1
1358,74,77,292,0,-141,0
1358,85,436,722,0,-124,0
1358,99,378,592,0,-207,0
1358,114,589,443,0,-54,0
1358,123,433,590,0,-119,0
1358,129,163,593,0,-197,1
1359,0,134,568,0,59,0
1359,4,324,179,0,-153,0
1359,5,708,221,0,-85,0
1359,10,524,88,0,23,0
1359,12,148,695,0,-158,0
1359,15,232,508,0,-34,0
1359,69,613,699,0,-203,1
1359,74,78,294,0,-141,0
1359,85,439,723,0,-96,0
1359,99,377,594,0,-207,0
1359,114,591,442,0,-54,0
1359,123,435,592,0,-140,0
1359,129,162,596,0,-197,1
1360,0,132,567,0,59,0
1360,4,325,182,0,-153,0
1360,5,711,221,0,-85,0
1360,10,523,86,0,23,0
1360,12,149,697,0,-158,0
1360,15,234,506,0,-28,0
1360,69,611,702,0,-203,1
1360,74,80,297,0,-141,0
1360,85,442,723,0,-96,0
1360,99,376,597,0,-207,0
1360,114,594,441,0,-83,0
1360,123,437,595,0,-140,0
1360,129,161,599,0,-197,1
1361,0,129,565,0,59,0
1361,4,326,185,0,-162,0
1361,5,714,221,0,-85,0
1361,10,522,83,0,23,0
1361,12,150,700,0,-158,0
1361,15,235,503,0,-28,0
1361,69,610,705,0,-203,1
1361,74,82,299,0,-141,0
1361,85,445,723,0,-96,0
1361,99,374,600,0,-207,0
1361,114,597,440,0,-62,0
1361,123,439,597,0,-140,0
1361,129,160,601,0,-197,1
1362,0,127,564,0,59,0
1362,4,327,188,0,-162,0
1362,5,717,219,0,-56,0
1362,10,521,80,0,23,0
1362,12,151,703,0,-158,0
1362,15,236,500,0,-28,0
1362,69,609,707,0,-203,1
1362,74,85,301,0,-130,0
1362,85,448,724,0,-96,0
1362,99,373,602,0,-207,0
1362,114,600,438,0,-62,0
1362,123,441,599,0,-140,0
1362,129,159,604,0,-197,1
1363,0,124,562,0,59,0
1363,4,328,191,0,-162,0
1363,5,719,218,0,-56,0
1363,10,520,77,0,23,0
1363,12,153,706,0,-158,0
1363,15,238,498,0,-28,0
1363,69,608,710,0,-203,1
1363,74,87,303,0,-130,0
1363,85,451,724,0,-96,0
1363,99,372,605,0,-206,0
1363,114,602,437,0,-62,0
1363,123,443,601,0,-140,0
1363,129,159,607,0,-197,1
1364,0,121,561,0,69,0
1364,4,329,194,0,-162,0
1364,5,721,215,0,-37,0
1364,10,518,74,0,23,0
1364,12,154,708,0,-158,0
1364,15,239,495,0,-28,0
1364,69,607,713,0,-203,1
1364,74,89,305,0,-130,0
1364,85,454,724,0,-96,0
1364,99,370,608,0,-206,0
1364,114,605,436,0,-79,0
1364,123,445,604,0,-140,0
1364,129,158,610,0,-197,1
1365,0,118,560,0,69,0
1365,4,331,196,0,-138,0
1365,5,723,213,0,-37,0
1365,10,517,72,0,23,0
1365,12,155,711,0,-158,0
1365,15,241,492,0,-28,0
1365,69,605,715,0,-208,1
1365,74,91,307,0,-130,0
1365,85,457,726,0,-117,0
1365,99,369,610,0,-206,0
1365,114,608,436,0,-79,0
1365,123,446,606,0,-140,0
1365,129,157,613,0,-197,1
1366,0,116,559,0,69,0
1366,4,333,198,0,-138,0
1366,5,725,210,0,-37,0
1366,10,516,69,0,23,0
1366,12,156,714,0,-158,0
1366,15,242,490,0,-26,0
1366,69,604,718,0,-208,1
1366,74,94,309,0,-130,0
1366,85,460,727,0,-117,0
1366,99,368,613,0,-206,0
1366,114,611,435,0,-79,0
1366,123,448,609,0,-153,0
1366,129,156,616,0,-196,1
1367,0,113,558,0,69,0
1367,4,335,200,0,-138,0
1367,5,725,208,0,-15,0
1367,10,515,66,0,23,0
1367,12,157,717,0,-158,0
1367,15,243,487,0,-26,0
1367,69,602,721,0,-214,1
1367,74,96,311,0,-130,0
1367,85,462,728,0,-117,0
1367,99,366,616,0,-206,0
1367,114,614,435,0,-79,0
1367,123,449,611,0,-153,0
1367,129,155,619,0,-196,1
1368,0,110,557,0,69,0
1368,4,337,202,0,-138,0
1368,5,726,205,0,-15,0
1368,10,514,63,0,23,0
1368,12,157,720,0,-174,0
1368,15,245,484,0,-26,0
1368,69,600,723,0,-214,1
1368,74,98,312,0,-130,0
1368,85,465,730,0,-117,0
1368,99,365,618,0,-206,0
1368,114,617,434,0,-79,0
1368,123,451,614,0,-141,0
1368,129,154,622,0,-196,1
1369,0,107,556,0,69,0
1369,4,339,205,0,-138,0
1369,5,727,202,0,-15,0
1369,10,512,61,0,23,0
1369,12,157,723,0,-180,0
1369,15,246,482,0,-26,0
1369,69,599,726,0,-214,1
1369,74,101,314,0,-130,0
1369,85,467,732,0,-135,0
1369,99,364,621,0,-206,0
1369,114,620,434,0,-79,0
1369,123,453,616,0,-141,0
1369,129,154,625,0,-196,1
1370,0,104,555,0,69,0
1370,4,341,207,0,-138,0
1370,5,727,199,0,6,0
1370,10,511,58,0,23,0
1370,12,157,726,0,-180,0
1370,15,247,479,0,-26,0
1370,69,597,728,0,-214,1
1370,74,103,316,0,-130,0
1370,85,470,733,0,-106,0
1370,99,362,624,0,-206,0
1370,114,623,433,0,-79,0
1370,123,455,618,0,-141,0
1370,129,153,627,0,-196,1
1371,0,102,554,0,69,0
1371,4,343,209,0,-138,0
1371,5,726,196,0,6,0
1371,10,510,55,0,23,0
1371,12,157,729,0,-180,0
1371,15,249,476,0,-26,0
1371,69,595,731,0,-214,1
1371,74,105,318,0,-130,0
1371,85,473,734,0,-106,0
1371,99,361,627,0,-206,0
1371,114,626,432,0,-64,0
1371,123,457,621,0,-141,0
1371,129,152,630,0,-196,1
1372,0,99,554,0,-268,0
1372,4,345,211,0,-138,0
1372,5,726,193,0,6,0
1372,10,509,52,0,23,0
1372,12,158,732,0,-164,0
1372,15,250,473,0,-26,0
1372,69,594,733,0,-214,1
1372,74,108,320,0,-130,0
1372,85,476,734,0,-106,0
1372,99,360,629,0,-206,0
1372,114,628,430,0,-64,0
1372,123,459,623,0,-141,0
1372,129,151,633,0,-196,1
1373,0,96,555,0,-252,0
1373,4,347,214,0,-138,0
1373,5,726,190,0,6,0
1373,10,508,50,0,23,0
1373,12,159,735,0,-164,0
1373,15,251,471,0,-13,0
1373,69,592,736,0,-214,1
1373,74,110,322,0,-139,0
1373,85,479,735,0,-106,0
1373,99,358,631,0,-230,0
1373,114,631,429,0,-69,0
1373,123,460,625,0,-141,0
1373,129,150,636,0,-196,1
1374,0,93,556,0,-252,0
1374,4,349,216,0,-138,0
1374,5,725,187,0,6,0
1374,10,507,47,0,23,0
1374,12,160,737,0,-164,0
1374,15,251,468,0,-13,0
1374,69,590,738,0,-214,1
1374,74,112,325,0,-139,0
1374,85,481,736,0,-106,0
1374,99,355,633,0,-230,0
1374,114,634,428,0,-69,0
1374,123,462,628,0,-141,0
1374,129,149,639,0,-196,1
1375,0,90,557,0,-252,0
1375,4,350,218,0,-146,0
1375,5,725,184,0,6,0
1375,10,505,44,0,23,0
1375,12,160,740,0,-179,0
1375,15,252,465,0,-13,0
1375,69,589,741,0,-214,1
1375,74,114,327,0,-139,0
1375,85,484,737,0,-106,0
1375,99,353,635,0,-230,0
1375,114,637,427,0,-69,0
1375,123,464,630,0,-141,0
1375,129,149,642,0,-196,1
1376,0,87,558,0,-247,0
1376,4,352,221,0,-146,0
1376,5,725,181,0,6,0
1376,10,504,41,0,23,0
1376,12,159,743,0,-188,0
1376,15,253,462,0,-13,0
1376,69,587,743,0,-214,1
1376,74,116,329,0,-139,0
1376,85,487,738,0,-106,0
1376,99,351,637,0,-230,0
1376,114,639,426,0,-69,0
1376,123,466,632,0,-141,0
1376,129,148,645,0,-196,1
1377,0,85,559,0,-247,0
1377,4,354,223,0,-146,0
1377,5,725,178,0,6,0
1377,10,503,39,0,23,0
1377,12,159,746,0,-188,0
1377,15,253,459,0,-13,0
1377,69,587,746,0,-185,1
1377,74,118,330,0,-116,0
1377,85,490,739,0,-129,0
1377,99,348,638,0,-245,0
1377,114,642,425,0,-69,0
1377,123,468,635,0,-141,0
1377,129,148,648,0,-186,1
1378,0,82,560,0,-247,0
1378,4,356,226,0,-146,0
1378,5,724,175,0,6,0
1378,10,502,36,0,23,0
1378,12,159,749,0,-188,0
1378,15,254,456,0,-13,0
1378,69,587,749,0,-185,1
1378,74,121,331,0,-96,0
1378,85,492,741,0,-129,0
1378,99,345,639,0,-245,0
1378,114,645,425,0,-89,0
1378,123,470,637,0,-141,0
1378,129,147,651,0,-186,1
1379,0,79,561,0,-247,0
1379,4,356,229,0,-167,0
1379,5,724,172,0,6,0
1379,10,501,33,0,23,0
1379,12,158,752,0,-188,0
1379,15,255,453,0,-13,0
1379,69,586,752,0,-185,1
1379,74,124,331,0,-96,0
1379,85,494,743,0,-129,0
1379,99,342,641,0,-245,0
1379,114,648,425,0,-89,0
1379,123,472,639,0,-141,0
1379,129,147,654,0,-186,1
1380,0,76,562,0,-247,0
1380,4,357,231,0,-167,0
1380,5,724,169,0,6,0
1380,10,499,30,0,23,0
1380,12,158,3,0,-188,0
1380,15,255,450,0,-13,0
1380,69,586,3,0,-185,1
1380,74,127,331,0,-96,0
1380,85,497,745,0,-129,0
1380,99,340,642,0,-245,0
1380,114,651,423,0,-62,0
1380,123,474,642,0,-141,0
1380,129,147,657,0,-186,1
1381,0,74,564,0,-247,0
1381,4,358,234,0,-168,0
1381,5,723,166,0,6,0
1381,10,497,29,0,53,0
1381,12,157,6,0,-201,0
1381,15,256,447,0,-13,0
1381,69,586,6,0,-185,1
1381,74,130,332,0,-96,0
1381,85,499,747,0,-129,0
1381,99,337,643,0,-245,0
1381,114,654,422,0,-62,0
1381,123,475,644,0,-141,0
1381,129,146,660,0,-186,1
1382,0,71,565,0,-234,0
1382,4,358,237,0,-168,0
1382,5,723,163,0,6,0
1382,10,495,27,0,53,0
1382,12,156,9,0,-201,0
1382,15,257,444,0,-26,0
1382,69,585,9,0,-185,1
1382,74,133,332,0,-96,0
1382,85,501,749,0,-129,0
1382,99,334,645,0,-245,0
1382,114,656,421,0,-62,0
1382,123,477,646,0,-141,0
1382,129,147,662,0,-163,1
1383,0,69,567,0,-234,0
1383,4,359,240,0,-168,0
1383,5,721,160,0,31,0
1383,10,492,25,0,53,0
1383,12,155,11,0,-201,0
1383,15,259,442,0,-26,0
1383,69,585,12,0,-185,1
1383,74,136,333,0,-111,0
1383,85,503,751,0,-134,0
1383,99,332,646,0,-245,0
1383,114,659,419,0,-51,0
1383,123,479,649,0,-132,0
1383,129,148,665,0,-163,1
1384,0,66,569,0,-234,0
1384,4,359,243,0,-168,0
1384,5,720,158,0,31,0
1384,10,490,23,0,35,0
1384,12,154,14,0,-189,0
1384,15,260,439,0,-26,0
1384,69,585,15,0,-185,1
1384,74,138,335,0,-126,0
1384,85,506,2,0,-134,0
1384,99,329,647,0,-245,0
1384,114,661,417,0,-51,0
1384,123,482,651,0,-137,0
1384,129,149,668,0,-163,1
1385,0,64,571,0,-234,0
1385,4,360,246,0,-168,0
1385,5,718,155,0,31,0
1385,10,489,20,0,35,0
1385,12,153,17,0,-199,0
1385,15,261,436,0,-26,0
1385,69,585,18,0,-185,1
1385,74,141,337,0,-126,0
1385,85,508,4,0,-134,0
1385,99,326,648,0,-245,0
1385,114,663,415,0,-51,0
1385,123,484,653,0,-137,0
1385,129,150,671,0,-163,1
1386,0,61,572,0,-234,0
1386,4,361,249,0,-168,0
1386,5,717,153,0,31,0
1386,10,487,18,0,35,0
1386,12,152,20,0,-199,0
1386,15,263,434,0,-26,0
1386,69,584,21,0,-185,1
1386,74,143,338,0,-126,0
1386,85,510,6,0,-134,0
1386,99,323,650,0,-245,0
1386,114,666,413,0,-51,0
1386,123,486,655,0,-137,0
1386,129,151,674,0,-163,1
1387,0,59,574,0,-234,0
1387,4,361,252,0,-168,0
1387,5,715,150,0,31,0
1387,10,485,15,0,35,0
1387,12,151,23,0,-199,0
1387,15,264,431,0,-26,0
1387,69,584,24,0,-185,1
1387,74,146,340,0,-126,0
1387,85,512,8,0,-134,0
1387,99,321,651,0,-245,0
1387,114,668,411,0,-51,0
1387,123,488,657,0,-137,0
1387,129,151,677,0,-163,1
1388,0,57,576,0,-234,0
1388,4,362,255,0,-168,0
1388,5,715,147,0,9,0
1388,10,484,13,0,35,0
1388,12,150,26,0,-199,0
1388,15,265,428,0,-26,0
1388,69,584,27,0,-185,1
1388,74,148,342,0,-126,0
1388,85,513,11,0,-156,0
1388,99,318,652,0,-245,0
1388,114,670,409,0,-51,0
1388,123,490,660,0,-138,0
1388,129,152,680,0,-163,1
1389,0,54,578,0,-240,0
1389,4,363,258,0,-168,0
1389,5,714,144,0,9,0
1389,10,482,10,0,35,0
1389,12,149,29,0,-199,0
1389,15,267,426,0,-30,0
1389,69,583,30,0,-185,1
1389,74,151,344,0,-126,0
1389,85,514,14,0,-156,0
1389,99,315,652,0,-265,0
1389,114,673,407,0,-51,0
1389,123,492,662,0,-138,0
1389,129,153,683,0,-163,1
1390,0,52,579,0,-234,0
1390,4,363,261,0,-168,0
1390,5,714,141,0,9,0
1390,10,480,8,0,35,0
1390,12,148,31,0,-199,0
1390,15,268,423,0,-30,0
1390,69,583,33,0,-185,1
1390,74,153,345,0,-126,0
1390,85,516,17,0,-156,0
1390,99,312,653,0,-265,0
1390,114,675,406,0,-51,0
1390,123,494,664,0,-138,0
1390,129,154,685,0,-163,1
1391,0,49,581,0,-234,0
1391,4,364,264,0,-168,0
1391,5,714,138,0,6,0
1391,10,478,5,0,35,0
1391,12,147,34,0,-199,0
1391,15,270,421,0,-47,0
1391,69,582,35,0,-209,1
1391,74,155,347,0,-126,0
1391,85,517,19,0,-156,0
1391,99,309,653,0,-265,0
1391,114,677,404,0,-51,0
1391,123,496,666,0,-138,0
1391,129,155,688,0,-163,1
1392,0,47,583,0,-234,0
1392,4,365,266,0,-155,0
1392,5,712,136,0,33,0
1392,10,477,3,0,35,0
1392,12,145,36,0,-223,0
1392,15,273,419,0,-47,0
1392,69,580,38,0,-209,1
1392,74,158,349,0,-126,0
1392,85,518,22,0,-156,0
1392,99,306,653,0,-265,0
1392,114,680,403,0,-79,0
1392,123,498,669,0,-138,0
1392,129,156,691,0,-163,1
1393,0,44,585,0,-234,0
1393,4,366,269,0,-155,0
1393,5,710,133,0,33,0
1393,10,475,1,0,35,0
1393,12,143,39,0,-223,0
1393,15,273,416,0,-18,0
1393,69,579,41,0,-209,1
1393,74,161,350,0,-107,0
1393,85,519,25,0,-156,0
1393,99,303,653,0,-265,0
1393,114,682,401,0,-51,0
1393,123,500,671,0,-138,0
1393,129,157,694,0,-163,1
1394,0,42,586,0,-234,0
1394,4,368,272,0,-155,0
1394,5,709,131,0,33,0
1394,10,473,-2,0,35,0
1394,12,141,41,0,-223,0
1394,15,274,413,0,-18,0
1394,69,578,44,0,-188,1
1394,74,163,351,0,-122,0
1394,85,521,27,0,-141,0
1394,99,300,654,0,-265,0
1394,114,684,399,0,-28,0
1394,123,502,673,0,-138,0
1394,129,158,697,0,-163,1
1395,0,39,588,0,-234,0
1395,4,369,275,0,-155,0
1395,5,706,129,0,49,0
1395,10,471,748,0,35,0
1395,12,139,43,0,-223,0
1395,15,275,410,0,-2,0
1395,69,578,47,0,-188,1
1395,74,165,354,0,-145,0
1395,85,523,29,0,-141,0
1395,99,297,654,0,-265,0
1395,114,685,396,0,-19,0
1395,123,504,675,0,-138,0
1395,129,158,700,0,-163,1
1396,0,37,590,0,-234,0
1396,4,370,277,0,-160,0
1396,5,705,126,0,38,0
1396,10,470,745,0,35,0
1396,12,137,45,0,-223,0
1396,15,275,407,0,-2,0
1396,69,578,50,0,-188,1
1396,74,167,356,0,-145,0
1396,85,524,32,0,-167,0
1396,99,294,654,0,-265,0
1396,114,686,393,0,-19,0
1396,123,506,677,0,-138,0
1396,129,159,703,0,-163,1
1397,0,35,592,0,-234,0
1397,4,372,280,0,-136,0
1397,5,703,124,0,38,0
1397,10,468,743,0,35,0
1397,12,135,47,0,-223,0
1397,15,275,404,0,-2,0
1397,69,577,53,0,-188,1
1397,74,169,358,0,-126,0
1397,85,524,35,0,-167,0
1397,99,291,653,0,69,0
1397,114,687,390,0,-19,0
1397,123,508,680,0,-138,0
1397,129,159,706,0,-177,1
1398,0,32,593,0,-234,0
1398,4,374,282,0,-136,0
1398,5,701,122,0,38,0
1398,10,466,740,0,35,0
1398,12,133,50,0,-223,0
1398,15,275,401,0,-2,0
1398,69,577,56,0,-188,1
1398,74,172,360,0,-126,0
1398,85,526,38,0,-159,0
1398,99,288,652,0,69,0
1398,114,688,387,0,-19,0
1398,123,510,682,0,-138,0
1398,129,160,709,0,-177,1
1399,0,29,595,0,-242,0
1399,4,376,284,0,-136,0
1399,5,699,119,0,38,0
1399,10,464,738,0,35,0
1399,12,131,52,0,-223,0
1399,15,275,398,0,-2,0
1399,69,576,59,0,-188,1
1399,74,174,362,0,-133,0
1399,85,527,41,0,-159,0
1399,99,286,651,0,69,0
1399,114,689,384,0,-19,0
1399,123,512,684,0,-138,0
1399,129,159,712,0,-192,1
1400,0,27,596,0,-242,0
1400,4,378,286,0,-136,0
1400,5,697,117,0,38,0
1400,10,463,735,0,35,0
1400,12,129,54,0,-223,0
1400,15,275,395,0,-2,0
1400,69,576,62,0,-188,1
1400,74,176,364,0,-133,0
1400,85,528,44,0,-159,0
1400,99,283,650,0,69,0
1400,114,689,381,0,1,0
1400,123,514,686,0,-138,0
1400,129,158,715,0,-192,1
1401,0,24,598,0,-242,0
1401,4,381,287,0,-113,0
1401,5,695,115,0,58,0
1401,10,461,733,0,35,0
1401,12,127,56,0,-223,0
1401,15,275,392,0,-2,0
1401,69,576,65,0,-188,1
1401,85,529,47,0,-159,0
1401,99,280,649,0,69,0
1401,114,689,378,0,1,0
1401,123,516,689,0,-138,0
1401,129,157,717,0,-209,1
1402,0,21,599,0,-242,0
1402,4,384,288,0,-113,0
1402,5,692,114,0,58,0
1402,10,459,730,0,35,0
1402,12,125,58,0,-223,0
1402,15,275,389,0,-2,0
1402,69,575,67,0,-188,1
1402,85,530,49,0,-159,0
1402,99,277,648,0,71,0
1402,114,689,375,0,1,0
1402,123,517,691,0,-138,0
1402,129,155,720,0,-209,1
1403,0,19,599,0,-261,0
1403,4,386,290,0,-113,0
1403,5,690,112,0,58,0
1403,10,457,728,0,35,0
1403,12,123,61,0,-223,0
1403,15,275,386,0,-2,0
1403,69,575,70,0,-188,1
1403,85,532,52,0,-144,0
1403,99,274,647,0,71,0
1403,114,689,372,0,1,0
1403,123,519,693,0,-138,0
1403,129,154,722,0,-209,1
1404,0,16,600,0,-261,0
1404,4,389,291,0,-113,0
1404,5,687,110,0,58,0
1404,10,455,726,0,40,0
1404,12,121,63,0,-223,0
1404,15,275,383,0,-2,0
1404,69,574,73,0,-188,1
1404,85,533,54,0,-144,0
1404,99,272,646,0,71,0
1404,114,688,369,0,1,0
1404,123,521,695,0,-138,0
1404,129,153,725,0,-209,1
1405,0,13,600,0,-261,0
1405,4,392,291,0,-95,0
1405,5,684,109,0,58,0
1405,10,454,723,0,40,0
1405,12,119,65,0,-211,0
1405,15,275,380,0,-2,0
1405,69,574,76,0,-188,1
1405,85,535,57,0,-144,0
1405,99,269,646,0,-270,0
1405,114,688,366,0,1,0
1405,123,523,698,0,-138,0
1405,129,151,728,0,-209,1
1406,0,10,601,0,-261,0
1406,4,395,291,0,-95,0
1406,5,682,107,0,58,0
1406,10,452,721,0,43,0
1406,12,118,68,0,-211,0
1406,15,275,377,0,-2,0
1406,69,574,79,0,-188,1
1406,85,536,60,0,-171,0
1406,99,266,646,0,-270,0
1406,114,689,363,0,-6,0
1406,123,525,700,0,-138,0
1406,129,150,730,0,-209,1
1407,0,7,601,0,-261,0
1407,4,398,292,0,-95,0
1407,5,679,106,0,58,0
1407,10,450,719,0,43,0
1407,12,116,71,0,-211,0
1407,15,275,374,0,10,0
1407,69,575,82,0,-160,1
1407,85,536,63,0,-171,0
1407,99,263,647,0,-250,0
1407,114,690,361,0,-33,0
1407,123,526,703,0,-168,0
1407,129,148,733,0,-209,1
1408,0,4,602,0,-261,0
1408,4,401,293,0,-109,0
1408,5,677,104,0,45,0
1408,10,447,717,0,43,0
1408,12,115,73,0,-211,0
1408,15,274,371,0,10,0
1408,69,576,85,0,-160,1
1408,85,536,66,0,-171,0
1408,99,260,647,0,-269,0
1408,114,692,358,0,-33,0
1408,123,527,706,0,-157,0
1408,129,147,736,0,-209,1
1409,0,1,602,0,-261,0
1409,4,404,294,0,-109,0
1409,5,675,101,0,45,0
1409,10,445,715,0,43,0
1409,12,113,76,0,-211,0
1409,15,273,369,0,33,0
1409,69,577,88,0,-160,1
1409,85,537,68,0,-164,0
1409,99,257,647,0,-269,0
1409,114,693,355,0,-12,0
1409,123,528,708,0,-157,0
1409,129,145,738,0,-227,1
1410,0,-2,603,0,-261,0
1410,4,407,295,0,-114,0
1410,5,673,99,0,39,0
1410,10,443,712,0,43,0
1410,12,112,78,0,-211,0
1410,15,271,366,0,33,0
1410,69,578,91,0,-157,1
1410,85,538,71,0,-164,0
1410,99,254,647,0,-269,0
1410,114,693,352,0,-12,0
1410,123,530,711,0,-157,0
1410,129,142,740,0,-227,1
1411,0,747,602,0,85,0
1411,4,409,296,0,-114,0
1411,5,671,97,0,39,0
1411,10,441,710,0,43,0
1411,12,110,81,0,-211,0
1411,15,269,364,0,33,0
1411,69,579,93,0,-157,1
1411,85,537,74,0,-194,0
1411,99,251,647,0,-269,0
1411,114,694,349,0,-12,0
1411,123,531,714,0,-152,0
1411,129,140,742,0,-227,1
1412,0,744,602,0,85,0
1412,4,412,297,0,-114,0
1412,5,670,94,0,39,0
1412,10,439,708,0,43,0
1412,12,109,83,0,-211,0
1412,15,268,361,0,33,0
1412,69,580,96,0,-157,1
1412,85,537,77,0,-194,0
1412,99,248,647,0,-269,0
1412,114,694,347,0,-12,0
1412,123,532,716,0,-152,0
1412,129,138,744,0,-227,1
1413,0,741,602,0,85,0
1413,4,415,297,0,-86,0
1413,5,668,92,0,39,0
1413,10,439,705,0,13,0
1413,12,107,86,0,-211,0
1413,15,266,359,0,33,0
1413,69,581,99,0,-157,1
1413,85,536,80,0,-194,0
1413,99,245,647,0,-269,0
1413,114,695,344,0,-12,0
1413,123,534,719,0,-152,0
1413,129,136,746,0,-227,1
1414,0,738,603,0,-252,0
1414,4,418,297,0,-94,0
1414,5,666,90,0,39,0
1414,10,437,703,0,41,0
1414,12,106,89,0,-211,0
1414,15,264,356,0,33,0
1414,69,583,102,0,-157,1
1414,85,535,83,0,-194,0
1414,99,242,648,0,-269,0
1414,114,696,341,0,-12,0
1414,123,535,722,0,-152,0
1414,129,134,748,0,-227,1
1415,0,735,604,0,-252,0
1415,4,421,297,0,-94,0
1415,5,665,87,0,21,0
1415,10,435,701,0,41,0
1415,12,104,91,0,-211,0
1415,15,263,354,0,33,0
1415,69,584,104,0,-157,1
1415,85,535,86,0,-194,0
1415,99,239,648,0,-269,0
1415,114,696,338,0,-12,0
1415,123,537,724,0,-152,0
1415,129,131,750,0,-227,1
1416,0,732,605,0,-252,0
1416,4,424,298,0,-94,0
1416,5,664,84,0,21,0
1416,10,433,698,0,41,0
1416,12,103,94,0,-211,0
1416,15,261,351,0,33,0
1416,69,585,107,0,-157,1
1416,85,534,89,0,-194,0
1416,99,236,648,0,-269,0
1416,114,697,335,0,-23,0
1416,123,538,727,0,-152,0
1416,129,129,752,0,-227,1
1417,0,730,606,0,-252,0
1417,4,427,298,0,-94,0
1417,5,663,81,0,21,0
1417,10,431,696,0,41,0
1417,12,102,97,0,-187,0
1417,15,259,349,0,33,0
1417,69,586,110,0,-157,1
1417,85,533,92,0,-194,0
1417,99,233,648,0,-269,0
1417,114,699,332,0,-23,0
1417,123,539,730,0,-152,0
1417,129,128,3,0,-202,1
1418,0,727,607,0,-252,0
1418,4,430,298,0,-94,0
1418,5,661,79,0,27,0
1418,10,430,693,0,22,0
1418,12,102,100,0,-190,0
1418,15,258,346,0,33,0
1418,69,588,112,0,-144,1
1418,85,532,95,0,-194,0
1418,99,230,648,0,-269,0
1418,114,700,329,0,-23,0
1418,123,541,732,0,-152,0
1418,129,127,6,0,-202,1
1419,0,724,607,0,-254,0
1419,4,433,298,0,-94,0
1419,5,660,76,0,27,0
1419,10,428,690,0,22,0
1419,12,101,103,0,-190,0
1419,15,256,344,0,33,0
1419,69,590,115,0,-144,1
1419,85,532,98,0,-194,0
1419,99,227,648,0,-269,0
1419,114,701,327,0,-23,0
1419,123,542,735,0,-152,0
1419,129,126,8,0,-202,1
1420,0,721,608,0,-254,0
1420,4,436,298,0,-94,0
1420,5,659,73,0,27,0
1420,10,427,688,0,29,0
1420,12,101,106,0,-190,0
1420,15,254,341,0,33,0
1420,69,591,117,0,-144,1
1420,85,531,100,0,-194,0
1420,99,224,648,0,-269,0
1420,114,702,324,0,-23,0
1420,123,544,738,0,-152,0
1420,129,125,11,0,-202,1
1421,0,718,609,0,-254,0
1421,4,439,299,0,-94,0
1421,5,657,71,0,27,0
1421,10,426,685,0,29,0
1421,12,100,109,0,-190,0
1421,15,252,339,0,47,0
1421,69,593,120,0,-144,1
1421,85,530,103,0,-194,0
1421,99,221,648,0,-269,0
1421,114,703,321,0,-23,0
1421,123,545,740,0,-152,0
1421,129,123,14,0,-202,1
1422,0,715,610,0,-254,0
1422,4,442,299,0,-87,0
1422,5,656,68,0,27,0
1422,10,424,683,0,29,0
1422,12,100,112,0,-177,0
1422,15,250,337,0,47,0
1422,69,595,122,0,-147,1
1422,85,530,106,0,-185,0
1422,99,218,650,0,-239,0
1422,114,705,319,0,-38,0
1422,123,546,743,0,-152,0
1422,129,122,17,0,-202,1
1423,0,712,611,0,-254,0
1423,4,445,298,0,-84,0
1423,5,654,65,0,27,0
1423,10,423,680,0,29,0
1423,12,100,115,0,-177,0
1423,15,247,336,0,62,0
1423,69,596,125,0,-147,1
1423,85,529,109,0,-211,0
1423,99,216,651,0,-239,0
1423,114,706,316,0,-23,0
1423,123,547,746,0,-160,0
1423,129,121,19,0,-202,1
1424,0,710,612,0,-238,0
1424,4,448,298,0,-84,0
1424,5,653,63,0,27,0
1424,10,421,677,0,29,0
1424,12,101,118,0,-177,0
1424,15,245,334,0,62,0
1424,69,598,127,0,-144,1
1424,85,527,111,0,-211,0
1424,99,213,653,0,-239,0
1424,114,706,313,0,-4,0
1424,123,548,749,0,-160,0
1424,129,120,22,0,-202,1
1425,0,707,614,0,-238,0
1425,4,451,298,0,-99,0
1425,5,652,60,0,27,0
1425,10,420,675,0,29,0
1425,12,101,121,0,-177,0
1425,15,242,333,0,59,0
1425,69,600,129,0,-144,1
1425,85,526,114,0,-209,0
1425,99,211,655,0,-227,0
1425,114,706,310,0,0,0
1425,123,549,751,0,-160,0
1425,129,119,25,0,-202,1
1426,0,704,614,0,-262,0
1426,4,454,299,0,-102,0
1426,5,650,57,0,27,0
1426,10,418,672,0,29,0
1426,12,101,124,0,-177,0
1426,15,240,331,0,59,0
1426,69,602,132,0,-144,1
1426,85,524,117,0,-209,0
1426,99,209,657,0,-227,0
1426,114,706,307,0,0,0
1426,123,551,3,0,-160,0
1426,129,118,28,0,-202,1
1427,0,701,615,0,-262,0
1427,4,457,300,0,-102,0
1427,5,649,54,0,27,0
1427,10,417,670,0,29,0
1427,12,101,127,0,-177,0
1427,15,237,330,0,59,0
1427,69,603,135,0,-157,1
1427,85,523,119,0,-209,0
1427,99,206,659,0,-227,0
1427,114,705,304,0,23,0
1427,123,552,6,0,-160,0
1427,129,117,31,0,-202,1
1428,0,698,615,0,-262,0
1428,4,460,300,0,-102,0
1428,5,649,51,0,4,0
1428,10,415,667,0,32,0
1428,12,101,130,0,-177,0
1428,15,234,328,0,59,0
1428,69,604,137,0,-157,1
1428,85,521,122,0,-209,0
1428,99,204,661,0,-227,0
1428,114,704,302,0,23,0
1428,123,553,8,0,-160,0
1428,129,115,33,0,-202,1
1429,0,695,615,0,-262,0
1429,4,463,301,0,-102,0
1429,5,649,48,0,4,0
1429,10,413,665,0,48,0
1429,12,101,133,0,-177,0
1429,15,232,327,0,59,0
1429,69,605,140,0,-157,1
1429,85,520,125,0,-209,0
1429,99,202,663,0,-227,0
1429,114,703,299,0,23,0
1429,123,554,11,0,-160,0
1429,129,114,36,0,-202,1
1430,0,692,616,0,-262,0
1430,4,466,302,0,-102,0
1430,5,648,46,0,4,0
1430,10,411,663,0,48,0
1430,12,102,136,0,-177,0
1430,15,230,325,0,44,0
1430,69,606,143,0,-157,1
1430,85,518,127,0,-209,0
1430,99,200,665,0,-227,0
1430,114,702,296,0,23,0
1430,123,555,14,0,-160,0
1430,129,113,39,0,-202,1
1431,0,690,617,0,-243,0
1431,4,469,302,0,-102,0
1431,5,648,43,0,4,0
1431,10,408,661,0,48,0
1431,12,102,139,0,-177,0
1431,15,228,322,0,44,0
1431,69,606,146,0,-182,1
1431,85,517,130,0,-209,0
1431,99,198,667,0,-227,0
1431,114,701,293,0,23,0
1431,123,556,17,0,-160,0
1431,129,112,42,0,-202,1
1432,0,687,619,0,-243,0
1432,4,472,303,0,-102,0
1432,5,648,40,0,4,0
1432,10,406,659,0,48,0
1432,12,102,142,0,-177,0
1432,15,226,320,0,44,0
1432,69,606,149,0,-182,1
1432,85,515,133,0,-209,0
1432,99,195,669,0,-227,0
1432,114,699,290,0,23,0
1432,123,557,20,0,-164,0
1432,129,111,44,0,-202,1
1433,0,684,620,0,-243,0
1433,4,474,303,0,-102,0
1433,5,648,37,0,4,0
1433,10,404,657,0,48,0
1433,12,103,144,0,-156,0
1433,15,224,318,0,44,0
1433,69,606,152,0,-182,1
1433,85,514,135,0,-209,0
1433,99,193,671,0,-227,0
1433,114,698,288,0,23,0
1433,123,558,22,0,-154,0
1433,129,110,47,0,-202,1
1434,0,682,621,0,-243,0
1434,4,477,304,0,-102,0
1434,5,648,34,0,-7,0
1434,10,402,655,0,36,0
1434,12,104,147,0,-156,0
1434,15,222,316,0,36,0
1434,69,606,155,0,-182,1
1434,85,513,138,0,-209,0
1434,99,190,672,0,-244,0
1434,114,697,285,0,23,0
1434,123,559,25,0,-154,0
1434,129,109,50,0,-202,1
1435,0,679,623,0,-243,0
1435,4,480,305,0,-117,0
1435,5,649,31,0,-7,0
1435,10,400,652,0,36,0
1435,12,106,150,0,-156,0
1435,15,220,313,0,36,0
1435,69,606,158,0,-182,1
1435,85,511,140,0,-209,0
1435,99,188,674,0,-244,0
1435,114,696,282,0,23,0
1435,123,560,28,0,-154,0
1435,129,107,53,0,-202,1
1436,0,676,624,0,-243,0
1436,4,483,307,0,-117,0
1436,5,649,28,0,-7,0
1436,10,399,650,0,36,0
1436,12,107,153,0,-156,0
1436,15,218,311,0,36,0
1436,69,606,161,0,-182,1
1436,85,509,143,0,-224,0
1436,99,185,675,0,-244,0
1436,114,695,279,0,23,0
1436,123,562,31,0,-154,0
1436,129,105,55,0,-223,1
1437,0,674,625,0,-243,0
1437,4,485,308,0,-117,0
1437,5,651,25,0,-32,0
1437,10,397,647,0,36,0
1437,12,107,155,0,-172,0
1437,15,216,309,0,38,0
1437,69,606,164,0,-182,1
1437,85,507,145,0,-224,0
1437,99,182,676,0,-244,0
1437,114,694,277,0,23,0
1437,123,563,33,0,-154,0
1437,129,103,57,0,-223,1
1438,0,671,627,0,-234,0
1438,4,488,309,0,-117,0
1438,5,651,22,0,-6,0
1438,10,395,645,0,36,0
1438,12,108,158,0,-172,0
1438,15,215,306,0,38,0
1438,69,606,167,0,-182,1
1438,85,505,147,0,-224,0
1438,99,179,676,0,86,0
1438,114,692,274,0,23,0
1438,123,564,36,0,-159,0
1438,129,101,59,0,-223,1
1439,0,669,629,0,-234,0
1439,4,491,311,0,-117,0
1439,5,653,20,0,-34,0
1439,10,393,642,0,36,0
1439,12,108,161,0,-172,0
1439,15,213,304,0,38,0
1439,69,606,170,0,-163,1
1439,85,504,150,0,-194,0
1439,99,176,676,0,86,0
1439,114,691,271,0,23,0
1439,123,564,39,0,-179,0
1439,129,99,61,0,-223,1
1440,0,666,631,0,-234,0
1440,4,494,312,0,-117,0
1440,5,654,17,0,-34,0
1440,10,391,641,0,54,0
1440,12,108,164,0,-172,0
1440,15,211,301,0,33,0
1440,69,607,173,0,-163,1
1440,85,502,152,0,-215,0
1440,99,173,675,0,86,0
1440,114,690,268,0,23,0
1440,123,564,42,0,-179,0
1440,129,97,64,0,-223,1
1441,0,664,632,0,-234,0
1441,4,496,313,0,-117,0
1441,5,656,15,0,-34,0
1441,10,389,639,0,54,0
1441,12,109,167,0,-172,0
1441,15,210,298,0,22,0
1441,69,608,176,0,-163,1
1441,85,502,155,0,-186,0
1441,99,170,675,0,86,0
1441,114,689,265,0,10,0
1441,123,563,45,0,-201,0
1441,129,95,66,0,-223,1
1442,0,662,634,0,-234,0
1442,4,498,316,0,-142,0
1442,5,658,12,0,-34,0
1442,10,386,637,0,54,0
1442,12,109,170,0,-172,0
1442,15,209,296,0,22,0
1442,69,609,178,0,-163,1
1442,85,503,158,0,-156,0
1442,99,167,675,0,86,0
1442,114,689,263,0,10,0
1442,123,562,48,0,-201,0
1442,129,94,69,0,-201,1
1443,0,659,636,0,-234,0
1443,4,500,318,0,-147,0
1443,5,659,10,0,-34,0
1443,10,384,635,0,54,0
1443,12,110,173,0,-172,0
1443,15,208,293,0,22,0
1443,69,611,181,0,-139,1
1443,85,505,161,0,-156,0
1443,99,165,674,0,66,0
1443,114,688,260,0,28,0
1443,123,561,51,0,-201,0
1443,129,93,72,0,-190,1
1444,0,657,638,0,-234,0
1444,4,501,321,0,-147,0
1444,5,661,7,0,-34,0
1444,10,381,634,0,54,0
1444,12,110,176,0,-172,0
1444,15,207,290,0,22,0
1444,69,613,183,0,-139,1
1444,85,506,164,0,-156,0
1444,99,162,673,0,66,0
1444,114,686,257,0,28,0
1444,123,561,53,0,-177,0
1444,129,93,75,0,-190,1
1445,0,655,640,0,-222,0
1445,4,503,323,0,-147,0
1445,5,663,5,0,-34,0
1445,10,379,632,0,54,0
1445,12,111,179,0,-172,0
1445,15,205,288,0,31,0
1445,69,615,185,0,-139,1
1445,85,507,166,0,-156,0
1445,99,159,672,0,77,0
1445,114,685,255,0,32,0
1445,123,561,56,0,-177,0
1445,129,91,77,0,-215,1
1446,0,652,642,0,-239,0
1446,4,505,326,0,-147,0
1446,5,665,2,0,-34,0
1446,10,376,631,0,71,0
1446,12,111,182,0,-172,0
1446,15,204,285,0,31,0
1446,69,617,188,0,-139,1
1446,85,508,169,0,-156,0
1446,99,156,671,0,77,0
1446,114,683,252,0,32,0
1446,123,562,59,0,-177,0
1446,129,89,79,0,-223,1
1447,0,651,644,0,-209,0
1447,4,506,328,0,-147,0
1447,5,667,0,0,-43,0
1447,10,373,630,0,71,0
1447,12,111,185,0,-172,0
1447,15,202,282,0,31,0
1447,69,619,190,0,-139,1
1447,85,509,172,0,-156,0
1447,99,153,670,0,77,0
1447,114,682,249,0,12,0
1447,123,562,62,0,-177,0
1447,129,87,81,0,-223,1
1448,0,649,647,0,-209,0
1448,4,508,331,0,-147,0
1448,5,669,-1,0,-62,0
1448,10,370,629,0,71,0
1448,12,112,188,0,-172,0
1448,15,201,280,0,31,0
1448,69,621,192,0,-126,1
1448,85,510,175,0,-156,0
1448,99,150,670,0,77,0
1448,114,682,246,0,12,0
1448,123,562,65,0,-177,0
1448,129,86,84,0,-203,1
1449,0,647,648,0,-236,0
1449,4,509,333,0,-147,0
1449,5,672,748,0,-52,0
1449,10,367,628,0,71,0
1449,12,113,191,0,-153,0
1449,15,199,277,0,31,0
1449,69,624,193,0,-126,1
1449,85,512,177,0,-157,0
1449,99,147,669,0,77,0
1449,114,681,243,0,12,0
1449,123,562,68,0,-177,0
1449,129,84,87,0,-213,1
1450,0,644,650,0,-236,0
1450,4,511,336,0,-147,0
1450,5,674,746,0,-52,0
1450,10,365,627,0,71,0
1450,12,115,193,0,-144,0
1450,15,197,275,0,31,0
1450,69,626,195,0,-126,1
1450,85,513,180,0,-142,0
1450,99,144,669,0,86,0
1450,114,681,240,0,12,0
1450,123,562,71,0,-177,0
1450,129,83,89,0,-213,1
1451,0,642,652,0,-217,0
1451,4,513,338,0,-126,0
1451,5,676,744,0,-52,0
1451,10,362,626,0,71,0
1451,12,117,196,0,-144,0
1451,15,196,272,0,31,0
1451,69,628,197,0,-126,1
1451,85,515,182,0,-142,0
1451,99,141,669,0,86,0
1451,114,679,238,0,38,0
1451,123,562,74,0,-197,0
1451,129,81,92,0,-213,1
1452,0,641,655,0,-217,0
1452,4,516,340,0,-126,0
1452,5,679,743,0,-52,0
1452,10,359,625,0,71,0
1452,12,118,198,0,-144,0
1452,15,194,269,0,31,0
1452,69,631,198,0,-108,1
1452,85,517,184,0,-142,0
1452,99,138,668,0,86,0
1452,114,677,236,0,38,0
1452,123,561,77,0,-197,0
1452,129,79,94,0,-213,1
1453,0,639,657,0,-217,0
1453,4,518,342,0,-146,0
1453,5,681,741,0,-57,0
1453,10,356,624,0,71,0
1453,12,120,201,0,-144,0
1453,15,193,267,0,31,0
1453,69,634,199,0,-108,1
1453,85,519,187,0,-142,0
1453,99,135,668,0,86,0
1453,114,674,234,0,53,0
1453,123,560,80,0,-197,0
1453,129,78,97,0,-213,1
1454,0,637,660,0,-219,0
1454,4,519,344,0,-146,0
1454,5,684,739,0,-53,0
1454,10,353,623,0,75,0
1454,12,122,203,0,-144,0
1454,15,191,264,0,30,0
1454,69,637,200,0,-108,1
1454,85,521,189,0,-142,0
1454,99,132,668,0,86,0
1454,114,673,231,0,35,0
1454,123,559,83,0,-197,0
1454,129,76,99,0,-213,1
1455,0,635,662,0,-219,0
1455,4,521,347,0,-146,0
1455,5,686,737,0,-53,0
1455,10,350,623,0,76,0
1455,12,124,205,0,-144,0
1455,15,190,262,0,30,0
1455,69,640,200,0,-88,1
1455,85,523,192,0,-146,0
1455,99,129,667,0,73,0
1455,114,671,229,0,47,0
1455,123,558,86,0,-197,0
1455,129,74,102,0,-213,1
1456,0,633,664,0,-219,0
1456,4,523,349,0,-146,0
1456,5,688,735,0,-53,0
1456,10,347,622,0,76,0
1456,12,126,208,0,-144,0
1456,15,188,259,0,30,0
1456,69,643,199,0,-88,1
1456,85,524,194,0,-146,0
1456,99,127,665,0,44,0
1456,114,668,227,0,47,0
1456,123,557,89,0,-201,0
1456,129,73,104,0,-213,1
1457,0,631,667,0,-219,0
1457,4,524,352,0,-158,0
1457,5,691,734,0,-53,0
1457,10,344,621,0,76,0
1457,12,127,210,0,-143,0
1457,15,188,256,0,3,0
1457,69,646,199,0,-88,1
1457,85,526,197,0,-146,0
1457,99,125,664,0,64,0
1457,114,666,225,0,47,0
1457,123,556,91,0,-201,0
1457,129,71,107,0,-213,1
1458,0,629,669,0,-219,0
1458,4,525,355,0,-158,0
1458,5,693,732,0,-53,0
1458,10,342,621,0,76,0
1458,12,129,213,0,-143,0
1458,15,188,253,0,3,0
1458,69,649,199,0,-88,1
1458,85,528,199,0,-146,0
1458,99,122,662,0,64,0
1458,114,664,223,0,47,0
1458,123,555,94,0,-201,0
1458,129,69,109,0,-213,1
1459,0,626,670,0,-249,0
1459,4,526,358,0,-158,0
1459,5,695,729,0,-39,0
1459,10,339,620,0,76,0
1459,12,131,215,0,-143,0
1459,15,188,250,0,3,0
1459,69,652,199,0,-79,1
1459,85,529,202,0,-146,0
1459,99,119,661,0,64,0
1459,114,662,221,0,47,0
1459,123,554,97,0,-201,0
1459,129,68,112,0,-213,1
1460,0,624,672,0,-226,0
1460,4,527,361,0,-158,0
1460,5,697,727,0,-39,0
1460,10,336,619,0,76,0
1460,12,133,217,0,-143,0
1460,15,188,247,0,3,0
1460,69,655,198,0,-79,1
1460,85,531,204,0,-146,0
1460,99,117,660,0,64,0
1460,114,660,219,0,47,0
1460,123,553,100,0,-201,0
1460,129,66,114,0,-213,1
1461,0,622,673,0,-243,0
1461,4,528,363,0,-158,0
1461,5,699,725,0,-39,0
1461,10,333,618,0,76,0
1461,12,135,220,0,-143,0
1461,15,188,244,0,3,0
1461,69,658,198,0,-79,1
1461,85,533,207,0,-146,0
1461,99,114,658,0,64,0
1461,114,657,217,0,47,0
1461,123,552,103,0,-201,0
1461,129,65,117,0,-213,1
1462,0,619,675,0,-243,0
1462,4,530,366,0,-154,0
1462,5,701,723,0,-39,0
1462,10,330,618,0,76,0
1462,12,135,223,0,-172,0
1462,15,188,241,0,3,0
1462,69,660,196,0,-63,1
1462,85,534,209,0,-146,0
1462,99,112,656,0,43,0
1462,114,655,215,0,47,0
1462,123,550,105,0,-201,0
1462,129,63,119,0,-213,1
1463,0,616,676,0,-243,0
1463,4,531,369,0,-154,0
1463,5,703,720,0,-39,0
1463,10,327,617,0,76,0
1463,12,135,226,0,-172,0
1463,15,187,238,0,2,0
1463,69,663,195,0,-63,1
1463,85,535,212,0,-171,0
1463,99,110,654,0,43,0
1463,114,653,213,0,47,0
1463,123,549,108,0,-201,0
1463,129,61,122,0,-213,1
1464,0,614,677,0,-243,0
1464,4,532,371,0,-154,0
1464,5,704,718,0,-39,0
1464,10,324,616,0,76,0
1464,12,136,229,0,-172,0
1464,15,187,235,0,2,0
1464,69,665,193,0,-41,1
1464,85,535,215,0,-171,0
1464,99,108,652,0,43,0
1464,114,652,210,0,22,0
1464,123,549,111,0,-194,0
1464,129,60,124,0,-213,1
1465,0,611,678,0,-254,0
1465,4,534,374,0,-154,0
1465,5,706,716,0,-39,0
1465,10,321,615,0,65,0
1465,12,136,232,0,-172,0
1465,15,187,232,0,2,0
1465,69,667,190,0,-41,1
1465,85,536,218,0,-156,0
1465,99,105,651,0,69,0
1465,114,651,207,0,22,0
1465,123,548,114,0,-194,0
1465,129,58,127,0,-213,1
1466,0,608,679,0,-254,0
1466,4,535,377,0,-154,0
1466,5,708,713,0,-39,0
1466,10,318,615,0,-267,0
1466,12,138,234,0,-153,0
1466,15,187,229,0,2,0
1466,69,669,188,0,-41,1
1466,85,538,221,0,-156,0
1466,99,102,650,0,69,0
1466,114,648,205,0,49,0
1466,123,547,117,0,-194,0
1466,129,55,128,0,-239,1
1467,0,605,679,0,-270,0
1467,4,535,380,0,-179,0
1467,5,710,711,0,-39,0
1467,10,315,615,0,-267,0
1467,12,139,237,0,-149,0
1467,15,187,226,0,2,0
1467,69,671,186,0,-41,1
1467,85,539,223,0,-156,0
1467,99,99,649,0,69,0
1467,114,646,203,0,44,0
1467,123,546,120,0,-194,0
1467,129,53,129,0,-245,1
1468,0,602,679,0,-270,0
1468,4,535,383,0,-179,0
1468,5,712,709,0,-39,0
1468,10,312,615,0,-267,0
1468,12,141,239,0,-149,0
1468,15,186,223,0,20,0
1468,69,673,184,0,-41,1
1468,85,540,226,0,-156,0
1468,99,97,647,0,69,0
1468,114,645,201,0,21,0
1468,123,546,123,0,-194,0
1468,129,50,131,0,-245,1
1469,0,599,679,0,-270,0
1469,4,535,386,0,-179,0
1469,5,714,706,0,-39,0
1469,10,309,616,0,-268,0
1469,12,142,242,0,-149,0
1469,15,185,220,0,20,0
1469,69,675,181,0,-41,1
1469,85,541,229,0,-156,0
1469,99,94,646,0,69,0
1469,114,644,198,0,21,0
1469,123,546,126,0,-166,0
1469,129,47,132,0,-245,1
1470,0,596,679,0,-270,0
1470,4,535,389,0,-179,0
1470,5,716,704,0,-39,0
1470,10,306,616,0,-268,0
1470,12,144,245,0,-149,0
1470,15,184,218,0,20,0
1470,69,677,179,0,-32,1
1470,85,542,232,0,-156,0
1470,99,91,645,0,69,0
1470,114,643,195,0,21,0
1470,123,548,128,0,-157,0
1470,129,44,133,0,-245,1
1471,0,593,679,0,-270,0
1471,4,535,392,0,-179,0
1471,5,718,702,0,-39,0
1471,10,303,616,0,-268,0
1471,12,145,247,0,-149,0
1471,15,183,215,0,15,0
1471,69,678,176,0,-32,1
1471,85,543,234,0,-173,0
1471,99,89,643,0,50,0
1471,114,642,192,0,21,0
1471,123,549,131,0,-157,0
1471,129,42,135,0,-245,1
1472,0,590,679,0,-270,0
1472,4,535,395,0,-179,0
1472,5,720,699,0,-41,0
1472,10,300,616,0,-268,0
1472,12,147,250,0,-149,0
1472,15,182,212,0,15,0
1472,69,680,174,0,-32,1
1472,85,544,237,0,-162,0
1472,99,86,641,0,50,0
1472,114,641,189,0,21,0
1472,123,550,134,0,-157,0
1472,129,39,135,0,-251,1
1473,0,587,679,0,-270,0
1473,4,535,398,0,-179,0
1473,5,722,697,0,-41,0
1473,10,297,616,0,-268,0
1473,12,149,252,0,-149,0
1473,15,182,209,0,15,0
1473,69,681,171,0,-32,1
1473,85,543,240,0,-189,0
1473,99,85,639,0,30,0
1473,114,640,187,0,21,0
1473,123,551,137,0,-157,0
1473,129,36,136,0,-251,1
1474,0,584,679,0,-270,0
1474,4,535,401,0,-179,0
1474,5,723,694,0,-25,0
1474,10,294,616,0,-268,0
1474,12,150,255,0,-149,0
1474,15,181,206,0,15,0
1474,69,682,168,0,-12,1
1474,85,543,243,0,-189,0
1474,99,83,636,0,30,0
1474,114,640,184,0,2,0
1474,123,552,139,0,-157,0
1474,129,33,137,0,-251,1
1475,0,581,679,0,-270,0
1475,4,536,404,0,-167,0
1475,5,724,692,0,-25,0
1475,10,292,615,0,73,0
1475,12,152,257,0,-149,0
1475,15,180,203,0,15,0
1475,69,682,165,0,-2,1
1475,85,542,246,0,-189,0
1475,99,82,634,0,30,0
1475,114,640,181,0,2,0
1475,123,554,142,0,-157,0
1475,129,30,138,0,-251,1
1476,0,578,679,0,-270,0
1476,4,537,407,0,-167,0
1476,5,724,689,0,-5,0
1476,10,289,614,0,73,0
1476,12,153,260,0,-149,0
1476,15,180,200,0,-4,0
1476,69,682,162,0,-2,1
1476,85,542,249,0,-180,0
1476,99,80,631,0,30,0
1476,114,639,178,0,2,0
1476,123,555,145,0,-157,0
1476,129,28,139,0,-251,1
1477,0,575,679,0,-270,0
1477,4,537,410,0,-186,0
1477,5,725,686,0,-5,0
1477,10,286,614,0,73,0
1477,12,155,263,0,-149,0
1477,15,181,197,0,-4,0
1477,69,682,159,0,-2,1
1477,85,542,252,0,-180,0
1477,99,79,628,0,30,0
1477,114,639,175,0,2,0
1477,123,557,147,0,-141,0
1477,129,25,140,0,-251,1
1478,0,572,679,0,78,0
1478,4,536,413,0,-186,0
1478,5,726,683,0,-16,0
1478,10,284,612,0,47,0
1478,12,156,265,0,-149,0
1478,15,179,194,0,21,0
1478,69,682,156,0,-2,1
1478,85,543,255,0,-174,0
1478,99,77,626,0,30,0
1478,114,638,172,0,22,0
1478,123,559,149,0,-116,0
1478,129,22,141,0,-251,1
1479,0,569,678,0,78,0
1479,4,536,416,0,-186,0
1479,5,726,680,0,-16,0
1479,10,281,609,0,47,0
1479,12,158,268,0,-149,0
1479,15,178,192,0,21,0
1479,69,683,153,0,-2,1
1479,85,543,258,0,-174,0
1479,99,76,623,0,24,0
1479,114,637,169,0,22,0
1479,123,562,150,0,-123,0
1479,129,19,142,0,-251,1
1480,0,566,677,0,78,0
1480,4,535,419,0,-189,0
1480,5,727,677,0,-16,0
1480,10,279,607,0,47,0
1480,12,158,271,0,-173,0
1480,15,177,189,0,21,0
1480,69,683,150,0,-2,1
1480,85,543,261,0,-174,0
1480,99,75,620,0,24,0
1480,114,636,166,0,22,0
1480,123,564,152,0,-123,0
1480,129,16,143,0,-251,1
1481,0,563,677,0,78,0
1481,4,535,422,0,-189,0
1481,5,728,674,0,-16,0
1481,10,276,606,0,63,0
1481,12,160,273,0,-146,0
1481,15,176,186,0,21,0
1481,69,683,147,0,-2,1
1481,85,543,264,0,-174,0
1481,99,74,618,0,24,0
1481,114,634,164,0,37,0
1481,123,567,154,0,-123,0
1481,129,13,144,0,-251,1
1482,0,560,676,0,78,0
1482,4,535,424,0,-189,0
1482,5,729,671,0,-16,0
1482,10,274,605,0,63,0
1482,12,162,276,0,-146,0
1482,15,175,183,0,21,0
1482,69,683,144,0,-2,1
1482,85,544,267,0,-178,0
1482,99,73,615,0,24,0
1482,114,632,161,0,37,0
1482,123,569,155,0,-123,0
1482,129,11,145,0,-251,1
1483,0,557,676,0,78,0
1483,4,534,427,0,-189,0
1483,5,730,668,0,-17,0
1483,10,271,603,0,63,0
1483,12,163,278,0,-146,0
1483,15,173,181,0,46,0
1483,69,684,141,0,-12,1
1483,85,544,270,0,-178,0
1483,99,71,612,0,24,0
1483,114,631,159,0,37,0
1483,123,572,157,0,-123,0
1483,129,8,146,0,-251,1
1484,0,554,675,0,78,0
1484,4,534,430,0,-177,0
1484,5,731,665,0,-17,0
1484,10,268,602,0,63,0
1484,12,165,281,0,-146,0
1484,15,172,178,0,19,0
1484,69,684,138,0,-12,1
1484,85,544,273,0,-178,0
1484,99,70,609,0,24,0
1484,114,629,157,0,37,0
1484,123,574,159,0,-123,0
1484,129,5,146,0,89,1
1485,0,551,674,0,78,0
1485,4,534,433,0,-177,0
1485,5,732,663,0,-17,0
1485,10,266,601,0,63,0
1485,12,167,283,0,-146,0
1485,15,172,175,0,4,0
1485,69,685,135,0,-12,1
1485,85,544,276,0,-178,0
1485,99,70,606,0,2,0
1485,114,627,154,0,27,0
1485,123,577,160,0,-123,0
1485,129,2,146,0,89,1
1486,0,548,674,0,78,0
1486,4,535,436,0,-173,0
1486,5,732,660,0,-17,0
1486,10,264,598,0,36,0
1486,12,168,286,0,-146,0
1486,15,172,172,0,4,0
1486,69,686,132,0,-12,1
1486,85,544,279,0,-178,0
1486,99,70,603,0,-8,0
1486,114,626,151,0,27,0
1486,123,579,162,0,-130,0
1486,129,-1,146,0,89,1
1487,0,546,673,0,68,0
1487,4,534,439,0,-187,0
1487,5,732,657,0,2,0
1487,10,262,596,0,36,0
1487,12,170,288,0,-146,0
1487,15,171,169,0,4,0
1487,69,686,130,0,-12,1
1487,85,544,282,0,-178,0
1487,99,71,600,0,-8,0
1487,114,625,149,0,27,0
1487,123,581,164,0,-130,0
1487,129,747,146,0,89,1
1488,0,543,671,0,46,0
1488,4,535,442,0,-174,0
1488,5,732,654,0,2,0
1488,10,260,593,0,36,0
1488,12,171,291,0,-161,0
1488,15,171,166,0,4,0
1488,69,687,127,0,-12,1
1488,85,544,285,0,-178,0
1488,99,71,597,0,-8,0
1488,114,623,146,0,27,0
1488,123,584,166,0,-130,0
1488,129,744,146,0,89,1
1489,0,541,669,0,62,0
1489,4,535,445,0,-174,0
1489,5,732,651,0,2,0
1489,10,259,591,0,36,0
1489,12,171,294,0,-183,0
1489,15,171,163,0,4,0
1489,69,687,124,0,-12,1
1489,85,544,288,0,-178,0
1489,99,71,594,0,-2,0
1489,114,622,143,0,27,0
1489,123,586,168,0,-130,0
1489,129,741,146,0,89,1
1490,0,538,668,0,62,0
1490,4,535,448,0,-174,0
1490,5,732,648,0,2,0
1490,10,257,589,0,36,0
1490,12,171,297,0,-183,0
1490,15,170,160,0,13,0
1490,69,688,121,0,-12,1
1490,85,544,291,0,-178,0
1490,99,71,591,0,8,0
1490,114,620,141,0,27,0
1490,123,588,170,0,-150,0
1490,129,738,145,0,73,1
1491,0,536,666,0,62,0
1491,4,536,451,0,-174,0
1491,5,732,645,0,0,0
1491,10,255,586,0,36,0
1491,12,169,300,0,-202,0
1491,15,170,157,0,13,0
1491,69,689,118,0,-12,1
1491,85,544,294,0,-178,0
1491,99,71,588,0,8,0
1491,114,619,138,0,27,0
1491,123,589,173,0,-150,0
1491,129,735,144,0,73,1
1492,0,533,665,0,62,0
1492,4,536,454,0,-174,0
1492,5,732,642,0,0,0
1492,10,253,584,0,36,0
1492,12,168,302,0,-202,0
1492,15,169,155,0,13,0
1492,69,689,115,0,-14,1
1492,85,545,297,0,-178,0
1492,99,69,586,0,25,0
1492,114,618,135,0,27,0
1492,123,591,176,0,-150,0
1492,129,732,143,0,73,1
1493,0,530,664,0,71,0
1493,4,536,457,0,-174,0
1493,5,732,639,0,0,0
1493,10,252,581,0,36,0
1493,12,167,305,0,-202,0
1493,15,168,152,0,13,0
1493,69,690,112,0,-14,1
1493,85,545,300,0,-178,0
1493,99,68,583,0,25,0
1493,114,616,133,0,27,0
1493,123,593,177,0,-122,0
1493,129,730,142,0,73,1
1494,0,527,663,0,71,0
1494,4,537,460,0,-174,0
1494,5,733,636,0,-20,0
1494,10,250,579,0,36,0
1494,12,166,308,0,-202,0
1494,15,168,149,0,13,0
1494,69,691,109,0,-14,1
1494,85,545,303,0,-168,0
1494,99,66,580,0,31,0
1494,114,615,130,0,27,0
1494,123,596,179,0,-124,0
1494,129,727,141,0,73,1
1495,0,524,662,0,71,0
1495,4,537,463,0,-179,0
1495,5,735,633,0,-35,0
1495,10,248,577,0,36,0
1495,12,165,311,0,-202,0
1495,15,167,146,0,13,0
1495,69,692,107,0,-31,1
1495,85,546,306,0,-168,0
1495,99,65,578,0,31,0
1495,114,614,127,0,27,0
1495,123,598,181,0,-124,0
1495,129,724,141,0,73,1
1496,0,522,661,0,71,0
1496,4,537,466,0,-179,0
1496,5,737,631,0,-35,0
1496,10,246,574,0,36,0
1496,12,165,314,0,-185,0
1496,15,166,143,0,13,0
1496,69,694,104,0,-31,1
1496,85,546,309,0,-168,0
1496,99,63,575,0,31,0
1496,114,612,125,0,27,0
1496,123,601,182,0,-124,0
1496,129,721,140,0,73,1
1497,0,519,660,0,71,0
1497,4,537,469,0,-179,0
1497,5,738,628,0,-33,0
1497,10,245,571,0,24,0
1497,12,165,317,0,-185,0
1497,15,166,140,0,13,0
1497,69,695,101,0,-31,1
1497,85,547,312,0,-168,0
1497,99,62,573,0,31,0
1497,114,611,122,0,34,0
1497,123,603,184,0,-124,0
1497,129,718,139,0,80,1
1498,0,516,659,0,71,0
1498,4,536,472,0,-199,0
1498,5,741,627,0,-61,0
1498,10,244,569,0,24,0
1498,12,164,320,0,-185,0
1498,15,165,137,0,13,0
1498,69,697,99,0,-31,1
1498,85,548,315,0,-163,0
1498,99,60,570,0,31,0
1498,114,609,120,0,34,0
1498,123,605,186,0,-124,0
1498,129,715,139,0,80,1
1499,0,513,658,0,71,0
1499,4,534,475,0,-210,0
1499,5,744,626,0,-61,0
1499,10,242,566,0,32,0
1499,12,164,323,0,-185,0
1499,15,164,134,0,25,0
1499,69,699,96,0,-31,1
1499,85,549,318,0,-163,0
1499,99,59,568,0,31,0
1499,114,607,117,0,40,0
1499,123,608,187,0,-124,0
1499,129,712,138,0,80,1
1500,0,510,657,0,71,0
1500,4,533,477,0,-210,0
1500,5,746,624,0,-61,0
1500,10,241,564,0,32,0
1500,12,164,326,0,-185,0
1500,15,162,132,0,25,0
1500,69,700,94,0,-31,1
1500,85,550,320,0,-163,0
1500,99,57,565,0,31,0
1500,114,605,115,0,40,0
1500,123,610,189,0,-124,0
1500,129,709,138,0,80,1
1501,0,508,655,0,47,0
1501,5,749,623,0,-61,0
1501,12,164,329,0,-185,0
1501,15,161,129,0,25,0
1501,69,701,91,0,-13,1
1501,85,551,323,0,-163,0
1501,99,56,563,0,31,0
1501,114,603,113,0,40,0
1501,123,613,191,0,-124,0
1501,129,706,137,0,80,1
1502,0,505,654,0,72,0
1502,5,751,621,0,-61,0
1502,12,163,332,0,-185,0
1502,15,159,127,0,52,0
1502,69,701,88,0,-13,1
1502,85,552,326,0,-163,0
1502,99,54,560,0,31,0
1502,114,601,110,0,40,0
1502,123,615,192,0,-124,0
1502,129,703,137,0,80,1
1503,0,502,653,0,72,0
1503,5,3,621,0,-86,0
1503,12,163,335,0,-185,0
1503,15,156,125,0,52,0
1503,69,702,85,0,-13,1
1503,85,552,329,0,-163,0
1503,99,53,557,0,24,0
1503,114,599,108,0,40,0
1503,123,618,194,0,-124,0
1503,129,700,136,0,80,1
1504,0,499,652,0,72,0
1504,5,6,621,0,-86,0
1504,12,163,338,0,-185,0
1504,15,155,122,0,24,0
1504,69,704,82,0,-35,1
1504,85,553,332,0,-163,0
1504,99,52,554,0,21,0
1504,114,597,106,0,40,0
1504,123,620,196,0,-124,0
1504,129,697,137,0,-256,1
1505,0,497,651,0,72,0
1505,5,9,621,0,-86,0
1505,12,163,341,0,-185,0
1505,15,154,120,0,30,0
1505,69,706,80,0,-35,1
1505,85,554,335,0,-163,0
1505,99,51,552,0,21,0
1505,114,595,104,0,40,0
1505,123,622,198,0,-146,0
1505,129,694,138,0,-256,1
1506,0,494,650,0,72,0
1506,5,12,621,0,-101,0
1506,12,162,344,0,-198,0
1506,15,152,117,0,30,0
1506,69,707,77,0,-35,1
1506,85,555,338,0,-163,0
1506,99,50,549,0,21,0
1506,114,593,101,0,40,0
1506,123,624,201,0,-146,0
1506,129,691,138,0,-256,1
1507,0,491,649,0,72,0
1507,5,15,621,0,-92,0
1507,12,161,346,0,-198,0
1507,15,151,115,0,30,0
1507,69,709,75,0,-35,1
1507,85,556,341,0,-163,0
1507,99,48,546,0,21,0
1507,114,591,99,0,40,0
1507,123,625,203,0,-146,0
1507,129,689,139,0,-256,1
1508,0,488,649,0,72,0
1508,5,18,621,0,-92,0
1508,12,160,349,0,-198,0
1508,15,149,112,0,34,0
1508,69,709,72,0,-6,1
1508,85,557,343,0,-165,0
1508,99,47,543,0,21,0
1508,114,589,97,0,40,0
1508,123,627,206,0,-146,0
1508,129,686,140,0,-256,1
1509,0,485,648,0,72,0
1509,5,21,621,0,-92,0
1509,12,159,352,0,-198,0
1509,15,147,110,0,34,0
1509,69,710,69,0,-6,1
1509,85,558,346,0,-165,0
1509,99,46,540,0,21,0
1509,114,587,95,0,48,0
1509,123,629,208,0,-146,0
1509,129,683,140,0,-256,1
1510,0,482,647,0,72,0
1510,5,24,621,0,-92,0
1510,12,158,355,0,-198,0
1510,15,146,107,0,21,0
1510,69,710,66,0,-4,1
1510,99,45,538,0,21,0
1510,114,585,93,0,48,0
1510,123,630,211,0,-146,0
1510,129,680,141,0,-256,1
1511,0,479,646,0,72,0
1511,5,27,622,0,-105,0
1511,12,157,358,0,-198,0
1511,15,145,104,0,21,0
1511,69,710,63,0,-4,1
1511,99,44,535,0,21,0
1511,114,583,91,0,48,0
1511,123,632,213,0,-146,0
1511,129,677,142,0,-256,1
1512,0,477,645,0,72,0
1512,5,30,623,0,-105,0
1512,12,156,361,0,-198,0
1512,15,144,101,0,21,0
1512,69,710,60,0,-4,1
1512,99,43,532,0,21,0
1512,114,580,89,0,48,0
1512,123,634,216,0,-146,0
1512,129,674,143,0,-248,1
1513,0,474,644,0,72,0
1513,5,33,624,0,-105,0
1513,12,155,364,0,-198,0
1513,15,142,99,0,42,0
1513,69,711,57,0,-4,1
1513,99,42,529,0,17,0
1513,114,578,87,0,48,0
1513,123,635,218,0,-146,0
1513,129,671,144,0,-248,1
1514,0,471,643,0,72,0
1514,5,36,625,0,-105,0
1514,12,154,366,0,-198,0
1514,15,140,97,0,42,0
1514,69,711,54,0,-2,1
1514,99,42,526,0,7,0
1514,114,576,85,0,48,0
1514,123,638,220,0,-118,0
1514,129,669,145,0,-248,1
1515,0,468,642,0,72,0
1515,5,38,624,0,-84,0
1515,12,153,369,0,-209,0
1515,15,138,95,0,42,0
1515,69,711,51,0,-2,1
1515,99,41,523,0,7,0
1515,114,574,83,0,48,0
1515,123,641,221,0,-118,0
1515,129,666,146,0,-248,1
1516,0,465,642,0,-264,0
1516,5,41,624,0,-84,0
1516,12,151,372,0,-209,0
1516,15,136,92,0,42,0
1516,69,711,48,0,-2,1
1516,99,41,520,0,1,0
1516,114,572,81,0,46,0
1516,123,643,222,0,-118,0
1516,129,663,148,0,-248,1
1517,0,462,643,0,-251,0
1517,5,44,622,0,-59,0
1517,12,150,374,0,-209,0
1517,15,134,90,0,42,0
1517,69,711,45,0,-2,1
1517,99,41,517,0,1,0
1517,114,569,79,0,46,0
1517,123,646,223,0,-97,0
1517,129,660,149,0,-248,1
1518,0,459,644,0,-251,0
1518,5,47,621,0,-59,0
1518,12,148,376,0,-225,0
1518,15,132,88,0,42,0
1518,69,710,42,0,15,1
1518,99,42,514,0,-20,0
1518,114,567,77,0,46,0
1518,123,649,222,0,-84,0
1518,129,657,150,0,-248,1
1519,0,457,645,0,-251,0
1519,5,49,619,0,-43,0
1519,12,145,378,0,-225,0
1519,15,130,86,0,42,0
1519,69,709,39,0,15,1
1519,99,42,511,0,5,0
1519,114,565,74,0,46,0
1519,123,652,222,0,-84,0
1519,129,655,151,0,-248,1
1520,0,454,645,0,82,0
1520,5,51,616,0,-43,0
1520,12,143,381,0,-225,0
1520,15,128,83,0,42,0
1520,69,709,36,0,15,1
1520,99,42,508,0,5,0
1520,114,563,72,0,46,0
1520,123,655,222,0,-84,0
1520,129,652,152,0,-257,1
1521,0,451,644,0,82,0
1521,5,53,615,0,-69,0
1521,12,141,383,0,-225,0
1521,15,126,81,0,42,0
1521,69,708,33,0,15,1
1521,99,42,505,0,5,0
1521,114,561,70,0,46,0
1521,123,658,221,0,-84,0
1521,129,649,152,0,-257,1
1522,0,448,644,0,82,0
1522,5,55,613,0,-40,0
1522,12,139,385,0,-220,0
1522,15,124,79,0,42,0
1522,69,707,31,0,15,1
1522,99,41,502,0,5,0
1522,114,559,68,0,46,0
1522,123,661,222,0,-106,0
1522,129,646,153,0,-257,1
1523,0,445,644,0,82,0
1523,5,57,611,0,-40,0
1523,12,137,387,0,-220,0
1523,15,122,77,0,42,0
1523,69,706,28,0,15,1
1523,99,41,499,0,5,0
1523,114,557,66,0,46,0
1523,123,664,223,0,-106,0
1523,129,643,154,0,-257,1
1524,0,442,643,0,82,0
1524,5,59,608,0,-40,0
1524,12,135,390,0,-220,0
1524,15,120,74,0,42,0
1524,69,706,25,0,15,1
1524,99,41,496,0,5,0
1524,114,554,64,0,46,0
1524,123,667,224,0,-106,0
1524,129,640,154,0,-257,1
1525,0,439,642,0,56,0
1525,5,61,606,0,-40,0
1525,12,133,392,0,-220,0
1525,15,118,72,0,42,0
1525,69,704,22,0,24,1
1525,99,41,494,0,5,0
1525,114,553,61,0,27,0
1525,123,670,225,0,-106,0
1525,129,637,155,0,-257,1
1526,0,437,640,0,56,0
1526,5,63,604,0,-40,0
1526,12,131,394,0,-220,0
1526,15,116,70,0,42,0
1526,69,703,19,0,24,1
1526,99,40,491,0,5,0
1526,114,552,59,0,27,0
1526,123,673,225,0,-87,0
1526,129,635,157,0,-236,1
1527,0,434,638,0,56,0
1527,5,64,601,0,-21,0
1527,12,129,395,0,-250,0
1527,15,114,68,0,42,0
1527,69,702,17,0,24,1
1527,99,40,488,0,5,0
1527,114,550,56,0,27,0
1527,123,675,223,0,-62,0
1527,129,632,158,0,-236,1
1528,0,432,636,0,48,0
1528,5,65,598,0,-21,0
1528,12,126,396,0,-250,0
1528,15,113,65,0,15,0
1528,69,701,14,0,24,1
1528,99,40,485,0,5,0
1528,114,548,54,0,45,0
1528,123,678,222,0,-62,0
1528,129,630,160,0,-236,1
1529,0,431,633,0,19,0
1529,5,66,595,0,-21,0
1529,12,123,397,0,-250,0
1529,15,113,62,0,15,0
1529,69,700,11,0,24,1
1529,99,41,482,0,-25,0
1529,114,546,52,0,45,0
1529,123,681,220,0,-62,0
1529,129,627,162,0,-236,1
1530,0,430,631,0,19,0
1530,5,67,593,0,-21,0
1530,12,120,398,0,-250,0
1530,15,111,59,0,36,0
1530,69,697,9,0,47,1
1530,99,42,479,0,-25,0
1530,114,544,50,0,45,0
1530,123,683,219,0,-62,0
1530,129,625,163,0,-236,1
1531,0,429,628,0,19,0
1531,5,68,590,0,-17,0
1531,12,117,399,0,-250,0
1531,15,109,57,0,36,0
1531,69,695,7,0,47,1
1531,99,44,477,0,-40,0
1531,114,542,48,0,45,0
1531,123,686,218,0,-62,0
1531,129,622,165,0,-236,1
1532,0,428,625,0,19,0
1532,5,69,587,0,-17,0
1532,12,115,400,0,-250,0
1532,15,107,55,0,36,0
1532,69,694,4,0,30,1
1532,99,46,474,0,-40,0
1532,114,540,45,0,45,0
1532,123,688,215,0,-37,0
1532,129,620,167,0,-236,1
1533,0,427,622,0,19,0
1533,5,70,584,0,-17,0
1533,12,112,401,0,-250,0
1533,15,106,52,0,36,0
1533,69,692,2,0,30,1
1533,99,48,472,0,-40,0
1533,114,538,43,0,32,0
1533,123,690,213,0,-37,0
1533,129,617,168,0,-236,1
1534,0,426,619,0,19,0
1534,5,71,581,0,-17,0
1534,12,109,402,0,-253,0
1534,15,104,50,0,36,0
1534,69,691,-1,0,30,1
1534,99,50,470,0,-40,0
1534,114,536,41,0,50,0
1534,123,691,210,0,-37,0
1534,129,615,170,0,-236,1
1535,0,425,616,0,19,0
1535,5,72,578,0,-17,0
1535,12,106,403,0,-253,0
1535,15,102,47,0,36,0
1535,69,689,747,0,30,1
1535,99,52,468,0,-40,0
1535,114,534,39,0,50,0
1535,123,693,208,0,-37,0
1535,129,612,172,0,-236,1
1536,0,424,613,0,19,0
1536,5,73,575,0,-17,0
1536,12,103,404,0,-253,0
1536,15,100,45,0,36,0
1536,69,688,745,0,30,1
1536,99,54,465,0,-40,0
1536,114,531,37,0,50,0
1536,123,695,206,0,-37,0
1536,129,610,173,0,-236,1
1537,0,423,611,0,16,0
1537,5,74,573,0,-17,0
1537,12,100,405,0,-253,0
1537,15,99,42,0,36,0
1537,69,686,742,0,30,1
1537,99,56,463,0,-46,0
1537,114,529,35,0,50,0
1537,123,697,203,0,-37,0
1537,129,607,174,0,-254,1
1538,0,423,608,0,16,0
1538,5,75,570,0,-31,0
1538,12,97,406,0,-253,0
1538,15,97,40,0,36,0
1538,69,686,739,0,4,1
1538,99,58,461,0,-46,0
1538,114,527,33,0,50,0
1538,123,699,201,0,-37,0
1538,129,604,175,0,-254,1
1539,0,422,605,0,16,0
1539,5,77,567,0,-31,0
1539,12,94,406,0,-253,0
1539,15,95,37,0,33,0
1539,69,687,736,0,-21,1
1539,99,60,459,0,-46,0
1539,114,524,31,0,50,0
1539,123,700,198,0,-37,0
1539,129,601,176,0,-254,1
1540,0,421,602,0,16,0
1540,5,78,565,0,-31,0
1540,12,92,407,0,-253,0
1540,15,93,35,0,48,0
1540,69,688,734,0,-21,1
1540,99,63,457,0,-46,0
1540,114,522,29,0,50,0
1540,123,702,196,0,-37,0
1540,129,598,177,0,-254,1
1541,0,420,599,0,25,0
1541,5,80,562,0,-31,0
1541,12,89,408,0,-253,0
1541,15,91,34,0,53,0
1541,69,689,731,0,-21,1
1541,99,65,456,0,-70,0
1541,114,520,27,0,50,0
1541,123,704,193,0,-29,0
1541,129,595,178,0,-248,1
1542,0,419,596,0,25,0
1542,5,81,560,0,-31,0
1542,12,86,409,0,-253,0
1542,15,88,32,0,53,0
1542,69,690,728,0,-21,1
1542,99,68,455,0,-70,0
1542,114,517,27,0,80,0
1542,123,705,191,0,-29,0
1542,129,593,179,0,-248,1
1543,0,417,594,0,28,0
1543,5,82,557,0,-8,0
1543,12,83,410,0,-253,0
1543,15,86,30,0,53,0
1543,69,691,725,0,-21,1
1543,99,71,454,0,-70,0
1543,114,514,26,0,80,0
1543,123,707,188,0,-29,0
1543,129,590,180,0,-248,1
1544,0,416,591,0,28,0
1544,5,82,554,0,-8,0
1544,12,80,411,0,-253,0
1544,15,85,27,0,24,0
1544,69,694,723,0,-48,1
1544,99,74,454,0,-86,0
1544,114,511,26,0,-266,0
1544,123,708,185,0,-29,0
1544,129,587,181,0,-248,1
1545,0,414,589,0,28,0
1545,5,83,551,0,-8,0
1545,12,77,412,0,-253,0
1545,15,83,24,0,24,0
1545,69,696,721,0,-48,1
1545,99,77,454,0,-86,0
1545,114,508,27,0,-266,0
1545,123,710,183,0,-29,0
1545,129,584,182,0,-248,1
1546,0,413,586,0,28,0
1546,5,83,548,0,-8,0
1546,12,74,412,0,-253,0
1546,15,83,21,0,0,0
1546,69,698,719,0,-48,1
1546,99,80,453,0,-86,0
1546,114,505,27,0,-266,0
1546,123,712,181,0,-50,0
1546,129,581,183,0,-251,1
1547,0,412,583,0,28,0
1547,5,84,545,0,-8,0
1547,12,71,413,0,-253,0
1547,15,83,18,0,0,0
1547,69,700,717,0,-48,1
1547,99,83,453,0,-86,0
1547,114,502,27,0,-266,0
1547,123,714,179,0,-50,0
1547,129,579,184,0,-251,1
1548,0,410,581,0,28,0
1548,5,84,542,0,-8,0
1548,12,69,414,0,-253,0
1548,15,84,16,0,-17,0
1548,69,703,715,0,-48,1
1548,99,86,453,0,-86,0
1548,114,499,27,0,-266,0
1548,123,716,177,0,-50,0
1548,129,576,185,0,-265,1
1549,0,409,578,0,28,0
1549,5,84,539,0,-8,0
1549,12,66,415,0,-253,0
1549,15,85,13,0,-17,0
1549,69,705,713,0,-52,1
1549,99,89,453,0,-98,0
1549,114,496,28,0,-266,0
1549,123,719,175,0,-50,0
1549,129,573,185,0,-265,1
1550,0,407,575,0,28,0
1550,5,85,536,0,-8,0
1550,12,63,416,0,-253,0
1550,15,87,10,0,-29,0
1550,69,707,712,0,-52,1
1550,99,92,454,0,-94,0
1550,114,493,28,0,-266,0
1550,123,722,174,0,-77,0
1550,129,570,185,0,-265,1
1551,0,405,573,0,50,0
1551,5,85,533,0,-8,0
1551,12,60,417,0,-253,0
1551,15,88,7,0,-29,0
1551,69,710,710,0,-52,1
1551,99,95,454,0,-94,0
1551,114,490,28,0,-266,0
1551,123,725,174,0,-77,0
1551,129,567,185,0,-265,1
1552,0,403,571,0,50,0
1552,5,86,530,0,-8,0
1552,12,57,418,0,-237,0
1552,15,89,5,0,-29,0
1552,69,712,708,0,-52,1
1552,99,98,454,0,-99,0
1552,114,487,28,0,-269,0
1552,123,728,173,0,-77,0
1552,129,564,186,0,-265,1
1553,0,400,569,0,50,0
1553,5,86,527,0,-3,0
1553,12,55,420,0,-237,0
1553,15,91,2,0,-29,0
1553,69,714,706,0,-52,1
1553,99,101,455,0,-99,0
1553,114,484,28,0,-269,0
1553,123,730,172,0,-77,0
1553,129,561,186,0,-265,1
1554,0,398,568,0,62,0
1554,5,85,524,0,23,0
1554,12,52,422,0,-237,0
1554,15,92,0,0,-29,0
1554,69,717,704,0,-52,1
1554,99,104,455,0,-99,0
1554,114,481,28,0,-269,0
1554,123,733,172,0,-77,0
1554,129,558,186,0,-265,1
1555,0,395,567,0,62,0
1555,5,84,521,0,9,0
1555,12,50,423,0,-237,0
1555,15,94,747,0,-29,0
1555,69,719,702,0,-52,1
1555,99,107,456,0,-99,0
1555,114,478,28,0,-269,0
1555,123,736,171,0,-77,0
1555,129,555,186,0,-265,1
1556,0,393,565,0,62,0
1556,5,84,518,0,9,0
1556,12,47,424,0,-256,0
1556,15,95,745,0,-29,0
1556,69,721,700,0,-52,1
1556,99,110,456,0,-99,0
1556,114,475,29,0,-256,0
1556,123,739,170,0,-77,0
1556,129,552,186,0,79,1
1557,0,390,564,0,67,0
1557,5,83,515,0,9,0
1557,12,44,425,0,-256,0
1557,15,97,742,0,-29,0
1557,69,724,699,0,-52,1
1557,99,113,457,0,-99,0
1557,114,473,31,0,-228,0
1557,123,742,170,0,-77,0
1557,129,549,185,0,79,1
1558,0,387,563,0,67,0
1558,5,84,512,0,-12,0
1558,12,41,425,0,-256,0
1558,15,98,739,0,-29,0
1558,69,726,697,0,-52,1
1558,99,116,457,0,-94,0
1558,114,470,32,0,-242,0
1558,123,745,169,0,-77,0
1558,129,546,185,0,79,1
1559,0,384,562,0,67,0
1559,5,86,510,0,-41,0
1559,12,38,426,0,-256,0
1559,15,99,737,0,-29,0
1559,69,728,695,0,-52,1
1559,99,119,457,0,-94,0
1559,114,467,32,0,88,0
1559,123,748,168,0,-77,0
1559,129,543,184,0,79,1
1560,0,381,560,0,67,0
1560,5,88,508,0,-41,0
1560,12,35,427,0,-255,0
1560,15,101,734,0,-29,0
1560,69,730,693,0,-38,1
1560,99,122,457,0,-94,0
1560,114,464,32,0,88,0
1560,123,751,169,0,-101,0
1560,129,540,183,0,74,1
1561,0,379,558,0,46,0
1561,5,89,505,0,-31,0
1561,12,33,428,0,-245,0
1561,15,102,732,0,-29,0
1561,69,733,691,0,-66,1
1561,99,125,458,0,-94,0
1561,114,461,33,0,-257,0
1561,123,3,170,0,-101,0
1561,129,537,182,0,74,1
1562,0,377,556,0,46,0
1562,5,91,503,0,-31,0
1562,12,30,430,0,-243,0
1562,15,104,729,0,-29,0
1562,69,736,690,0,-66,1
1562,99,127,456,0,-67,0
1562,114,458,33,0,-257,0
1562,123,6,169,0,-87,0
1562,129,534,182,0,74,1
1563,0,375,554,0,46,0
1563,5,92,500,0,-31,0
1563,12,27,431,0,-243,0
1563,15,105,726,0,-29,0
1563,69,739,689,0,-66,1
1563,99,130,455,0,-67,0
1563,114,455,34,0,-257,0
1563,123,9,169,0,-87,0
1563,129,531,181,0,74,1
1564,0,373,552,0,46,0
1564,5,94,498,0,-31,0
1564,12,25,432,0,-243,0
1564,15,106,723,0,-16,0
1564,69,741,688,0,-66,1
1564,99,133,454,0,-67,0
1564,114,452,35,0,-257,0
1564,123,12,169,0,-87,0
1564,129,529,180,0,70,1
1565,0,370,551,0,60,0
1565,5,96,495,0,-31,0
1565,12,22,434,0,-243,0
1565,15,107,721,0,-16,0
1565,69,744,686,0,-66,1
1565,99,136,453,0,-67,0
1565,114,450,35,0,-257,0
1565,123,15,169,0,-87,0
1565,129,526,179,0,70,1
1566,0,368,549,0,60,0
1566,5,96,492,0,-2,0
1566,12,19,435,0,-242,0
1566,15,108,718,0,-16,0
1566,69,747,685,0,-66,1
1566,99,138,452,0,-67,0
1566,114,447,36,0,-257,0
1566,123,18,169,0,-87,0
1566,129,523,178,0,70,1
1567,0,365,548,0,60,0
1567,5,96,489,0,-2,0
1567,12,17,436,0,-242,0
1567,15,107,715,0,6,0
1567,69,749,684,0,-66,1
1567,99,141,451,0,-67,0
1567,114,444,37,0,-257,0
1567,123,21,169,0,-87,0
1567,129,520,177,0,70,1
1568,0,362,546,0,60,0
1568,5,96,486,0,-2,0
1568,12,14,438,0,-242,0
1568,15,107,712,0,11,0
1568,69,752,682,0,-49,1
1568,99,144,449,0,-67,0
1568,114,441,37,0,-257,0
1568,123,24,168,0,-87,0
1568,129,517,177,0,-265,1
1569,0,360,545,0,60,0
1569,5,96,483,0,-2,0
1569,12,11,439,0,-242,0
1569,15,106,709,0,11,0
1569,69,2,680,0,-49,1
1569,99,147,448,0,-67,0
1569,114,438,38,0,-257,0
1569,123,27,168,0,-87,0
1569,129,514,177,0,-265,1
1570,0,357,543,0,60,0
1570,5,96,480,0,-2,0
1570,12,9,441,0,-242,0
1570,15,106,706,0,11,0
1570,69,5,678,0,-49,1
1570,99,150,448,0,-94,0
1570,114,435,39,0,-257,0
1570,123,30,167,0,-61,0
1570,129,511,177,0,-265,1
1571,0,355,542,0,60,0
1571,5,96,477,0,-2,0
1571,12,6,442,0,-248,0
1571,15,106,703,0,-8,0
1571,69,7,676,0,-49,1
1571,99,153,449,0,-94,0
1571,114,432,39,0,-257,0
1571,123,32,165,0,-61,0
1571,129,508,178,0,-265,1
1572,0,352,540,0,60,0
1572,5,96,474,0,-2,0
1572,12,3,443,0,-248,0
1572,15,108,700,0,-31,0
1572,69,9,674,0,-49,1
1572,99,156,449,0,-94,0
1572,114,429,40,0,-257,0
1572,123,35,164,0,-61,0
1572,129,506,179,0,-236,1
1573,0,349,539,0,60,0
1573,5,96,471,0,-2,0
1573,12,0,444,0,-248,0
1573,15,109,698,0,-31,0
1573,69,11,672,0,-49,1
1573,99,159,449,0,-94,0
1573,114,426,41,0,-257,0
1573,123,37,162,0,-61,0
1573,129,503,181,0,-236,1
1574,0,347,537,0,60,0
1574,5,96,468,0,-2,0
1574,12,-2,445,0,-248,0
1574,15,111,695,0,-31,0
1574,69,14,670,0,-49,1
1574,99,162,449,0,-94,0
1574,114,423,41,0,-257,0
1574,129,502,184,0,-207,1
1575,0,344,536,0,66,0
1575,5,96,465,0,-2,0
1575,12,747,446,0,-248,0
1575,15,112,693,0,-31,0
1575,69,16,669,0,-67,1
1575,99,165,449,0,-90,0
1575,114,420,42,0,-257,0
1575,129,500,186,0,-207,1
1576,0,341,535,0,66,0
1576,5,96,462,0,-2,0
1576,12,744,447,0,-248,0
1576,15,114,690,0,-31,0
1576,69,19,668,0,-67,1
1576,99,168,449,0,-90,0
1576,114,417,43,0,-257,0
1576,129,499,189,0,-207,1
1577,0,339,534,0,66,0
1577,5,97,459,0,-2,0
1577,12,742,449,0,-248,0
1577,15,115,687,0,-31,0
1577,69,22,666,0,-67,1
1577,99,171,449,0,-90,0
1577,114,414,43,0,-260,0
1577,129,498,192,0,-207,1
1578,0,336,533,0,86,0
1578,5,95,456,0,27,0
1578,12,739,450,0,-248,0
1578,15,117,685,0,-31,0
1578,69,25,665,0,-67,1
1578,99,174,449,0,-90,0
1578,114,412,44,0,-260,0
1578,129,496,194,0,-207,1
1579,0,333,533,0,86,0
1579,5,94,454,0,28,0
1579,12,736,451,0,-248,0
1579,15,118,682,0,-31,0
1579,69,27,664,0,-67,1
1579,99,177,449,0,-90,0
1579,114,409,44,0,-260,0
1579,129,494,197,0,-225,1
1580,0,330,532,0,71,0
1580,5,92,451,0,28,0
1580,12,733,452,0,-248,0
1580,15,120,680,0,-31,0
1580,69,30,663,0,-67,1
1580,99,180,449,0,-75,0
1580,114,406,45,0,-260,0
1580,129,492,199,0,-229,1
1581,0,327,533,0,-262,0
1581,5,91,448,0,28,0
1581,12,731,453,0,-248,0
1581,15,121,677,0,-31,0
1581,69,33,662,0,-67,1
1581,99,182,448,0,-75,0
1581,114,403,45,0,-260,0
1581,129,489,200,0,-243,1
1582,0,324,533,0,-262,0
1582,5,90,446,0,28,0
1582,12,728,454,0,-248,0
1582,15,123,675,0,-31,0
1582,69,36,661,0,-67,1
1582,99,185,448,0,-87,0
1582,114,400,46,0,-260,0
1582,129,487,201,0,-243,1
1583,0,321,535,0,-235,0
1583,5,88,443,0,28,0
1583,12,726,456,0,-229,0
1583,15,125,672,0,-31,0
1583,69,38,659,0,-67,1
1583,99,188,447,0,-87,0
1583,114,397,47,0,-260,0
1583,129,484,203,0,-243,1
1584,0,319,537,0,-235,0
1584,5,87,441,0,28,0
1584,12,723,458,0,-227,0
1584,15,126,669,0,-31,0
1584,69,41,658,0,-67,1
1584,99,191,447,0,-87,0
1584,114,394,47,0,-260,0
1584,129,482,204,0,-235,1
1585,0,316,538,0,-235,0
1585,5,85,438,0,28,0
1585,12,721,460,0,-227,0
1585,15,127,666,0,-15,0
1585,69,44,657,0,-67,1
1585,99,194,447,0,-87,0
1585,114,391,48,0,-260,0
1585,129,479,206,0,-233,1
1586,0,315,541,0,-206,0
1586,5,84,435,0,28,0
1586,12,719,462,0,-233,0
1586,15,128,664,0,-15,0
1586,69,47,656,0,-67,1
1586,99,197,447,0,-87,0
1586,114,388,48,0,-260,0
1586,129,476,207,0,-259,1
1587,0,314,544,0,-206,0
1587,5,83,433,0,28,0
1587,12,716,464,0,-229,0
1587,15,128,661,0,-15,0
1587,69,49,655,0,-67,1
1587,99,200,446,0,-71,0
1587,114,385,49,0,-260,0
1587,129,473,207,0,-259,1
1588,0,312,546,0,-227,0
1588,5,81,430,0,28,0
1588,12,714,466,0,-229,0
1588,15,129,658,0,-6,0
1588,69,52,654,0,-67,1
1588,99,203,445,0,-71,0
1588,114,382,49,0,-260,0
1588,129,470,208,0,-259,1
1589,0,309,548,0,-227,0
1589,5,79,428,0,52,0
1589,12,712,468,0,-229,0
1589,15,129,655,0,-6,0
1589,69,55,652,0,-67,1
1589,99,206,444,0,-71,0
1589,114,379,50,0,-260,0
1589,129,467,208,0,-259,1
1590,0,307,550,0,-227,0
1590,5,77,426,0,52,0
1590,12,710,470,0,-229,0
1590,15,129,652,0,-6,0
1590,69,58,651,0,-67,1
1590,99,209,443,0,-71,0
1590,114,376,50,0,-260,0
1590,129,464,209,0,-259,1
1591,0,305,552,0,-227,0
1591,5,74,424,0,52,0
1591,12,707,472,0,-229,0
1591,15,130,649,0,-6,0
1591,69,61,650,0,-67,1
1591,99,212,442,0,-71,0
1591,114,373,51,0,-260,0
1591,129,462,210,0,-259,1
1592,0,303,554,0,-235,0
1592,5,72,422,0,52,0
1592,12,705,474,0,-229,0
1592,15,130,646,0,-6,0
1592,69,63,649,0,-67,1
1592,99,214,441,0,-71,0
1592,114,370,51,0,-260,0
1592,129,459,210,0,-259,1
1593,0,300,555,0,-246,0
1593,5,69,421,0,52,0
1593,12,703,476,0,-229,0
1593,15,130,643,0,-6,0
1593,69,66,648,0,-67,1
1593,99,217,440,0,-71,0
1593,114,367,52,0,-260,0
1593,129,456,211,0,-259,1
1594,0,297,556,0,-246,0
1594,5,67,420,0,76,0
1594,12,701,478,0,-229,0
1594,15,131,640,0,-20,0
1594,69,69,647,0,-67,1
1594,99,220,439,0,-71,0
1594,114,364,52,0,-260,0
1594,129,453,211,0,-259,1
1595,0,294,557,0,-246,0
1595,5,64,420,0,-261,0
1595,12,698,480,0,-229,0
1595,15,132,637,0,-20,0
1595,69,72,646,0,-83,1
1595,99,223,438,0,-71,0
1595,114,361,53,0,-260,0
1595,129,450,212,0,-259,1
1596,0,292,559,0,-246,0
1596,5,61,421,0,-261,0
1596,12,696,482,0,-229,0
1596,15,133,634,0,-20,0
1596,69,75,646,0,-83,1
1596,99,226,438,0,-71,0
1596,114,358,54,0,-260,0
1596,129,447,213,0,-257,1
1597,0,289,560,0,-246,0
1597,5,58,421,0,-261,0
1597,12,693,483,0,-253,0
1597,15,135,632,0,-20,0
1597,69,78,645,0,-83,1
1597,99,229,437,0,-71,0
1597,114,355,54,0,-268,0
1597,129,444,212,0,81,1
1598,0,286,561,0,-246,0
1598,5,55,422,0,-261,0
1598,12,690,483,0,-253,0
1598,15,136,629,0,-36,0
1598,69,81,645,0,-83,1
1598,99,231,434,0,-43,0
1598,114,352,53,0,77,0
1598,129,441,212,0,81,1
1599,0,283,562,0,-246,0
1599,5,52,421,0,84,0
1599,12,687,484,0,-253,0
1599,15,138,627,0,-36,0
1599,69,84,645,0,-83,1
1599,99,233,432,0,-43,0
1599,114,350,51,0,56,0
1599,129,438,210,0,65,1
1600,0,281,564,0,-236,0
1600,5,49,421,0,84,0
1600,12,685,485,0,-253,0
1600,15,140,624,0,-43,0
1600,69,87,644,0,-83,1
1600,99,235,430,0,-34,0
1600,114,348,50,0,56,0
1600,129,435,209,0,65,1
1601,0,278,566,0,-236,0
1601,5,46,420,0,65,0
1601,12,682,486,0,-253,0
1601,15,142,622,0,-43,0
1601,69,90,644,0,-83,1
1601,99,236,427,0,-34,0
1601,114,345,48,0,56,0
1601,129,433,208,0,65,1
1602,0,276,567,0,-236,0
1602,5,43,419,0,65,0
1602,12,679,487,0,-253,0
1602,15,144,620,0,-43,0
1602,69,93,643,0,-83,1
1602,99,238,425,0,-34,0
1602,114,343,46,0,56,0
1602,129,430,207,0,65,1
1603,0,274,569,0,-236,0
1603,5,41,417,0,65,0
1603,12,676,488,0,-253,0
1603,15,146,618,0,-45,0
1603,69,95,642,0,-62,1
1603,99,240,422,0,-34,0
1603,114,340,45,0,56,0
1603,129,427,205,0,65,1
1604,0,271,571,0,-236,0
1604,5,38,416,0,65,0
1604,12,673,489,0,-253,0
1604,15,148,616,0,-45,0
1604,69,98,641,0,-62,1
1604,99,241,420,0,-34,0
1604,114,338,43,0,56,0
1604,129,425,204,0,65,1
1605,0,270,573,0,-207,0
1605,5,35,415,0,66,0
1605,12,670,490,0,-253,0
1605,15,151,614,0,-45,0
1605,69,101,641,0,-91,1
1605,99,243,417,0,-34,0
1605,114,335,41,0,56,0
1605,129,422,203,0,65,1
1606,0,268,576,0,-207,0
1606,5,32,414,0,66,0
1606,12,667,491,0,-253,0
1606,15,153,612,0,-45,0
1606,69,104,641,0,-91,1
1606,99,245,415,0,-34,0
1606,114,333,39,0,56,0
1606,129,419,202,0,65,1
1607,0,267,579,0,-207,0
1607,5,30,412,0,66,0
1607,12,664,491,0,-253,0
1607,15,155,609,0,-45,0
1607,69,107,640,0,-84,1
1607,99,246,412,0,-34,0
1607,114,330,38,0,56,0
1607,129,416,200,0,65,1
1608,0,266,581,0,-207,0
1608,5,27,411,0,66,0
1608,12,662,492,0,-253,0
1608,15,157,607,0,-45,0
1608,69,110,640,0,-84,1
1608,99,248,410,0,-34,0
1608,114,328,36,0,56,0
1608,129,414,199,0,65,1
1609,0,264,584,0,-207,0
1609,5,24,410,0,66,0
1609,12,659,493,0,-253,0
1609,15,159,605,0,-45,0
1609,69,113,640,0,-84,1
1609,99,250,407,0,-34,0
1609,114,325,34,0,48,0
1609,129,411,198,0,65,1
1610,0,263,587,0,-207,0
1610,5,21,409,0,80,0
1610,12,656,494,0,-253,0
1610,15,161,603,0,-45,0
1610,69,116,639,0,-84,1
1610,99,251,404,0,-19,0
1610,114,323,32,0,48,0
1610,129,408,196,0,65,1
1611,0,262,589,0,-207,0
1611,5,18,409,0,80,0
1611,12,653,495,0,-253,0
1611,15,163,601,0,-45,0
1611,69,119,639,0,-84,1
1611,99,252,402,0,-19,0
1611,114,321,30,0,48,0
1611,129,406,195,0,65,1
1612,0,260,592,0,-207,0
1612,5,15,408,0,80,0
1612,12,650,496,0,-253,0
1612,15,165,599,0,-45,0
1612,69,122,639,0,-84,1
1612,99,253,399,0,-24,0
1612,114,319,28,0,48,0
1612,129,403,194,0,65,1
1613,0,259,595,0,-207,0
1613,5,12,408,0,80,0
1613,12,647,497,0,-253,0
1613,15,167,597,0,-45,0
1613,69,125,639,0,-84,1
1613,99,254,396,0,-24,0
1613,114,316,26,0,48,0
1613,129,400,193,0,64,1
1614,0,257,597,0,-207,0
1614,5,9,407,0,80,0
1614,12,644,498,0,-253,0
1614,15,170,595,0,-45,0
1614,69,128,638,0,-84,1
1614,99,255,393,0,-24,0
1614,114,314,24,0,48,0
1614,129,397,191,0,64,1
1615,0,256,600,0,-207,0
1615,5,6,407,0,80,0
1615,12,642,499,0,-253,0
1615,15,172,592,0,-45,0
1615,69,131,638,0,-84,1
1615,99,256,391,0,-24,0
1615,114,312,22,0,48,0
1615,129,395,190,0,64,1
1616,0,255,603,0,-207,0
1616,5,3,406,0,80,0
1616,12,639,499,0,-253,0
1616,15,174,590,0,-45,0
1616,69,134,638,0,-84,1
1616,99,258,388,0,-24,0
1616,114,310,20,0,48,0
1616,129,392,189,0,78,1
1617,0,253,605,0,-224,0
1617,5,0,406,0,80,0
1617,12,636,500,0,-253,0
1617,15,176,588,0,-45,0
1617,69,137,637,0,-84,1
1617,99,259,385,0,-24,0
1617,114,307,18,0,48,0
1617,129,389,189,0,78,1
1618,0,251,607,0,-224,0
1618,5,-2,405,0,80,0
1618,12,633,501,0,-253,0
1618,15,178,586,0,-45,0
1618,69,140,637,0,-84,1
1618,99,260,382,0,-24,0
1618,114,305,16,0,48,0
1618,129,386,189,0,-262,1
1619,0,248,609,0,-224,0
1619,5,747,405,0,80,0
1619,12,630,502,0,-253,0
1619,15,180,584,0,-45,0
1619,69,143,637,0,-84,1
1619,99,261,380,0,-24,0
1619,114,303,14,0,48,0
1619,129,383,190,0,-263,1
1620,0,247,612,0,-214,0
1620,5,744,404,0,80,0
1620,12,627,503,0,-253,0
1620,15,182,582,0,-45,0
1620,69,146,636,0,-84,1
1620,99,263,377,0,-24,0
1620,114,301,12,0,48,0
1620,129,380,190,0,-263,1
1621,0,245,614,0,-214,0
1621,5,741,404,0,80,0
1621,12,624,504,0,-253,0
1621,15,184,579,0,-28,0
1621,69,149,637,0,-106,1
1621,99,264,374,0,-24,0
1621,114,299,10,0,48,0
1621,129,377,190,0,-263,1
1622,0,243,617,0,-214,0
1622,5,738,403,0,80,0
1622,12,622,506,0,-235,0
1622,15,185,577,0,-28,0
1622,69,151,638,0,-106,1
1622,99,265,372,0,-24,0
1622,114,296,8,0,48,0
1622,129,374,191,0,-263,1
1623,0,242,619,0,-210,0
1623,5,735,402,0,80,0
1623,12,619,507,0,-235,0
1623,15,187,574,0,-28,0
1623,69,154,639,0,-106,1
1623,99,266,369,0,-24,0
1623,114,294,6,0,48,0
1623,129,371,191,0,-259,1
1624,0,240,622,0,-210,0
1624,5,732,402,0,80,0
1624,12,617,509,0,-235,0
1624,15,188,571,0,-28,0
1624,69,157,639,0,-87,1
1624,99,267,366,0,-24,0
1624,114,292,4,0,48,0
1624,129,368,192,0,-259,1
1625,0,239,624,0,-210,0
1625,5,729,401,0,80,0
1625,12,615,511,0,-235,0
1625,15,189,569,0,-28,0
1625,69,160,639,0,-87,1
1625,99,269,363,0,-24,0
1625,114,290,2,0,48,0
1625,129,365,192,0,-259,1
1626,0,237,627,0,-210,0
1626,5,727,400,0,61,0
1626,12,612,513,0,-235,0
1626,15,191,566,0,-28,0
1626,69,163,638,0,-87,1
1626,99,270,361,0,-24,0
1626,114,287,0,0,44,0
1626,129,362,193,0,-259,1
1627,0,236,630,0,-210,0
1627,5,724,398,0,61,0
1627,12,609,513,0,-257,0
1627,15,192,563,0,-28,0
1627,69,166,638,0,-87,1
1627,99,271,358,0,-24,0
1627,114,285,-2,0,44,0
1627,129,359,194,0,-259,1
1628,0,234,632,0,-210,0
1628,5,722,397,0,61,0
1628,12,606,514,0,-257,0
1628,15,194,561,0,-28,0
1628,69,169,638,0,-87,1
1628,99,272,355,0,-24,0
1628,114,283,748,0,44,0
1628,129,357,195,0,-235,1
1629,0,232,634,0,-225,0
1629,5,719,395,0,61,0
1629,12,604,515,0,-241,0
1629,15,194,558,0,-8,0
1629,69,172,638,0,-82,1
1629,99,274,352,0,-24,0
1629,114,281,746,0,44,0
1629,129,354,197,0,-235,1
1630,0,230,636,0,-225,0
1630,5,716,394,0,61,0
1630,12,601,517,0,-241,0
1630,15,194,555,0,-8,0
1630,69,175,637,0,-82,1
1630,99,276,350,0,-47,0
1630,114,279,743,0,44,0
1630,129,352,199,0,-235,1
1631,0,228,638,0,-225,0
1631,5,714,393,0,61,0
1631,12,598,518,0,-241,0
1631,15,195,552,0,-8,0
1631,69,178,637,0,-82,1
1631,99,278,348,0,-47,0
1631,114,277,742,0,62,0
1631,129,349,200,0,-235,1
1632,0,226,641,0,-208,0
1632,5,711,391,0,61,0
1632,12,596,520,0,-241,0
1632,15,195,549,0,-8,0
1632,69,181,636,0,-82,1
1632,99,280,346,0,-47,0
1632,114,274,742,0,83,0
1632,129,347,202,0,-235,1
1633,0,225,644,0,-208,0
1633,5,708,390,0,61,0
1633,12,593,521,0,-241,0
1633,15,195,546,0,-1,0
1633,69,184,636,0,-82,1
1633,99,282,344,0,-47,0
1633,114,271,741,0,83,0
1633,129,344,204,0,-235,1
1634,0,224,646,0,-208,0
1634,5,706,388,0,61,0
1634,12,591,523,0,-241,0
1634,15,196,543,0,-12,0
1634,69,187,636,0,-82,1
1634,99,285,343,0,-63,0
1634,114,268,742,0,-253,0
1634,129,342,206,0,-235,1
1635,0,222,649,0,-208,0
1635,5,703,387,0,61,0
1635,12,588,523,0,-260,0
1635,15,197,540,0,-12,0
1635,69,190,635,0,-85,1
1635,99,288,341,0,-63,0
1635,114,265,743,0,-253,0
1635,129,340,207,0,-235,1
1636,0,222,652,0,-194,0
1636,5,701,385,0,61,0
1636,12,585,524,0,-260,0
1636,15,197,537,0,-12,0
1636,69,193,635,0,-85,1
1636,99,290,340,0,-63,0
1636,114,262,744,0,-253,0
1636,129,337,209,0,-235,1
1637,0,221,655,0,-194,0
1637,5,698,384,0,61,0
1637,12,582,524,0,-260,0
1637,15,198,534,0,-12,0
1637,69,196,635,0,-85,1
1637,99,293,339,0,-63,0
1637,114,259,745,0,-253,0
1637,129,335,211,0,-235,1
1638,0,220,658,0,-194,0
1638,5,695,383,0,70,0
1638,12,579,525,0,-260,0
1638,15,198,531,0,-12,0
1638,69,199,635,0,-85,1
1638,99,296,337,0,-63,0
1638,114,256,746,0,-253,0
1638,129,332,212,0,-235,1
1639,0,219,661,0,-194,0
1639,5,692,382,0,70,0
1639,12,576,525,0,-260,0
1639,15,199,528,0,-12,0
1639,69,202,634,0,-74,1
1639,99,298,336,0,-63,0
1639,114,253,747,0,-253,0
1639,129,330,214,0,-235,1
1640,0,219,664,0,-194,0
1640,5,690,381,0,70,0
1640,12,573,526,0,-260,0
1640,15,200,525,0,-12,0
1640,69,205,633,0,-74,1
1640,99,301,336,0,-88,0
1640,114,251,747,0,-253,0
1640,129,327,216,0,-235,1
1641,0,219,667,0,-183,0
1641,5,687,380,0,70,0
1641,12,570,526,0,-260,0
1641,15,200,522,0,-12,0
1641,69,208,632,0,-74,1
1641,99,304,336,0,-88,0
1641,114,248,748,0,-253,0
1641,129,325,218,0,-235,1
1642,0,218,670,0,-183,0
1642,5,684,378,0,70,0
1642,12,567,527,0,-260,0
1642,15,201,519,0,-12,0
1642,69,211,631,0,-74,1
1642,99,307,336,0,-88,0
1642,114,245,749,0,-253,0
1642,129,322,219,0,-235,1
1643,0,218,673,0,-183,0
1643,5,681,377,0,70,0
1643,12,564,528,0,-260,0
1643,15,202,516,0,-12,0
1643,69,213,630,0,-74,1
1643,99,310,336,0,-88,0
1643,114,243,751,0,-227,0
1643,129,320,221,0,-235,1
1644,0,218,676,0,-183,0
1644,5,678,376,0,70,0
1644,12,561,528,0,-260,0
1644,15,202,514,0,-12,0
1644,69,216,631,0,-99,1
1644,99,313,337,0,-116,0
1644,114,240,2,0,-227,0
1644,129,317,223,0,-235,1
1645,0,218,679,0,-183,0
1645,5,675,375,0,70,0
1645,12,558,529,0,-260,0
1645,15,204,511,0,-36,0
1645,69,219,631,0,-99,1
1645,99,316,338,0,-116,0
1645,114,238,4,0,-227,0
1645,129,315,225,0,-226,1
1646,0,218,682,0,-183,0
1646,5,673,374,0,71,0
1646,12,555,529,0,-255,0
1646,15,207,510,0,-61,0
1646,69,222,632,0,-102,1
1646,99,319,339,0,-116,0
1646,114,236,6,0,-227,0
1646,129,313,227,0,-226,1
1647,0,218,685,0,-183,0
1647,5,670,374,0,90,0
1647,12,552,530,0,-255,0
1647,15,209,508,0,-61,0
1647,69,225,632,0,-102,1
1647,99,321,340,0,-103,0
1647,114,234,8,0,-227,0
1647,129,311,229,0,-226,1
1648,0,218,688,0,-171,0
1648,5,667,375,0,-258,0
1648,12,549,531,0,-255,0
1648,15,212,508,0,-87,0
1648,69,228,632,0,-79,1
1648,99,324,340,0,-94,0
1648,114,232,10,0,-227,0
1648,129,309,231,0,-226,1
1649,0,219,691,0,-171,0
1649,5,664,376,0,-245,0
1649,12,546,532,0,-255,0
1649,15,215,508,0,-87,0
1649,69,231,632,0,-93,1
1649,99,327,341,0,-94,0
1649,114,229,12,0,-227,0
1649,129,307,233,0,-226,1
1650,0,219,694,0,-171,0
1650,5,661,378,0,-245,0
1650,12,544,532,0,-255,0
1650,15,218,508,0,-95,0
1650,69,234,632,0,-93,1
1650,99,330,341,0,-94,0
1650,114,227,14,0,-227,0
1650,129,304,234,0,-243,1
1651,0,220,696,0,-171,0
1651,5,659,379,0,-245,0
1651,12,541,533,0,-255,0
1651,15,221,510,0,-124,0
1651,69,237,632,0,-93,1
1651,99,333,341,0,-94,0
1651,114,225,16,0,-227,0
1651,129,301,235,0,-259,1
1652,0,220,699,0,-171,0
1652,5,656,380,0,-245,0
1652,12,538,534,0,-255,0
1652,15,223,511,0,-124,0
1652,69,240,632,0,-93,1
1652,99,336,341,0,-94,0
1652,114,223,18,0,-227,0
1652,129,298,236,0,-259,1
1653,0,220,702,0,-180,0
1653,5,653,381,0,-262,0
1653,12,535,535,0,-255,0
1653,15,226,513,0,-124,0
1653,69,243,633,0,-93,1
1653,99,339,341,0,-94,0
1653,114,221,20,0,-227,0
1653,129,295,236,0,-259,1
1654,0,220,705,0,-180,0
1654,5,650,381,0,-262,0
1654,12,532,535,0,-255,0
1654,15,228,515,0,-124,0
1654,69,246,633,0,-93,1
1654,99,342,343,0,-120,0
1654,114,218,22,0,-227,0
1654,129,292,237,0,-259,1
1655,0,220,708,0,-180,0
1655,5,647,381,0,-262,0
1655,12,529,536,0,-255,0
1655,15,231,516,0,-124,0
1655,69,249,633,0,-93,1
1655,99,345,344,0,-120,0
1655,114,216,24,0,-247,0
1655,129,289,237,0,-259,1
1656,0,221,711,0,-160,0
1656,5,644,382,0,-262,0
1656,12,526,537,0,-255,0
1656,15,233,518,0,-124,0
1656,69,252,633,0,-99,1
1656,99,347,346,0,-120,0
1656,114,213,25,0,-247,0
1656,129,286,238,0,-259,1
1657,0,222,714,0,-160,0
1657,5,641,382,0,-262,0
1657,12,523,538,0,-244,0
1657,15,236,520,0,-124,0
1657,69,255,634,0,-99,1
1657,99,350,347,0,-120,0
1657,114,210,25,0,86,0
1657,129,283,238,0,-264,1
1658,0,223,717,0,-160,0
1658,5,638,383,0,-262,0
1658,12,521,540,0,-244,0
1658,15,238,521,0,-124,0
1658,69,258,634,0,-99,1
1658,99,352,349,0,-120,0
1658,114,207,24,0,79,0
1658,129,280,239,0,-252,1
1659,0,224,720,0,-160,0
1659,5,635,383,0,-262,0
1659,12,518,541,0,-244,0
1659,15,241,523,0,-124,0
1659,69,261,635,0,-99,1
1659,99,355,349,0,-96,0
1659,114,204,23,0,79,0
1659,129,278,240,0,-252,1
1660,0,225,723,0,-160,0
1660,5,632,384,0,-262,0
1660,12,515,541,0,-264,0
1660,15,243,525,0,-124,0
1660,69,264,635,0,-99,1
1660,99,358,349,0,-96,0
1660,114,201,23,0,79,0
1660,129,275,240,0,88,1
1661,0,226,725,0,-160,0
1661,5,629,384,0,-252,0
1661,12,512,541,0,-264,0
1661,15,246,526,0,-106,0
1661,69,267,636,0,-99,1
1661,99,361,350,0,-96,0
1661,114,198,22,0,79,0
1661,129,272,240,0,88,1
1662,0,227,728,0,-160,0
1662,5,626,385,0,-252,0
1662,12,509,541,0,83,0
1662,15,249,526,0,-106,0
1662,69,270,636,0,-99,1
1662,99,364,350,0,-96,0
1662,114,195,22,0,79,0
1662,129,269,240,0,88,1
1662,130,269,239,0,70,1
1663,0,228,731,0,-160,0
1663,5,624,386,0,-252,0
1663,12,506,541,0,83,0
1663,15,252,526,0,-90,0
1663,69,273,637,0,-99,1
1663,99,367,350,0,-96,0
1663,114,192,21,0,79,0
1663,129,266,239,0,88,1
1663,130,266,238,0,70,1
1664,0,229,734,0,-160,0
1664,5,621,387,0,-252,0
1664,12,503,540,0,83,0
1664,15,255,526,0,-90,0
1664,69,276,637,0,-99,1
1664,99,370,351,0,-96,0
1664,114,189,21,0,79,0
1664,129,263,239,0,88,1
1664,130,263,237,0,70,1
1665,0,230,737,0,-160,0
1665,5,618,388,0,-252,0
1665,12,500,540,0,-269,0
1665,15,258,526,0,-90,0
1665,69,279,637,0,-86,1
1665,99,373,351,0,-96,0
1665,114,187,19,0,66,0
1665,129,260,239,0,88,1
1665,130,260,236,0,70,1
1666,0,231,739,0,-160,0
1666,5,615,389,0,-252,0
1666,12,497,541,0,-267,0
1666,15,261,526,0,-90,0
1666,69,282,637,0,-86,1
1666,99,376,351,0,-96,0
1666,114,184,18,0,70,0
1666,129,257,239,0,88,1
1666,130,258,234,0,57,1
1667,0,234,741,0,-134,0
1667,5,612,390,0,-252,0
1667,12,494,539,0,65,0
1667,15,264,526,0,-90,0
1667,69,285,636,0,-64,1
1667,99,379,350,0,-69,0
1667,114,181,17,0,70,0
1667,129,254,239,0,88,1
1667,130,255,232,0,57,1
1668,15,267,525,0,-65,0
1668,69,287,634,0,-64,1
1668,99,382,350,0,-94,0
1668,114,178,16,0,66,0
1668,129,251,239,0,88,1
1668,130,253,231,0,57,1
1668,131,251,239,0,88,1
1669,15,269,524,0,-65,0
1669,69,290,633,0,-64,1
1669,99,385,351,0,-94,0
1669,114,175,15,0,66,0
1669,129,248,239,0,88,1
1669,130,250,229,0,57,1
1669,131,248,239,0,88,1
1670,15,272,523,0,-65,0
1670,69,293,632,0,-64,1
1670,99,388,351,0,-94,0
1670,114,173,14,0,66,0
1670,129,245,238,0,82,1
1670,130,248,227,0,57,1
1670,131,245,239,0,88,1
1671,15,275,521,0,-65,0
1671,69,295,630,0,-64,1
1671,99,391,351,0,-94,0
1671,114,170,12,0,66,0
1671,129,242,238,0,82,1
1671,130,245,226,0,57,1
1671,131,242,239,0,88,1
1672,15,276,519,0,-37,0
1672,69,298,629,0,-64,1
1672,99,394,351,0,-94,0
1672,114,167,12,0,-269,0
1672,129,239,239,0,-249,1
1672,130,243,224,0,57,1
1672,131,239,238,0,88,1
1673,15,278,516,0,-37,0
1673,69,301,628,0,-64,1
1673,99,397,351,0,-94,0
1673,114,164,12,0,-269,0
1673,129,236,240,0,-249,1
1673,130,240,222,0,57,1
1673,131,236,238,0,88,1
1674,15,280,514,0,-37,0
1674,69,303,626,0,-64,1
1674,99,400,352,0,-94,0
1674,114,161,13,0,-249,0
1674,129,233,241,0,-249,1
1674,130,238,220,0,45,1
1674,131,233,238,0,88,1
1675,15,282,512,0,-50,0
1675,69,306,625,0,-64,1
1675,99,403,351,0,-85,0
1675,114,158,14,0,-249,0
1675,129,230,242,0,-249,1
1675,130,236,218,0,45,1
1675,131,230,238,0,88,1
1676,15,285,510,0,-50,0
1676,69,309,624,0,-64,1
1676,99,406,351,0,-85,0
1676,114,156,16,0,-249,0
1676,129,228,243,0,-249,1
1676,130,234,216,0,45,1
1676,131,227,238,0,88,1
1677,15,287,508,0,-50,0
1677,69,311,622,0,-64,1
1677,99,409,351,0,-85,0
1677,114,153,17,0,-249,0
1677,129,225,244,0,-249,1
1677,130,233,213,0,26,1
1677,131,224,238,0,88,1
1678,15,289,506,0,-50,0
1678,69,314,621,0,-64,1
1678,99,412,350,0,-85,0
1678,114,150,18,0,-249,0
1678,129,222,246,0,-249,1
1678,130,231,211,0,26,1
1678,131,221,238,0,88,1
1679,15,292,504,0,-50,0
1679,69,317,620,0,-64,1
1679,99,415,350,0,-85,0
1679,114,147,19,0,-249,0
1679,129,219,247,0,-249,1
1679,130,230,208,0,26,1
1679,131,218,238,0,88,1
1680,15,294,503,0,-50,0
1680,69,320,619,0,-64,1
1680,99,418,350,0,-85,0
1680,114,144,20,0,-249,0
1680,129,216,248,0,-249,1
1680,130,229,205,0,26,1
1680,131,215,236,0,58,1
1681,15,295,500,0,-27,0
1681,69,322,617,0,-59,1
1681,99,421,350,0,-85,0
1681,114,141,21,0,-249,0
1681,129,214,249,0,-249,1
1681,130,227,203,0,26,1
1681,131,212,235,0,58,1
1682,15,297,497,0,-27,0
1682,69,325,615,0,-59,1
1682,99,424,349,0,-87,0
1682,114,139,22,0,-249,0
1682,129,211,248,0,83,1
1682,130,225,201,0,51,1
1682,131,210,233,0,58,1
1683,15,298,495,0,-27,0
1683,69,327,614,0,-59,1
1683,99,427,349,0,-87,0
1683,114,136,23,0,-249,0
1683,129,208,248,0,83,1
1683,130,223,199,0,51,1
1683,131,207,231,0,58,1
1684,15,300,492,0,-44,0
1684,69,330,614,0,-82,1
1684,99,430,349,0,-92,0
1684,114,133,23,0,-266,0
1684,129,205,248,0,83,1
1684,130,220,198,0,75,1
1684,131,205,230,0,58,1
1685,15,302,490,0,-44,0
1685,69,333,613,0,-82,1
1685,99,433,349,0,-92,0
1685,114,130,23,0,-266,0
1685,129,202,247,0,83,1
1685,130,217,197,0,75,1
1685,131,202,228,0,58,1
1686,15,304,488,0,-44,0
1686,69,336,613,0,-82,1
1686,99,436,350,0,-96,0
1686,114,127,24,0,-266,0
1686,129,199,247,0,88,1
1686,130,214,197,0,89,1
1686,131,200,227,0,58,1
1687,15,306,486,0,-44,0
1687,69,339,612,0,-82,1
1687,99,439,350,0,-96,0
1687,114,124,24,0,-266,0
1687,129,196,247,0,88,1
1687,130,211,197,0,89,1
1687,131,197,225,0,58,1
1688,15,308,484,0,-44,0
1688,69,342,612,0,-82,1
1688,99,442,350,0,-96,0
1688,114,121,25,0,-251,0
1688,129,193,247,0,88,1
1688,130,208,197,0,89,1
1688,131,195,223,0,58,1
1689,15,311,482,0,-44,0
1689,69,345,613,0,-108,1
1689,99,445,351,0,-96,0
1689,114,118,26,0,-248,0
1689,129,190,247,0,88,1
1689,130,205,197,0,89,1
1689,131,192,222,0,58,1
1690,15,313,479,0,-44,0
1690,69,348,614,0,-115,1
1690,99,448,351,0,-96,0
1690,114,115,26,0,87,0
1690,129,187,248,0,-252,1
1690,130,202,197,0,89,1
1690,131,189,220,0,58,1
1691,15,315,477,0,-44,0
1691,69,350,615,0,-115,1
1691,99,451,351,0,-96,0
1691,114,112,26,0,87,0
1691,129,184,249,0,-252,1
1691,130,199,196,0,64,1
1691,131,187,219,0,58,1
1692,15,317,475,0,-44,0
1692,69,353,617,0,-115,1
1692,99,454,352,0,-96,0
1692,114,109,25,0,87,0
1692,129,181,250,0,-252,1
1692,130,196,194,0,64,1
1692,131,184,217,0,58,1
1693,15,319,473,0,-44,0
1693,69,356,618,0,-115,1
1693,99,457,352,0,-96,0
1693,114,106,25,0,87,0
1693,129,178,251,0,-252,1
1693,130,194,193,0,56,1
1693,131,182,216,0,58,1
1694,15,321,471,0,-44,0
1694,69,359,619,0,-115,1
1694,99,460,352,0,-96,0
1694,114,103,25,0,87,0
1694,129,175,252,0,-252,1
1694,130,191,191,0,56,1
1694,131,179,214,0,58,1
1695,15,323,469,0,-44,0
1695,69,361,621,0,-115,1
1695,99,463,353,0,-96,0
1695,114,100,25,0,87,0
1695,129,173,253,0,-252,1
1695,130,189,189,0,56,1
1695,131,177,213,0,68,1
1696,15,325,466,0,-44,0
1696,69,364,622,0,-115,1
1696,99,466,353,0,-96,0
1696,114,97,25,0,-266,0
1696,129,170,254,0,-252,1
1696,130,186,188,0,56,1
1696,131,174,212,0,68,1
1697,15,327,464,0,-44,0
1697,69,367,623,0,-115,1
1697,99,469,353,0,-96,0
1697,114,94,25,0,79,0
1697,129,167,254,0,-252,1
1697,130,184,186,0,56,1
1697,131,171,211,0,69,1
1698,15,329,462,0,-44,0
1698,69,369,624,0,-115,1
1698,99,472,354,0,-96,0
1698,114,91,24,0,79,0
1698,129,164,255,0,-264,1
1698,130,182,184,0,51,1
1698,131,168,210,0,69,1
1699,15,331,460,0,-44,0
1699,69,372,626,0,-115,1
1699,99,475,354,0,-96,0
1699,114,88,23,0,79,0
1699,129,161,255,0,-264,1
1699,130,180,181,0,27,1
1699,131,165,209,0,69,1
1700,15,333,458,0,-44,0
1700,69,375,627,0,-115,1
1700,99,478,354,0,-96,0
1700,114,86,23,0,79,0
1700,129,158,255,0,-264,1
1700,130,179,179,0,29,1
1700,131,163,206,0,42,1
1701,15,334,455,0,-19,0
1701,69,378,628,0,-115,1
1701,99,481,355,0,-96,0
1701,114,83,22,0,79,0
1701,129,155,256,0,-264,1
1701,130,177,176,0,29,1
1701,131,161,204,0,42,1
1702,15,335,452,0,-19,0
1702,69,380,630,0,-115,1
1702,99,484,355,0,-96,0
1702,114,80,21,0,55,0
1702,129,152,256,0,-264,1
1702,130,176,174,0,29,1
1702,131,159,202,0,42,1
1703,15,337,450,0,-42,0
1703,69,383,631,0,-115,1
1703,99,487,355,0,-96,0
1703,114,78,19,0,55,0
1703,129,149,256,0,-264,1
1703,130,174,171,0,29,1
1703,131,157,200,0,42,1
1704,15,339,448,0,-42,0
1704,69,386,632,0,-111,1
1704,99,490,356,0,-96,0
1704,114,75,17,0,55,0
1704,129,146,257,0,-264,1
1704,130,173,168,0,33,1
1704,131,155,197,0,42,1
1705,15,341,445,0,-42,0
1705,69,389,633,0,-111,1
1705,99,493,356,0,-96,0
1705,114,73,15,0,55,0
1705,129,143,257,0,-264,1
1705,130,171,166,0,33,1
1705,131,153,195,0,42,1
1706,15,343,443,0,-42,0
1706,69,391,634,0,-111,1
1706,99,496,356,0,-96,0
1706,114,71,13,0,38,0
1706,129,140,257,0,-264,1
1706,130,169,163,0,33,1
1706,131,151,193,0,42,1
1707,15,345,441,0,-42,0
1707,69,394,635,0,-111,1
1707,99,499,357,0,-96,0
1707,114,68,12,0,64,0
1707,129,137,258,0,-264,1
1707,130,168,161,0,33,1
1707,131,149,191,0,42,1
1708,15,347,439,0,-42,0
1708,69,397,636,0,-111,1
1708,99,502,357,0,-96,0
1708,114,66,10,0,64,0
1708,129,134,258,0,-264,1
1708,130,166,158,0,33,1
1708,131,147,189,0,49,1
1709,15,349,436,0,-42,0
1709,69,400,638,0,-115,1
1709,99,505,357,0,-96,0
1709,114,63,9,0,64,0
1709,129,131,258,0,-264,1
1709,130,166,155,0,6,1
1709,131,145,187,0,49,1
1710,15,351,434,0,-42,0
1710,69,402,639,0,-115,1
1710,99,508,357,0,-85,0
1710,114,60,8,0,64,0
1710,129,128,258,0,-264,1
1710,130,166,152,0,6,1
1710,131,143,184,0,32,1
1711,15,353,432,0,-42,0
1711,69,405,639,0,-99,1
1711,99,511,357,0,-85,0
1711,114,57,7,0,80,0
1711,129,125,260,0,-246,1
1711,130,165,149,0,6,1
1711,131,142,182,0,32,1
1712,15,355,430,0,-42,0
1712,69,408,640,0,-99,1
1712,99,514,357,0,-91,0
1712,114,55,6,0,57,0
1712,129,123,261,0,-246,1
1712,130,165,146,0,6,1
1712,131,139,180,0,56,1
1713,15,357,427,0,-42,0
1713,69,411,640,0,-99,1
1713,99,517,357,0,-91,0
1713,114,52,4,0,57,0
1713,129,120,262,0,-246,1
1713,130,165,143,0,6,1
1713,131,137,178,0,56,1
1714,15,359,425,0,-42,0
1714,69,414,641,0,-99,1
1714,99,520,357,0,-91,0
1714,114,50,2,0,57,0
1714,129,117,263,0,-246,1
1714,130,164,140,0,6,1
1714,131,134,177,0,56,1
1715,15,361,423,0,-42,0
1715,69,417,641,0,-99,1
1715,99,523,357,0,-91,0
1715,114,47,1,0,57,0
1715,129,114,265,0,-246,1
1715,130,164,138,0,6,1
1715,131,132,175,0,56,1
1716,15,363,421,0,-42,0
1716,69,420,643,0,-124,1
1716,99,525,358,0,-114,0
1716,114,45,-2,0,40,0
1716,129,112,267,0,-233,1
1716,130,164,135,0,6,1
1716,131,129,173,0,56,1
1717,15,365,419,0,-42,0
1717,69,422,645,0,-124,1
1717,99,528,360,0,-114,0
1717,114,43,748,0,40,0
1717,129,110,268,0,-233,1
1717,130,163,132,0,6,1
1717,131,127,172,0,56,1
1718,15,367,416,0,-42,0
1718,69,425,646,0,-124,1
1718,99,531,361,0,-114,0
1718,114,41,745,0,40,0
1718,129,107,270,0,-233,1
1718,130,164,129,0,-22,1
1718,131,124,170,0,56,1
1719,15,369,414,0,-42,0
1719,69,426,649,0,-151,1
1719,99,533,363,0,-132,0
1719,114,39,743,0,40,0
1719,129,105,272,0,-233,1
1719,130,165,126,0,-22,1
1719,131,122,168,0,45,1
1720,15,371,412,0,-42,0
1720,69,428,652,0,-151,1
1720,99,535,365,0,-132,0
1720,114,37,741,0,49,0
1720,129,103,274,0,-233,1
1720,130,165,123,0,4,1
1720,131,120,166,0,45,1
1721,15,373,410,0,-42,0
1721,69,429,654,0,-151,1
1721,99,537,367,0,-132,0
1721,114,35,739,0,49,0
1721,129,100,276,0,-233,1
1721,130,166,120,0,-9,1
1721,131,118,164,0,45,1
1722,15,375,407,0,-42,0
1722,69,430,657,0,-151,1
1722,99,540,369,0,-132,0
1722,114,32,738,0,71,0
1722,129,97,276,0,-255,1
1722,130,166,117,0,-9,1
1722,131,116,161,0,34,1
1723,15,377,405,0,-42,0
1723,69,432,659,0,-151,1
1723,99,542,371,0,-132,0
1723,114,29,737,0,71,0
1723,129,94,277,0,-255,1
1723,130,167,114,0,-9,1
1723,131,114,159,0,34,1
1724,15,379,403,0,-42,0
1724,69,433,662,0,-151,1
1724,99,544,373,0,-132,0
1724,114,26,736,0,71,0
1724,129,91,278,0,-255,1
1724,130,167,111,0,-9,1
1724,131,113,156,0,34,1
1725,15,381,401,0,-42,0
1725,69,433,665,0,-180,1
1725,99,546,375,0,-132,0
1725,114,24,735,0,71,0
1725,129,89,280,0,-235,1
1725,130,168,108,0,-19,1
1725,131,111,154,0,34,1
1726,15,383,398,0,-42,0
1726,69,433,668,0,-180,1
1726,99,549,377,0,-132,0
1726,114,21,734,0,71,0
1726,129,87,281,0,-235,1
1726,130,169,106,0,-19,1
1726,131,109,151,0,34,1
1727,15,385,396,0,-42,0
1727,69,433,671,0,-180,1
1727,99,551,379,0,-132,0
1727,114,18,733,0,71,0
1727,129,84,283,0,-235,1
1727,130,170,103,0,-19,1
1727,131,108,149,0,34,1
1728,15,387,394,0,-42,0
1728,69,434,674,0,-169,1
1728,99,553,381,0,-132,0
1728,114,15,732,0,71,0
1728,129,82,285,0,-235,1
1728,130,172,100,0,-43,1
1728,131,107,146,0,12,1
1729,15,389,391,0,-31,0
1729,69,435,677,0,-169,1
1729,99,555,383,0,-132,0
1729,114,12,731,0,71,0
1729,129,80,287,0,-217,1
1729,130,174,98,0,-43,1
1729,131,106,143,0,12,1
1730,15,390,389,0,-31,0
1730,69,436,680,0,-155,1
1730,99,557,385,0,-146,0
1730,114,10,729,0,52,0
1730,129,78,290,0,-217,1
1730,130,176,96,0,-43,1
1730,131,106,140,0,6,1
1731,15,392,386,0,-31,0
1731,69,436,683,0,-180,1
1731,99,559,388,0,-146,0
1731,114,7,728,0,54,0
1731,129,76,292,0,-217,1
1731,130,178,94,0,-43,1
1731,131,106,137,0,6,1
1732,15,393,384,0,-31,0
1732,69,436,686,0,-180,1
1732,99,560,390,0,-146,0
1732,114,5,726,0,68,0
1732,129,74,294,0,-217,1
1732,130,180,92,0,-45,1
1732,131,106,134,0,6,1
1733,15,395,381,0,-31,0
1733,69,436,689,0,-180,1
1733,99,562,393,0,-146,0
1733,114,2,725,0,68,0
1733,129,73,297,0,-217,1
1733,130,183,90,0,-45,1
1733,131,105,131,0,6,1
1734,15,397,378,0,-31,0
1734,69,436,692,0,-180,1
1734,99,564,395,0,-146,0
1734,114,-1,724,0,68,0
1734,129,72,300,0,-201,1
1734,130,185,87,0,-45,1
1734,131,106,128,0,-22,1
1735,15,398,376,0,-31,0
1735,69,436,695,0,-180,1
1735,99,565,398,0,-146,0
1735,114,747,723,0,68,0
1735,129,69,302,0,-226,1
1735,130,187,85,0,-45,1
1735,131,109,126,0,-46,1
1736,15,400,374,0,-40,0
1736,69,436,698,0,-180,1
1736,99,567,400,0,-146,0
1736,114,744,722,0,68,0
1736,129,67,304,0,-226,1
1736,130,188,83,0,-32,1
1736,131,111,124,0,-46,1
1737,15,402,371,0,-40,0
1737,69,436,701,0,-180,1
1737,99,569,403,0,-146,0
1737,114,742,721,0,68,0
1737,129,66,307,0,-203,1
1737,130,190,80,0,-32,1
1737,131,113,122,0,-46,1
1738,15,405,370,0,-66,0
1738,69,437,703,0,-161,1
1738,99,570,405,0,-146,0
1738,114,739,720,0,68,0
1738,129,65,309,0,-203,1
1738,130,192,78,0,-40,1
1738,131,115,120,0,-46,1
1739,15,407,369,0,-66,0
1739,69,438,706,0,-161,1
1739,99,572,408,0,-146,0
1739,114,736,719,0,68,0
1739,129,64,312,0,-203,1
1739,130,194,76,0,-40,1
1739,131,117,118,0,-46,1
1740,15,410,368,0,-66,0
1740,69,439,709,0,-161,1
1740,99,573,410,0,-146,0
1740,114,733,718,0,68,0
1740,129,63,315,0,-203,1
1740,130,196,73,0,-40,1
1740,131,119,115,0,-36,1
1741,15,413,366,0,-66,0
1741,69,440,712,0,-161,1
1741,99,575,413,0,-146,0
1741,114,730,716,0,68,0
1741,129,63,318,0,-177,1
1741,130,198,71,0,-40,1
1741,131,121,113,0,-36,1
1742,15,416,365,0,-66,0
1742,69,441,715,0,-161,1
1742,99,577,415,0,-146,0
1742,114,728,715,0,68,0
1742,129,64,321,0,-152,1
1742,130,200,69,0,-40,1
1742,131,121,110,0,-16,1
1743,15,418,364,0,-66,0
1743,69,442,718,0,-161,1
1743,99,578,418,0,-146,0
1743,114,725,715,0,77,0
1743,129,66,323,0,-152,1
1743,130,202,66,0,-40,1
1743,131,123,108,0,-39,1
1744,15,421,363,0,-66,0
1744,69,443,721,0,-161,1
1744,99,580,420,0,-146,0
1744,114,722,714,0,77,0
1744,129,67,326,0,-153,1
1744,130,203,64,0,-40,1
1744,131,125,105,0,-39,1
1745,15,424,361,0,-66,0
1745,69,443,723,0,-161,1
1745,99,581,423,0,-155,0
1745,114,719,713,0,77,0
1745,129,68,329,0,-153,1
1745,130,204,61,0,-19,1
1745,131,127,103,0,-39,1
1746,15,427,360,0,-66,0
1746,69,444,726,0,-161,1
1746,99,583,426,0,-155,0
1746,114,716,713,0,77,0
1746,129,70,331,0,-153,1
1746,130,206,59,0,-30,1
1746,131,129,101,0,-39,1
1747,15,429,359,0,-66,0
1747,69,445,729,0,-161,1
1747,99,585,428,0,-128,0
1747,114,713,712,0,77,0
1747,129,71,334,0,-153,1
1747,130,207,56,0,-15,1
1747,131,131,99,0,-44,1
1748,15,432,358,0,-66,0
1748,69,446,732,0,-161,1
1748,99,588,429,0,-107,0
1748,114,710,711,0,77,0
1748,129,72,337,0,-153,1
1748,130,208,53,0,-15,1
1748,131,133,96,0,-44,1
1749,15,435,356,0,-66,0
1749,69,447,735,0,-161,1
1749,99,591,429,0,-107,0
1749,114,707,710,0,68,0
1749,129,73,339,0,-161,1
1749,130,208,50,0,-15,1
1749,131,135,94,0,-44,1
1750,15,437,355,0,-66,0
1750,69,448,738,0,-161,1
1750,99,594,430,0,-107,0
1750,114,705,709,0,68,0
1750,129,74,342,0,-161,1
1750,130,210,48,0,-35,1
1750,131,137,92,0,-44,1
1751,15,440,354,0,-66,0
1751,69,449,740,0,-161,1
1751,99,597,431,0,-107,0
1751,114,702,708,0,68,0
1751,129,75,345,0,-161,1
1751,130,212,45,0,-35,1
1751,131,139,90,0,-44,1
1752,15,443,353,0,-66,0
1752,69,450,743,0,-161,1
1752,99,599,432,0,-107,0
1752,114,699,707,0,68,0
1752,129,76,348,0,-161,1
1752,130,213,43,0,-35,1
1752,131,141,88,0,-44,1
1753,15,446,352,0,-66,0
1753,69,451,746,0,-161,1
1753,99,602,431,0,-79,0
1753,114,696,706,0,68,0
1753,129,77,351,0,-161,1
1753,130,215,40,0,-35,1
1753,131,144,86,0,-44,1
1754,15,448,350,0,-66,0
1754,69,452,749,0,-169,1
1754,99,605,431,0,-79,0
1754,114,693,705,0,68,0
1754,129,78,354,0,-161,1
1754,130,217,38,0,-35,1
1754,131,146,83,0,-44,1
1755,15,451,349,0,-66,0
1755,69,452,752,0,-169,1
1755,99,608,430,0,-79,0
1755,114,691,703,0,68,0
1755,129,79,356,0,-161,1
1755,130,219,35,0,-39,1
1755,131,148,81,0,-44,1
1756,15,454,348,0,-66,0
1756,69,453,3,0,-158,1
1756,99,611,430,0,-79,0
1756,114,688,702,0,68,0
1756,129,80,359,0,-161,1
1756,130,221,33,0,-39,1
1756,131,150,79,0,-44,1
1757,15,456,345,0,-36,0
1757,69,454,6,0,-158,1
1757,99,614,429,0,-79,0
1757,114,685,701,0,68,0
1757,129,81,362,0,-161,1
1757,130,223,31,0,-39,1
1757,131,152,77,0,-44,1
1758,15,457,343,0,-36,0
1758,69,456,8,0,-158,1
1758,99,617,429,0,-79,0
1758,114,682,700,0,68,0
1758,129,82,365,0,-161,1
1758,130,224,28,0,-39,1
1758,131,154,75,0,-44,1
1759,15,459,340,0,-36,0
1759,69,457,11,0,-158,1
1759,99,620,428,0,-79,0
1759,114,680,699,0,68,0
1759,129,83,368,0,-161,1
1759,130,226,26,0,-39,1
1759,131,156,72,0,-44,1
1760,15,461,338,0,-36,0
1760,69,458,14,0,-152,1
1760,99,623,427,0,-81,0
1760,114,677,698,0,68,0
1760,129,84,371,0,-161,1
1760,130,228,24,0,-39,1
1760,131,158,70,0,-44,1
1761,15,462,335,0,-12,0
1761,69,460,16,0,-152,1
1761,99,626,427,0,-81,0
1761,114,674,697,0,68,0
1761,129,85,373,0,-161,1
1761,130,230,22,0,-39,1
1761,131,160,68,0,-44,1
1762,15,462,332,0,-12,0
1762,69,461,19,0,-152,1
1762,99,629,427,0,-81,0
1762,114,671,696,0,68,0
1762,129,86,376,0,-161,1
1762,130,232,19,0,-39,1
1762,131,162,66,0,-44,1
1763,15,463,329,0,-12,0
1763,69,463,21,0,-125,1
1763,99,632,426,0,-81,0
1763,114,668,695,0,68,0
1763,129,87,379,0,-161,1
1763,130,234,17,0,-39,1
1763,131,164,64,0,-44,1
1764,15,463,326,0,-12,0
1764,69,466,22,0,-125,1
1764,99,635,426,0,-81,0
1764,114,666,693,0,68,0
1764,129,88,382,0,-161,1
1764,130,236,15,0,-39,1
1764,131,166,62,0,-44,1
1765,15,464,323,0,-12,0
1765,69,469,24,0,-119,1
1765,99,638,425,0,-81,0
1765,114,663,693,0,88,0
1765,129,89,385,0,-161,1
1765,130,238,12,0,-39,1
1765,131,168,59,0,-44,1
1766,15,465,320,0,-12,0
1766,69,471,25,0,-119,1
1766,99,641,425,0,-81,0
1766,114,660,693,0,88,0
1766,129,90,388,0,-161,1
1766,130,240,10,0,-39,1
1766,131,170,57,0,-44,1
1767,15,465,318,0,-12,0
1767,69,474,27,0,-119,1
1767,99,644,424,0,-81,0
1767,114,657,693,0,88,0
1767,129,91,390,0,-161,1
1767,130,242,8,0,-39,1
1767,131,172,55,0,-44,1
1768,15,466,315,0,-12,0
1768,69,476,28,0,-119,1
1768,99,647,424,0,-81,0
1768,114,654,693,0,88,0
1768,129,92,393,0,-161,1
1768,130,243,5,0,-39,1
1768,131,174,53,0,-36,1
1769,15,467,312,0,-12,0
1769,69,479,30,0,-119,1
1769,99,650,423,0,-81,0
1769,114,651,692,0,66,0
1769,129,93,396,0,-161,1
1769,130,245,3,0,-28,1
1769,131,175,50,0,-19,1
1770,15,467,309,0,-12,0
1770,69,482,31,0,-119,1
1770,99,653,423,0,-81,0
1770,114,648,691,0,66,0
1770,129,94,399,0,-161,1
1770,130,246,0,0,-21,1
1770,131,176,47,0,-19,1
1771,15,469,306,0,-31,0
1771,69,484,33,0,-119,1
1771,99,656,422,0,-81,0
1771,114,645,691,0,89,0
1771,129,95,402,0,-161,1
1771,130,247,747,0,-21,1
1771,131,177,44,0,-19,1
1772,15,470,304,0,-31,0
1772,69,487,34,0,-119,1
1772,99,659,422,0,-81,0
1772,114,643,689,0,62,0
1772,129,96,405,0,-161,1
1772,130,248,744,0,-21,1
1772,131,178,41,0,-11,1
1773,15,472,301,0,-30,0
1773,69,489,36,0,-124,1
1773,99,661,421,0,-81,0
1773,114,640,688,0,62,0
1773,129,97,407,0,-161,1
1773,130,249,742,0,-21,1
1773,131,178,38,0,-14,1
1774,15,473,298,0,-30,0
1774,69,492,38,0,-124,1
1774,99,664,421,0,-81,0
1774,114,637,686,0,62,0
1774,129,98,410,0,-161,1
1774,130,250,739,0,-21,1
1774,131,179,35,0,-14,1
1775,15,475,296,0,-30,0
1775,69,494,39,0,-124,1
1775,99,667,420,0,-67,0
1775,114,634,686,0,-268,0
1775,129,99,413,0,-154,1
1775,130,251,736,0,-21,1
1775,131,180,32,0,-14,1
1776,15,476,293,0,-30,0
1776,69,497,41,0,-124,1
1776,99,670,418,0,-67,0
1776,114,631,686,0,-268,0
1776,129,100,416,0,-154,1
1776,130,252,733,0,-21,1
1776,131,181,30,0,-14,1
1777,15,478,291,0,-30,0
1777,69,499,43,0,-124,1
1777,99,673,417,0,-67,0
1777,114,628,686,0,84,0
1777,129,101,419,0,-161,1
1777,130,253,730,0,-21,1
1777,131,181,27,0,-14,1
1778,15,479,288,0,-30,0
1778,69,502,44,0,-124,1
1778,99,675,416,0,-67,0
1778,114,625,686,0,84,0
1778,129,104,421,0,-137,1
1778,130,254,728,0,-21,1
1778,131,182,24,0,-14,1
1779,15,481,285,0,-30,0
1779,69,504,46,0,-124,1
1779,99,678,415,0,-67,0
1779,114,622,685,0,84,0
1779,129,106,422,0,-117,1
1779,130,256,725,0,-21,1
1779,131,183,21,0,-14,1
1780,15,482,283,0,-30,0
1780,69,507,48,0,-124,1
1780,99,681,414,0,-67,0
1780,114,619,685,0,84,0
1780,129,109,423,0,-117,1
1780,130,257,722,0,-21,1
1780,131,183,18,0,-14,1
1781,15,484,280,0,-30,0
1781,69,509,50,0,-124,1
1781,99,683,412,0,-50,0
1781,114,616,685,0,84,0
1781,129,112,425,0,-117,1
1781,130,258,719,0,-34,1
1781,131,184,15,0,-14,1
1782,15,485,278,0,-30,0
1782,69,512,51,0,-124,1
1782,99,686,410,0,-50,0
1782,114,613,685,0,84,0
1782,129,114,426,0,-117,1
1782,130,260,717,0,-34,1
1782,131,185,12,0,-14,1
1783,15,487,275,0,-30,0
1783,69,514,53,0,-124,1
1783,99,688,408,0,-50,0
1783,114,610,684,0,84,0
1783,129,117,427,0,-117,1
1783,130,262,714,0,-34,1
1783,131,186,9,0,-17,1
1784,15,488,272,0,-30,0
1784,69,516,55,0,-124,1
1784,99,690,406,0,-50,0
1784,114,607,684,0,-267,0
1784,129,120,429,0,-117,1
1784,130,263,712,0,-34,1
1784,131,187,6,0,-17,1
1785,15,489,270,0,-21,0
1785,69,519,56,0,-124,1
1785,99,692,404,0,-50,0
1785,114,604,684,0,-267,0
1785,129,121,431,0,-142,1
1785,130,265,710,0,-34,1
1785,131,187,3,0,-17,1
1786,15,490,267,0,-14,0
1786,69,521,58,0,-124,1
1786,99,695,402,0,-50,0
1786,114,601,685,0,-267,0
1786,129,123,433,0,-142,1
1786,130,267,707,0,-34,1
1786,131,188,1,0,-17,1
1787,15,491,264,0,-13,0
1787,69,524,60,0,-124,1
1787,99,697,400,0,-50,0
1787,114,598,685,0,-267,0
1787,129,125,436,0,-142,1
1787,130,268,705,0,-34,1
1787,131,189,-2,0,-17,1
1788,15,491,261,0,-13,0
1788,69,526,61,0,-124,1
1788,99,699,398,0,-50,0
1788,114,595,685,0,-267,0
1788,129,127,438,0,-142,1
1788,130,270,702,0,-34,1
1788,131,190,747,0,-17,1
1789,15,492,258,0,-13,0
1789,69,529,63,0,-124,1
1789,99,702,396,0,-50,0
1789,114,592,685,0,-267,0
1789,129,129,441,0,-142,1
1789,130,272,700,0,-34,1
1789,131,192,745,0,-33,1
1790,15,493,255,0,-13,0
1790,69,531,65,0,-124,1
1790,99,704,394,0,-50,0
1790,114,589,685,0,-267,0
1790,129,131,443,0,-142,1
1790,130,273,697,0,-34,1
1790,131,193,742,0,-33,1
1791,15,493,252,0,-13,0
1791,69,534,66,0,-124,1
1791,99,706,392,0,-50,0
1791,114,586,685,0,-267,0
1791,129,132,445,0,-148,1
1791,130,275,695,0,-34,1
1791,131,195,740,0,-33,1
1792,15,494,249,0,-13,0
1792,69,536,68,0,-124,1
1792,99,709,390,0,-50,0
1792,114,583,685,0,81,0
1792,129,134,448,0,-148,1
1792,130,277,692,0,-34,1
1792,131,197,737,0,-33,1
1793,15,494,246,0,6,0
1793,69,539,70,0,-124,1
1793,99,711,389,0,-50,0
1793,114,580,684,0,81,0
1793,129,136,450,0,-137,1
1793,130,278,690,0,-34,1
1793,131,198,735,0,-33,1
1794,15,493,243,0,6,0
1794,69,541,72,0,-124,1
1794,99,713,387,0,-50,0
1794,114,577,684,0,81,0
1794,129,138,452,0,-137,1
1794,130,280,687,0,-34,1
1794,131,200,732,0,-33,1
1795,15,493,240,0,6,0
1795,69,544,73,0,-124,1
1795,99,715,385,0,-50,0
1795,114,575,683,0,81,0
1795,129,139,455,0,-153,1
1795,130,282,685,0,-34,1
1795,131,202,730,0,-56,1
1796,15,492,237,0,12,0
1796,69,546,75,0,-133,1
1796,99,718,383,0,-50,0
1796,114,572,683,0,81,0
1796,129,141,458,0,-153,1
1796,130,283,682,0,-34,1
1796,131,204,728,0,-46,1
1797,15,492,234,0,19,0
1797,69,548,77,0,-133,1
1797,99,720,381,0,-50,0
1797,114,569,683,0,85,0
1797,129,143,460,0,-138,1
1797,130,285,680,0,-34,1
1797,131,207,726,0,-46,1
1798,15,491,232,0,19,0
1798,69,550,79,0,-133,1
1798,99,722,379,0,-50,0
1798,114,566,682,0,84,0
1798,129,145,462,0,-138,1
1798,130,287,677,0,-34,1
1798,131,209,724,0,-46,1
1799,15,490,229,0,19,0
1799,69,553,81,0,-133,1
1799,99,725,377,0,-50,0
1799,114,563,682,0,87,0
1799,129,147,464,0,-138,1
1799,130,288,675,0,-34,1
1799,131,211,722,0,-46,1
1800,15,489,226,0,19,0
1800,69,555,83,0,-133,1
1800,99,727,376,0,-67,0
1800,114,560,682,0,87,0
1800,129,148,467,0,-155,1
1800,130,290,672,0,-34,1
1800,131,213,720,0,-46,1
1801,15,488,223,0,19,0
1801,69,557,85,0,-133,1
1801,99,730,375,0,-67,0
1801,114,557,682,0,87,0
1801,129,149,470,0,-155,1
1801,130,292,670,0,-34,1
1801,131,215,718,0,-46,1
1802,15,487,220,0,19,0
1802,69,559,88,0,-145,1
1802,99,733,373,0,-67,0
1802,114,554,682,0,87,0
1802,129,151,473,0,-155,1
1802,130,294,667,0,-34,1
1802,131,217,716,0,-46,1
1803,15,486,217,0,19,0
1803,69,560,91,0,-162,1
1803,99,736,372,0,-67,0
1803,114,551,683,0,-249,0
1803,129,152,475,0,-145,1
1803,130,295,665,0,-34,1
1803,131,220,714,0,-46,1
1804,15,485,214,0,19,0
1804,69,560,94,0,-166,1
1804,99,738,371,0,-67,0
1804,114,548,684,0,-249,0
1804,129,154,478,0,-145,1
1804,130,297,662,0,-34,1
1804,131,222,711,0,-46,1
1805,15,484,212,0,19,0
1805,69,561,97,0,-166,1
1805,99,741,371,0,-88,0
1805,114,545,685,0,-249,0
1805,129,156,480,0,-145,1
1805,130,299,660,0,-34,1
1805,131,224,709,0,-46,1
1806,15,483,209,0,19,0
1806,69,562,99,0,-166,1
1806,99,744,371,0,-88,0
1806,114,542,686,0,-249,0
1806,129,157,482,0,-145,1
1806,130,300,657,0,-34,1
1806,131,227,709,0,-76,1
1807,15,482,206,0,19,0
1807,69,563,102,0,-166,1
1807,99,747,370,0,-74,0
1807,114,540,687,0,-249,0
1807,129,159,485,0,-145,1
1807,130,300,654,0,-4,1
1807,131,230,708,0,-76,1
1808,15,481,203,0,19,0
1808,69,563,105,0,-166,1
1808,99,750,369,0,-74,0
1808,114,537,688,0,-249,0
1808,129,161,487,0,-145,1
1808,130,301,651,0,-16,1
1808,131,232,707,0,-65,1
1809,15,480,200,0,19,0
1809,69,564,108,0,-166,1
1809,99,3,368,0,-64,0
1809,114,534,689,0,-249,0
1809,129,163,490,0,-145,1
1809,130,302,649,0,-16,1
1809,131,235,705,0,-65,1
1810,15,479,197,0,19,0
1810,69,565,111,0,-166,1
1810,99,5,367,0,-64,0
1810,114,531,690,0,-249,0
1810,129,164,492,0,-145,1
1810,130,303,646,0,-10,1
1810,131,238,704,0,-65,1
1811,15,478,195,0,19,0
1811,69,566,114,0,-166,1
1811,99,8,365,0,-64,0
1811,114,528,691,0,-249,0
1811,129,166,495,0,-145,1
1811,130,304,643,0,-23,1
1811,131,241,703,0,-65,1
1812,15,477,192,0,19,0
1812,69,566,117,0,-166,1
1812,99,11,364,0,-64,0
1812,114,525,692,0,-263,0
1812,129,168,497,0,-145,1
1812,130,305,640,0,-23,1
1812,131,243,702,0,-81,1
1813,15,476,189,0,19,0
1813,69,567,120,0,-166,1
1813,99,14,363,0,-64,0
1813,114,523,693,0,-243,0
1813,129,170,500,0,-145,1
1813,130,307,638,0,-31,1
1813,131,246,702,0,-81,1
1814,15,475,186,0,19,0
1814,69,568,123,0,-166,1
1814,99,16,361,0,-64,0
1814,114,520,695,0,-243,0
1814,129,172,501,0,-127,1
1814,130,308,635,0,-31,1
1814,131,249,701,0,-81,1
1815,15,476,183,0,-8,0
1815,69,570,125,0,-145,1
1815,99,19,360,0,-64,0
1815,114,517,696,0,-243,0
1815,129,174,503,0,-127,1
1815,130,310,632,0,-31,1
1815,131,252,701,0,-81,1
1816,15,476,180,0,-8,0
1816,69,571,128,0,-145,1
1816,99,22,359,0,-64,0
1816,114,515,697,0,-243,0
1816,129,177,505,0,-127,1
1816,130,311,630,0,-31,1
1816,131,255,700,0,-75,1
1817,15,476,177,0,-2,0
1817,69,574,129,0,-118,1
1817,99,24,358,0,-64,0
1817,114,512,699,0,-245,0
1817,129,179,507,0,-127,1
1817,130,313,627,0,-31,1
1817,131,258,699,0,-75,1
1818,15,476,174,0,-2,0
1818,69,577,129,0,-96,1
1818,99,27,356,0,-64,0
1818,114,509,700,0,-245,0
1818,129,182,509,0,-127,1
1818,130,315,625,0,-51,1
1818,131,261,699,0,-75,1
1819,15,476,171,0,0,0
1819,69,580,131,0,-118,1
1819,99,30,355,0,-64,0
1819,114,507,701,0,-245,0
1819,129,184,510,0,-127,1
1819,130,317,623,0,-51,1
1819,131,264,698,0,-75,1
1820,15,476,168,0,0,0
1820,69,582,132,0,-118,1
1820,99,32,354,0,-64,0
1820,114,504,702,0,-245,0
1820,129,186,512,0,-127,1
1820,130,319,621,0,-25,1
1820,131,267,697,0,-75,1
1821,15,477,165,0,-12,0
1821,69,585,134,0,-118,1
1821,99,35,352,0,-64,0
1821,114,501,704,0,-245,0
1821,129,189,514,0,-127,1
1821,130,320,618,0,-25,1
1821,131,270,696,0,-75,1
1822,15,478,163,0,-28,0
1822,69,587,135,0,-118,1
1822,99,38,351,0,-64,0
1822,114,498,705,0,-245,0
1822,129,191,516,0,-127,1
1822,130,321,615,0,-15,1
1822,131,273,695,0,-75,1
1823,15,480,160,0,-34,0
1823,69,590,137,0,-118,1
1823,99,40,349,0,-49,0
1823,114,496,706,0,-245,0
1823,129,194,517,0,-127,1
1823,130,322,612,0,-15,1
1823,131,276,695,0,-75,1
1824,15,482,158,0,-34,0
1824,69,593,138,0,-119,1
1824,99,42,347,0,-49,0
1824,114,493,707,0,-245,0
1824,129,196,519,0,-118,1
1824,130,323,610,0,-30,1
1824,131,278,694,0,-75,1
1825,15,483,155,0,-34,0
1825,69,595,139,0,-115,1
1825,99,45,345,0,-49,0
1825,114,490,709,0,-245,0
1825,129,199,520,0,-118,1
1825,130,325,607,0,-30,1
1825,131,281,693,0,-75,1
1826,15,485,153,0,-34,0
1826,69,598,140,0,-115,1
1826,99,47,343,0,-49,0
1826,114,488,710,0,-245,0
1826,129,202,522,0,-118,1
1826,130,326,604,0,-30,1
1826,131,284,692,0,-75,1
1827,15,487,150,0,-34,0
1827,69,601,142,0,-115,1
1827,99,49,341,0,-49,0
1827,114,485,711,0,-245,0
1827,129,205,522,0,-96,1
1827,130,328,602,0,-30,1
1827,131,287,691,0,-75,1
1828,15,488,148,0,-34,0
1828,69,604,143,0,-115,1
1828,99,52,339,0,-49,0
1828,114,482,712,0,-245,0
1828,129,208,522,0,-96,1
1828,130,329,599,0,-34,1
1828,131,290,691,0,-75,1
1829,15,490,145,0,-34,0
1829,69,606,144,0,-115,1
1829,99,54,338,0,-58,0
1829,114,479,713,0,-253,0
1829,129,211,523,0,-96,1
1829,130,331,597,0,-34,1
1829,131,293,690,0,-75,1
1830,15,492,143,0,-34,0
1830,69,609,145,0,-115,1
1830,99,57,336,0,-58,0
1830,114,476,714,0,-253,0
1830,129,214,523,0,-96,1
1830,130,333,594,0,-34,1
1830,131,296,689,0,-75,1
1831,15,493,140,0,-34,0
1831,69,612,147,0,-115,1
1831,99,59,335,0,-58,0
1831,114,474,716,0,-236,0
1831,129,217,523,0,-96,1
1831,130,334,592,0,-34,1
1831,131,299,688,0,-77,1
1832,15,495,138,0,-34,0
1832,69,615,148,0,-115,1
1832,99,62,333,0,-58,0
1832,114,471,718,0,-236,0
1832,129,220,524,0,-96,1
1832,130,335,589,0,-13,1
1832,131,302,688,0,-77,1
1833,15,497,135,0,-34,0
1833,69,617,149,0,-115,1
1833,99,64,332,0,-63,0
1833,114,469,719,0,-236,0
1833,129,222,525,0,-115,1
1833,130,336,586,0,-13,1
1833,131,305,687,0,-77,1
1834,15,498,133,0,-34,0
1834,69,620,150,0,-112,1
1834,99,67,330,0,-63,0
1834,114,466,721,0,-236,0
1834,129,225,526,0,-115,1
1834,130,336,583,0,-13,1
1834,131,307,686,0,-68,1
1835,15,499,130,0,-7,0
1835,69,623,151,0,-112,1
1835,99,70,329,0,-63,0
1835,114,464,723,0,-236,0
1835,129,228,527,0,-115,1
1835,130,337,580,0,-13,1
1835,131,310,685,0,-68,1
1836,15,499,127,0,-7,0
1836,69,626,153,0,-112,1
1836,99,72,328,0,-63,0
1836,114,462,724,0,-236,0
1836,129,230,529,0,-115,1
1836,130,338,577,0,-13,1
1836,131,313,683,0,-59,1
1837,15,500,124,0,-26,0
1837,69,628,154,0,-112,1
1837,99,75,326,0,-63,0
1837,114,459,726,0,-236,0
1837,129,233,530,0,-115,1
1837,130,338,574,0,-13,1
1837,131,315,682,0,-69,1
1838,15,502,121,0,-26,0
1838,69,630,156,0,-141,1
1838,99,78,325,0,-63,0
1838,114,457,728,0,-236,0
1838,129,236,531,0,-115,1
1838,130,339,571,0,-13,1
1838,131,318,681,0,-69,1
1839,15,503,119,0,-26,0
1839,69,632,158,0,-141,1
1839,99,80,324,0,-63,0
1839,114,454,729,0,-236,0
1839,129,239,532,0,-115,1
1839,130,340,569,0,-13,1
1839,131,321,680,0,-74,1
1840,15,504,116,0,-26,0
1840,69,634,161,0,-141,1
1840,99,83,322,0,-63,0
1840,114,452,731,0,-236,0
1840,129,241,534,0,-115,1
1840,130,340,566,0,-13,1
1840,131,324,680,0,-74,1
1841,15,506,114,0,-45,0
1841,69,636,163,0,-141,1
1841,99,86,321,0,-63,0
1841,114,449,731,0,-264,0
1841,129,244,535,0,-115,1
1841,130,342,563,0,-42,1
1841,131,327,679,0,-74,1
1842,15,509,112,0,-45,0
1842,69,638,165,0,-141,1
1842,99,89,319,0,-63,0
1842,114,446,732,0,-264,0
1842,129,247,536,0,-115,1
1842,130,344,561,0,-39,1
1842,131,329,677,0,-47,1
1843,15,511,110,0,-45,0
1843,69,640,168,0,-141,1
1843,99,91,318,0,-63,0
1843,114,443,732,0,-264,0
1843,129,249,538,0,-115,1
1843,130,346,559,0,-39,1
1843,131,331,675,0,-47,1
1844,15,513,107,0,-45,0
1844,69,641,170,0,-141,1
1844,99,94,317,0,-63,0
1844,114,440,732,0,-264,0
1844,129,252,539,0,-115,1
1844,130,348,556,0,-39,1
1844,131,334,673,0,-47,1
1845,15,515,105,0,-45,0
1845,69,643,172,0,-141,1
1845,99,97,315,0,-63,0
1845,114,437,733,0,-264,0
1845,129,255,540,0,-115,1
1845,130,350,554,0,-39,1
1845,131,336,671,0,-47,1
1846,15,517,103,0,-45,0
1846,69,645,175,0,-141,1
1846,99,99,314,0,-63,0
1846,114,434,732,0,87,0
1846,129,258,541,0,-105,1
1846,130,352,552,0,-39,1
1846,131,338,669,0,-47,1
1847,15,519,101,0,-45,0
1847,69,647,177,0,-141,1
1847,99,102,313,0,-63,0
1847,114,431,732,0,87,0
1847,129,261,542,0,-105,1
1847,130,354,549,0,-39,1
1847,131,340,666,0,-47,1
1848,15,521,99,0,-45,0
1848,69,649,180,0,-141,1
1848,99,104,311,0,-60,0
1848,114,428,732,0,87,0
1848,129,264,542,0,-105,1
1848,130,356,547,0,-39,1
1848,131,342,664,0,-47,1
1849,15,523,97,0,-45,0
1849,69,651,182,0,-145,1
1849,99,107,310,0,-60,0
1849,114,425,732,0,87,0
1849,129,266,543,0,-105,1
1849,130,358,545,0,-52,1
1849,131,344,662,0,-47,1
1850,15,526,95,0,-45,0
1850,69,653,184,0,-135,1
1850,99,110,308,0,-60,0
1850,114,422,732,0,87,0
1850,129,269,544,0,-105,1
1850,130,360,543,0,-52,1
1850,131,346,660,0,-28,1
1851,15,528,93,0,-45,0
1851,69,656,185,0,-107,1
1851,99,112,307,0,-60,0
1851,114,419,732,0,87,0
1851,129,272,544,0,-95,1
1851,130,363,542,0,-52,1
1851,131,346,657,0,-8,1
1852,15,530,90,0,-45,0
1852,69,658,186,0,-119,1
1852,99,115,305,0,-60,0
1852,114,416,731,0,87,0
1852,129,275,545,0,-95,1
1852,130,365,540,0,-52,1
1852,131,347,654,0,-8,1
1853,15,532,88,0,-45,0
1853,69,661,187,0,-96,1
1853,99,117,304,0,-60,0
1853,114,413,731,0,87,0
1853,129,278,545,0,-95,1
1853,130,368,538,0,-52,1
1853,131,347,651,0,-8,1
1854,15,534,86,0,-40,0
1854,69,664,187,0,-96,1
1854,99,120,302,0,-60,0
1854,114,410,731,0,87,0
1854,129,281,545,0,-95,1
1854,130,370,536,0,-49,1
1854,131,348,648,0,-8,1
1855,15,536,84,0,-40,0
1855,69,667,187,0,-96,1
1855,99,123,301,0,-60,0
1855,114,407,731,0,-269,0
1855,129,284,545,0,-95,1
1855,130,372,534,0,-49,1
1855,131,348,645,0,-8,1
1856,15,538,81,0,-40,0
1856,69,670,188,0,-96,1
1856,99,125,299,0,-60,0
1856,114,404,733,0,-240,0
1856,129,287,546,0,-95,1
1856,130,374,532,0,-49,1
1856,131,348,642,0,-8,1
1857,15,540,79,0,-40,0
1857,69,673,188,0,-96,1
1857,99,128,298,0,-60,0
1857,114,402,734,0,-240,0
1857,129,290,546,0,-95,1
1857,130,377,530,0,-49,1
1857,131,349,639,0,-8,1
1858,15,541,77,0,-40,0
1858,69,676,188,0,-96,1
1858,99,130,296,0,-60,0
1858,114,400,736,0,-221,0
1858,129,293,546,0,-95,1
1858,130,379,528,0,-49,1
1858,131,349,636,0,-8,1
1859,15,543,74,0,-40,0
1859,69,679,188,0,-96,1
1859,99,133,295,0,-60,0
1859,114,398,739,0,-221,0
1859,129,296,546,0,-95,1
1859,130,381,526,0,-48,1
1859,131,350,633,0,-8,1
1860,15,545,72,0,-40,0
1860,69,682,189,0,-96,1
1860,99,136,293,0,-60,0
1860,114,396,741,0,-221,0
1860,129,299,548,0,-115,1
1860,130,383,524,0,-48,1
1860,131,350,630,0,-16,1
1861,15,547,70,0,-40,0
1861,69,685,189,0,-96,1
1861,99,138,292,0,-60,0
1861,114,393,742,0,-249,0
1861,129,302,549,0,-115,1
1861,130,386,523,0,-64,1
1861,131,351,627,0,-16,1
1862,15,549,68,0,-40,0
1862,69,688,189,0,-96,1
1862,99,141,290,0,-60,0
1862,114,390,743,0,-249,0
1862,129,304,550,0,-115,1
1862,130,389,521,0,-64,1
1862,131,352,624,0,-16,1
1863,15,552,66,0,-67,0
1863,69,691,189,0,-75,1
1863,99,143,288,0,-60,0
1863,114,387,744,0,-249,0
1863,129,307,551,0,-115,1
1863,130,391,520,0,-64,1
1863,131,353,621,0,-16,1
1864,15,555,65,0,-67,0
1864,69,694,188,0,-75,1
1864,99,146,287,0,-60,0
1864,114,384,745,0,-249,0
1864,129,310,553,0,-115,1
1864,130,394,519,0,-64,1
1864,131,354,619,0,-16,1
1865,15,557,64,0,-67,0
1865,69,697,187,0,-75,1
1865,99,149,285,0,-60,0
1865,114,382,746,0,-249,0
1865,129,313,554,0,-115,1
1865,130,397,517,0,-64,1
1865,131,355,616,0,-16,1
1866,15,560,63,0,-67,0
1866,69,700,186,0,-75,1
1866,99,151,284,0,-60,0
1866,114,379,747,0,-249,0
1866,129,315,555,0,-115,1
1866,130,399,516,0,-64,1
1866,131,355,613,0,-16,1
1867,15,563,62,0,-67,0
1867,69,703,185,0,-75,1
1867,99,154,282,0,-60,0
1867,114,376,749,0,-249,0
1867,129,318,557,0,-127,1
1867,130,402,515,0,-64,1
1867,131,356,610,0,-15,1
1868,15,566,60,0,-67,0
1868,69,706,185,0,-85,1
1868,99,156,281,0,-60,0
1868,114,373,750,0,-249,0
1868,129,320,559,0,-127,1
1868,130,404,513,0,-50,1
1868,131,357,607,0,-15,1
1869,15,568,59,0,-67,0
1869,69,709,185,0,-85,1
1869,99,159,279,0,-60,0
1869,114,370,751,0,-249,0
1869,129,322,561,0,-127,1
1869,130,407,511,0,-50,1
1869,131,358,604,0,-15,1
1870,15,571,59,0,-92,0
1870,69,712,185,0,-85,1
1870,99,161,278,0,-60,0
1870,114,368,1,0,-249,0
1870,129,325,562,0,-123,1
1870,130,409,509,0,-61,1
1870,131,358,601,0,-8,1
1871,15,574,60,0,-92,0
1871,69,715,184,0,-85,1
1871,99,164,276,0,-60,0
1871,114,365,2,0,-244,0
1871,129,327,565,0,-148,1
1871,130,412,508,0,-61,1
1871,131,359,598,0,-8,1
1872,15,577,60,0,-92,0
1872,69,718,184,0,-85,1
1872,99,167,275,0,-60,0
1872,114,362,4,0,-244,0
1872,129,328,567,0,-148,1
1872,130,415,507,0,-61,1
1872,131,359,595,0,-8,1
1873,15,580,60,0,-92,0
1873,69,720,183,0,-68,1
1873,99,169,273,0,-60,0
1873,114,360,5,0,-246,0
1873,129,330,570,0,-148,1
1873,130,417,505,0,-61,1
1873,131,359,592,0,-3,1
1874,15,583,60,0,-92,0
1874,69,723,182,0,-68,1
1874,99,172,272,0,-60,0
1874,114,357,6,0,-246,0
1874,129,331,572,0,-148,1
1874,130,420,504,0,-61,1
1874,131,359,589,0,-3,1
1875,15,586,60,0,-88,0
1875,69,726,181,0,-68,1
1875,99,175,271,0,-64,0
1875,114,354,7,0,-246,0
1875,129,333,575,0,-148,1
1875,130,422,502,0,-61,1
1875,131,360,586,0,-3,1
1876,15,589,60,0,-88,0
1876,69,729,180,0,-68,1
1876,99,177,269,0,-64,0
1876,114,351,9,0,-246,0
1876,129,335,577,0,-148,1
1876,130,425,501,0,-61,1
1876,131,360,583,0,-3,1
1877,15,592,60,0,-88,0
1877,69,731,178,0,-52,1
1877,99,180,268,0,-64,0
1877,114,349,10,0,-246,0
1877,129,336,580,0,-148,1
1877,130,428,499,0,-61,1
1877,131,360,580,0,-3,1
1878,15,595,60,0,-87,0
1878,69,733,175,0,-35,1
1878,99,183,267,0,-64,0
1878,114,346,11,0,-246,0
1878,129,338,582,0,-146,1
1878,130,430,498,0,-61,1
1878,131,362,578,0,-32,1
1879,15,598,58,0,-59,0
1879,69,735,173,0,-35,1
1879,99,186,266,0,-78,0
1879,114,343,11,0,88,0
1879,129,340,585,0,-146,1
1879,130,433,496,0,-61,1
1879,131,363,575,0,-32,1
1880,15,601,58,0,-89,0
1880,69,737,171,0,-39,1
1880,99,188,265,0,-78,0
1880,114,340,9,0,61,0
1880,129,341,587,0,-146,1
1880,130,436,495,0,-61,1
1880,131,365,573,0,-32,1
1881,15,604,58,0,-89,0
1881,69,738,168,0,-39,1
1881,99,191,265,0,-78,0
1881,114,338,8,0,61,0
1881,129,343,590,0,-146,1
1881,130,438,494,0,-63,1
1881,131,366,570,0,-32,1
1882,15,607,58,0,-89,0
1882,69,740,166,0,-39,1
1882,99,194,264,0,-78,0
1882,114,335,6,0,61,0
1882,129,345,592,0,-146,1
1882,130,441,492,0,-63,1
1882,131,368,567,0,-32,1
1883,15,610,58,0,-89,0
1883,69,743,164,0,-54,1
1883,99,197,263,0,-78,0
1883,114,332,5,0,61,0
1883,129,346,595,0,-146,1
1883,130,444,491,0,-63,1
1883,131,370,565,0,-32,1
1884,15,613,58,0,-89,0
1884,69,745,162,0,-54,1
1884,114,330,3,0,61,0
1884,129,348,597,0,-146,1
1884,130,446,490,0,-63,1
1884,131,371,562,0,-32,1
1885,15,616,58,0,-89,0
1885,69,748,161,0,-54,1
1885,114,327,2,0,61,0
1885,129,350,600,0,-146,1
1885,130,449,488,0,-63,1
1885,131,373,560,0,-32,1
1886,15,619,58,0,-89,0
1886,69,750,159,0,-54,1
1886,114,325,0,0,61,0
1886,129,351,602,0,-146,1
1886,130,452,487,0,-63,1
1886,131,374,557,0,-32,1
1887,15,622,59,0,-116,0
1887,69,752,157,0,-54,1
1887,114,322,-1,0,68,0
1887,129,353,605,0,-146,1
1887,130,454,486,0,-63,1
1887,131,376,555,0,-32,1
1888,15,624,60,0,-116,0
1888,69,2,155,0,-52,1
1888,114,319,749,0,68,0
1888,129,355,607,0,-146,1
1888,130,457,484,0,-63,1
1888,131,377,552,0,-32,1
1889,15,627,61,0,-99,0
1889,69,5,153,0,-52,1
1889,114,316,748,0,68,0
1889,129,356,610,0,-154,1
1889,130,460,483,0,-63,1
1889,131,379,550,0,-32,1
1890,15,630,61,0,-99,0
1890,69,7,152,0,-58,1
1890,129,357,613,0,-154,1
1890,130,462,480,0,-37,1
1890,131,380,547,0,-20,1
1891,15,633,62,0,-99,0
1891,69,10,150,0,-58,1
1891,129,359,615,0,-154,1
1891,130,463,478,0,-37,1
1891,131,381,544,0,-20,1
1892,15,636,62,0,-99,0
1892,69,12,149,0,-58,1
1892,129,360,618,0,-154,1
1892,130,465,476,0,-37,1
1892,131,382,541,0,-26,1
1893,15,639,62,0,-80,0
1893,69,15,147,0,-58,1
1893,129,361,621,0,-154,1
1893,130,467,473,0,-37,1
1893,131,384,539,0,-26,1
1894,15,642,62,0,-94,0
1894,69,18,146,0,-63,1
1894,129,363,623,0,-154,1
1894,130,469,471,0,-37,1
1894,131,385,536,0,-26,1
1895,15,645,62,0,-94,0
1895,69,20,144,0,-63,1
1895,129,363,626,0,-169,1
1895,130,471,469,0,-37,1
1895,131,386,533,0,-26,1
1896,15,648,62,0,-94,0
1896,69,23,143,0,-63,1
1896,129,364,629,0,-169,1
1896,130,473,466,0,-37,1
1896,131,388,531,0,-26,1
1897,15,651,62,0,-94,0
1897,69,25,141,0,-45,1
1897,129,364,632,0,-169,1
1897,130,474,464,0,-38,1
1897,131,389,528,0,-26,1
1898,15,654,63,0,-94,0
1898,69,27,139,0,-45,1
1898,129,365,635,0,-169,1
1898,130,476,461,0,-38,1
1898,131,390,525,0,-22,1
1899,15,657,63,0,-94,0
1899,69,29,136,0,-45,1
1899,129,365,638,0,-169,1
1899,130,478,459,0,-38,1
1899,131,391,522,0,-22,1
1900,15,660,63,0,-94,0
1900,69,31,134,0,-45,1
1900,129,365,641,0,-194,1
1900,130,480,457,0,-38,1
1900,131,392,519,0,-22,1
1901,15,663,63,0,-94,0
1901,69,33,132,0,-38,1
1901,129,363,644,0,-207,1
1901,130,482,454,0,-34,1
1901,131,393,517,0,-22,1
1902,15,666,64,0,-94,0
1902,69,35,130,0,-38,1
1902,129,362,646,0,-207,1
1902,130,484,453,0,-60,1
1902,131,395,514,0,-22,1
1903,15,669,64,0,-94,0
1903,69,37,127,0,-38,1
1903,129,361,649,0,-207,1
1903,130,487,451,0,-60,1
1903,131,396,511,0,-22,1
1904,15,672,65,0,-107,0
1904,69,39,125,0,-38,1
1904,129,360,652,0,-191,1
1904,130,489,450,0,-60,1
1904,131,397,508,0,-22,1
1905,15,675,65,0,-92,0
1905,69,40,122,0,-38,1
1905,129,360,655,0,-191,1
1905,130,492,448,0,-60,1
1905,131,398,506,0,-22,1
1906,15,678,65,0,-92,0
1906,69,42,120,0,-38,1
1906,129,360,658,0,-180,1
1906,130,494,447,0,-58,1
1906,131,399,503,0,-22,1
1907,15,681,65,0,-92,0
1907,69,44,118,0,-45,1
1907,129,360,661,0,-180,1
1907,130,497,444,0,-45,1
1907,131,399,500,0,4,1
1908,15,684,65,0,-92,0
1908,69,47,116,0,-45,1
1908,129,360,664,0,-180,1
1908,130,499,444,0,-74,1
1908,131,398,497,0,16,1
1909,15,687,65,0,-92,0
1909,69,49,114,0,-45,1
1909,129,360,667,0,-180,1
1909,130,502,443,0,-74,1
1909,131,397,494,0,16,1
1910,15,690,65,0,-92,0
1910,69,51,112,0,-45,1
1910,129,360,670,0,-180,1
1910,130,505,443,0,-85,1
1910,131,396,491,0,16,1
1911,15,693,65,0,-92,0
1911,69,53,109,0,-45,1
1911,129,361,673,0,-151,1
1911,130,508,442,0,-85,1
1911,131,395,488,0,16,1
1912,15,696,66,0,-92,0
1912,69,55,108,0,-59,1
1912,129,363,675,0,-151,1
1912,130,511,442,0,-85,1
1912,131,395,485,0,11,1
1913,15,699,66,0,-104,0
1913,69,58,106,0,-59,1
1913,129,364,678,0,-151,1
1913,130,514,443,0,-101,1
1913,131,394,482,0,11,1
1914,15,702,67,0,-104,0
1914,69,61,105,0,-59,1
1914,129,365,681,0,-151,1
1914,130,517,443,0,-101,1
1914,131,394,479,0,11,1
1915,15,705,68,0,-104,0
1915,69,63,103,0,-59,1
1915,129,367,683,0,-151,1
1915,130,520,444,0,-101,1
1915,131,393,477,0,11,1
1916,15,708,69,0,-104,0
1916,69,66,102,0,-59,1
1916,129,368,686,0,-151,1
1916,130,523,444,0,-101,1
1916,131,393,474,0,11,1
1917,15,710,69,0,-104,0
1917,69,68,100,0,-59,1
1917,129,370,688,0,-151,1
1917,130,526,445,0,-101,1
1917,131,392,471,0,11,1
1918,15,713,70,0,-104,0
1918,69,71,99,0,-59,1
1918,129,372,690,0,-125,1
1918,130,529,446,0,-101,1
1918,131,391,468,0,11,1
1919,15,716,72,0,-126,0
1919,69,73,97,0,-59,1
1919,129,374,693,0,-153,1
1919,130,532,446,0,-101,1
1919,131,391,465,0,11,1
1920,15,718,74,0,-126,0
1920,69,76,96,0,-59,1
1920,129,375,695,0,-153,1
1920,130,535,447,0,-101,1
1920,131,391,462,0,-4,1
1921,15,720,76,0,-145,0
1921,69,79,94,0,-59,1
1921,129,376,698,0,-153,1
1921,130,538,447,0,-101,1
1921,131,391,459,0,-4,1
1922,15,722,78,0,-145,0
1922,69,81,93,0,-59,1
1922,129,378,701,0,-153,1
1922,130,541,448,0,-106,1
1922,131,391,456,0,-4,1
1923,15,724,81,0,-140,0
1923,69,84,91,0,-59,1
1923,129,379,704,0,-153,1
1923,130,544,449,0,-106,1
1923,131,392,453,0,-4,1
1924,15,726,83,0,-140,0
1924,69,86,89,0,-59,1
1924,129,380,706,0,-153,1
1924,130,547,449,0,-94,1
1924,131,392,450,0,-4,1
1925,15,726,86,0,-163,0
1925,69,89,88,0,-59,1
1925,129,382,709,0,-153,1
1925,130,550,450,0,-99,1
1925,131,392,447,0,-4,1
1926,15,728,89,0,-154,0
1926,69,92,86,0,-59,1
1926,129,383,712,0,-153,1
1926,130,552,450,0,-99,1
1926,131,392,444,0,-4,1
1927,15,729,91,0,-154,0
1927,69,93,84,0,-30,1
1927,129,384,714,0,-153,1
1927,130,555,451,0,-99,1
1927,131,392,441,0,-4,1
1928,15,730,94,0,-154,0
1928,69,95,81,0,-30,1
1928,129,386,717,0,-153,1
1928,130,558,451,0,-99,1
1928,131,392,438,0,-4,1
1929,15,732,97,0,-154,0
1929,69,96,79,0,-30,1
1929,129,387,720,0,-153,1
1929,130,561,452,0,-99,1
1929,131,393,435,0,-4,1
1930,15,733,99,0,-154,0
1930,69,98,76,0,-38,1
1930,129,388,722,0,-153,1
1930,130,564,451,0,-84,1
1930,131,393,432,0,-4,1
1931,15,734,102,0,-154,0
1931,69,100,74,0,-38,1
1931,129,390,725,0,-153,1
1931,130,567,451,0,-84,1
1931,131,393,429,0,-4,1
1932,15,736,105,0,-154,0
1932,69,102,72,0,-38,1
1932,129,391,728,0,-153,1
1932,130,570,451,0,-84,1
1932,131,393,426,0,-4,1
1933,15,737,107,0,-154,0
1933,69,103,69,0,-38,1
1933,129,392,730,0,-153,1
1933,130,573,450,0,-84,1
1933,131,393,423,0,-4,1
1934,15,738,110,0,-154,0
1934,69,104,66,0,-10,1
1934,129,394,733,0,-153,1
1934,130,576,450,0,-84,1
1934,131,392,420,0,21,1
1935,15,739,113,0,-154,0
1935,69,105,63,0,-10,1
1935,129,395,736,0,-153,1
1935,130,579,450,0,-84,1
1935,131,391,417,0,21,1
1936,15,741,116,0,-154,0
1936,69,105,60,0,-10,1
1936,129,397,738,0,-148,1
1936,130,582,450,0,-84,1
1936,131,392,414,0,-8,1
1937,15,742,118,0,-154,0
1937,69,106,57,0,-10,1
1937,129,398,741,0,-148,1
1937,130,585,449,0,-84,1
1937,131,392,411,0,-8,1
1938,15,743,121,0,-154,0
1938,69,106,54,0,-10,1
1938,129,400,743,0,-148,1
1938,130,588,449,0,-88,1
1938,131,393,408,0,-11,1
1939,15,744,124,0,-165,0
1939,69,107,51,0,-10,1
1939,129,402,746,0,-148,1
1939,130,591,450,0,-101,1
1939,131,393,405,0,-11,1
1940,15,745,127,0,-165,0
1940,69,107,49,0,-10,1
1940,129,403,748,0,-148,1
1940,130,594,450,0,-101,1
1940,131,393,402,0,11,1
1941,15,746,130,0,-165,0
1941,69,108,46,0,-10,1
1941,129,404,751,0,-159,1
1941,130,597,451,0,-101,1
1941,131,391,400,0,22,1
1942,15,747,133,0,-165,0
1942,69,108,43,0,-10,1
1942,129,405,3,0,-159,1
1942,130,600,451,0,-101,1
1942,131,390,397,0,22,1
1943,15,747,135,0,-165,0
1943,69,109,40,0,-10,1
1943,129,406,6,0,-159,1
1943,130,603,452,0,-104,1
1943,131,389,394,0,22,1
1944,15,748,138,0,-165,0
1944,69,109,37,0,-10,1
1944,129,409,8,0,-131,1
1944,130,606,453,0,-104,1
1944,131,387,392,0,45,1
1945,15,749,141,0,-165,0
1945,69,110,34,0,-10,1
1945,129,411,9,0,-120,1
1945,130,609,454,0,-103,1
1945,131,385,390,0,45,1
1946,15,748,144,0,-193,0
1946,69,110,31,0,-10,1
1946,129,414,11,0,-120,1
1946,130,612,454,0,-103,1
1946,131,383,388,0,45,1
1947,15,747,147,0,-195,0
1947,69,111,28,0,-10,1
1947,129,416,12,0,-120,1
1947,130,615,455,0,-103,1
1947,131,381,386,0,45,1
1948,15,747,150,0,-195,0
1948,69,111,25,0,-10,1
1948,129,419,14,0,-133,1
1948,130,618,456,0,-103,1
1948,131,379,384,0,45,1
1949,15,746,153,0,-195,0
1949,69,112,22,0,-10,1
1949,129,421,16,0,-133,1
1949,130,620,456,0,-103,1
1949,131,376,381,0,45,1
1950,15,745,156,0,-195,0
1950,69,113,19,0,-20,1
1950,129,423,18,0,-133,1
1950,130,623,457,0,-105,1
1950,131,374,379,0,45,1
1951,15,744,159,0,-195,0
1951,69,114,16,0,-20,1
1951,129,425,20,0,-133,1
1951,130,626,458,0,-105,1
1951,131,372,377,0,45,1
1952,15,744,162,0,-195,0
1952,69,115,13,0,-20,1
1952,129,427,22,0,-133,1
1952,130,629,459,0,-105,1
1952,131,371,374,0,24,1
1953,15,743,164,0,-195,0
1953,69,116,11,0,-21,1
1953,129,430,24,0,-133,1
1953,130,632,459,0,-105,1
1953,131,370,372,0,24,1
1954,15,742,167,0,-195,0
1954,69,117,8,0,-21,1
1954,129,432,26,0,-133,1
1954,130,635,460,0,-105,1
1954,131,369,369,0,24,1
1955,15,741,170,0,-205,0
1955,69,118,5,0,-21,1
1955,129,434,28,0,-133,1
1955,130,638,461,0,-105,1
1955,131,367,366,0,24,1
1956,15,739,173,0,-205,0
1956,69,120,2,0,-24,1
1956,129,436,31,0,-133,1
1956,130,641,462,0,-105,1
1956,131,366,363,0,24,1
1957,15,738,176,0,-205,0
1957,69,121,0,0,-24,1
1957,129,438,33,0,-133,1
1957,130,644,462,0,-105,1
1957,131,364,361,0,45,1
1958,15,737,178,0,-205,0
1958,69,122,747,0,-24,1
1958,129,441,35,0,-133,1
1958,130,647,463,0,-105,1
1958,131,362,359,0,45,1
1959,15,736,181,0,-205,0
1959,69,123,745,0,-24,1
1959,129,443,37,0,-133,1
1959,130,649,464,0,-105,1
1959,131,359,358,0,61,1
1960,15,734,184,0,-205,0
1960,69,123,742,0,-2,1
1960,129,444,39,0,-152,1
1960,130,652,465,0,-105,1
1960,131,357,356,0,61,1
1961,15,733,186,0,-205,0
1961,69,123,739,0,-2,1
1961,129,445,42,0,-152,1
1961,130,655,465,0,-105,1
1961,131,354,355,0,61,1
1962,15,732,189,0,-205,0
1962,69,124,736,0,-2,1
1962,129,447,45,0,-152,1
1962,130,658,466,0,-105,1
1962,131,351,353,0,61,1
1963,15,730,192,0,-213,0
1963,69,124,733,0,-2,1
1963,129,448,47,0,-147,1
1963,130,661,467,0,-105,1
1963,131,349,352,0,61,1
1964,15,729,194,0,-213,0
1964,69,124,730,0,-2,1
1964,129,450,50,0,-147,1
1964,130,664,468,0,-105,1
1964,131,346,350,0,61,1
1965,15,727,197,0,-213,0
1965,69,124,727,0,-2,1
1965,129,453,51,0,-126,1
1965,130,667,468,0,-105,1
1965,131,344,349,0,61,1
1966,15,725,199,0,-213,0
1966,69,124,724,0,-2,1
1966,129,455,53,0,-126,1
1966,130,669,470,0,-130,1
1966,131,342,347,0,34,1
1967,15,723,201,0,-224,0
1967,69,124,721,0,-2,1
1967,129,457,55,0,-126,1
1967,130,672,472,0,-130,1
1967,131,340,344,0,34,1
1968,15,721,203,0,-237,0
1968,69,124,718,0,-2,1
1968,129,460,57,0,-126,1
1968,130,674,474,0,-130,1
1968,131,339,342,0,34,1
1969,15,718,204,0,-240,0
1969,69,124,715,0,-2,1
1969,129,462,59,0,-126,1
1969,130,676,476,0,-130,1
1969,131,337,339,0,34,1
1970,15,716,206,0,-240,0
1970,69,125,712,0,-16,1
1970,129,465,60,0,-126,1
1970,130,678,478,0,-130,1
1970,131,335,337,0,34,1
1971,15,713,208,0,-226,0
1971,69,126,709,0,-7,1
1971,129,467,62,0,-126,1
1971,130,681,480,0,-130,1
1971,131,333,335,0,48,1
1972,15,711,210,0,-226,0
1972,69,127,706,0,-32,1
1972,129,469,64,0,-126,1
1972,130,683,482,0,-130,1
1972,131,331,333,0,47,1
1972,132,683,482,0,-130,1
1973,15,709,212,0,-226,0
1973,69,129,704,0,-32,1
1973,129,472,66,0,-126,1
1973,130,685,484,0,-130,1
1973,131,329,331,0,47,1
1973,132,686,484,0,-124,1
1974,15,708,215,0,-204,0
1974,69,130,701,0,-32,1
1974,129,474,67,0,-126,1
1974,130,688,486,0,-130,1
1974,131,326,328,0,47,1
1974,132,688,485,0,-124,1
1975,15,707,218,0,-204,0
1975,69,132,698,0,-32,1
1975,129,477,68,0,-97,1
1975,130,690,488,0,-130,1
1975,131,324,326,0,47,1
1975,132,691,487,0,-124,1
1976,15,705,220,0,-204,0
1976,69,133,696,0,-32,1
1976,129,480,68,0,-97,1
1976,130,693,489,0,-108,1
1976,131,322,324,0,47,1
1976,132,693,489,0,-138,1
1977,15,704,223,0,-202,0
1977,69,135,693,0,-32,1
1977,129,483,69,0,-97,1
1977,130,696,489,0,-108,1
1977,131,321,322,0,20,1
1977,132,695,491,0,-136,1
1978,15,703,226,0,-209,0
1978,69,137,691,0,-32,1
1978,129,486,69,0,-97,1
1978,130,699,490,0,-108,1
1978,131,320,319,0,20,1
1978,132,697,493,0,-136,1
1979,15,701,228,0,-229,0
1979,69,138,688,0,-32,1
1979,129,489,69,0,-97,1
1979,130,701,491,0,-108,1
1979,131,319,316,0,20,1
1979,132,699,496,0,-136,1
1980,15,698,230,0,-229,0
1980,69,140,686,0,-32,1
1980,129,492,70,0,-97,1
1980,130,704,492,0,-108,1
1980,131,318,313,0,20,1
1980,132,701,498,0,-136,1
1981,15,696,232,0,-229,0
1981,69,141,683,0,-32,1
1981,129,495,70,0,-97,1
1981,130,707,493,0,-108,1
1981,131,317,310,0,20,1
1981,132,702,500,0,-153,1
1982,15,694,234,0,-229,0
1982,69,144,682,0,-60,1
1982,129,498,70,0,-97,1
1982,130,710,494,0,-108,1
1982,131,316,307,0,20,1
1982,132,704,503,0,-153,1
1983,15,691,235,0,-251,0
1983,69,147,680,0,-60,1
1983,129,501,71,0,-97,1
1983,130,712,496,0,-131,1
1983,131,315,305,0,20,1
1983,132,705,506,0,-151,1
1984,15,688,236,0,-251,0
1984,69,148,678,0,-38,1
1984,129,504,71,0,-97,1
1984,130,714,498,0,-131,1
1984,131,314,302,0,20,1
1984,132,707,508,0,-133,1
1985,15,685,235,0,83,0
1985,69,150,675,0,-38,1
1985,129,507,73,0,-116,1
1985,130,717,500,0,-131,1
1985,131,313,299,0,20,1
1985,132,709,510,0,-133,1
1986,15,682,235,0,83,0
1986,69,152,673,0,-38,1
1986,129,510,74,0,-112,1
1986,130,719,502,0,-131,1
1986,131,312,296,0,20,1
1986,132,712,512,0,-133,1
1987,15,679,235,0,83,0
1987,69,154,671,0,-38,1
1987,129,512,75,0,-112,1
1987,130,721,504,0,-131,1
1987,131,311,293,0,20,1
1987,132,714,514,0,-133,1
1988,15,676,234,0,83,0
1988,69,156,668,0,-38,1
1988,129,515,76,0,-112,1
1988,130,723,506,0,-131,1
1988,131,310,291,0,20,1
1988,132,716,516,0,-133,1
1989,15,673,234,0,83,0
1989,69,157,665,0,-15,1
1989,129,517,78,0,-133,1
1989,130,726,508,0,-131,1
1989,131,309,288,0,20,1
1989,132,718,518,0,-133,1
1990,15,670,234,0,83,0
1990,69,157,663,0,-15,1
1990,129,519,80,0,-133,1
1990,130,728,510,0,-131,1
1990,131,308,285,0,19,1
1990,132,720,520,0,-133,1
1991,15,667,233,0,83,0
1991,69,157,660,0,2,1
1991,129,522,82,0,-133,1
1991,130,730,512,0,-147,1
1991,131,307,282,0,19,1
1991,132,723,522,0,-133,1
1992,15,664,233,0,83,0
1992,69,156,657,0,31,1
1992,129,524,83,0,-111,1
1992,130,732,514,0,-124,1
1992,131,306,279,0,19,1
1992,132,725,524,0,-133,1
1993,15,661,233,0,83,0
1993,69,154,654,0,31,1
1993,129,527,84,0,-111,1
1993,130,733,517,0,-154,1
1993,131,305,276,0,11,1
1993,132,727,526,0,-133,1
1994,15,659,231,0,56,0
1994,69,153,652,0,31,1
1994,129,530,85,0,-111,1
1994,130,735,519,0,-154,1
1994,131,305,273,0,-8,1
1994,132,729,528,0,-133,1
1995,15,656,229,0,56,0
1995,69,151,649,0,31,1
1995,129,533,86,0,-111,1
1995,130,736,522,0,-154,1
1995,131,306,270,0,-8,1
1995,132,732,530,0,-133,1
1996,15,654,228,0,56,0
1996,69,150,647,0,31,1
1996,129,536,87,0,-106,1
1996,130,737,525,0,-154,1
1996,131,306,267,0,-8,1
1996,132,734,531,0,-106,1
1997,15,651,226,0,56,0
1997,69,148,644,0,31,1
1997,129,539,88,0,-106,1
1997,130,739,527,0,-154,1
1997,131,307,264,0,-8,1
1997,132,737,532,0,-106,1
1998,15,649,224,0,56,0
1998,69,146,642,0,31,1
1998,129,542,89,0,-106,1
1998,130,740,530,0,-154,1
1998,131,307,261,0,-8,1
1998,132,740,533,0,-106,1
1999,15,646,222,0,49,0
1999,69,145,639,0,31,1
1999,129,545,89,0,-95,1
1999,130,742,533,0,-147,1
1999,131,307,258,0,-4,1
1999,132,743,533,0,-106,1
2000,15,644,220,0,49,0
2000,69,143,636,0,31,1
2000,129,548,89,0,-97,1
2000,130,743,535,0,-147,1
2000,131,308,255,0,-4,1
2000,132,746,534,0,-106,1
2001,69,142,634,0,31,1
2001,129,551,90,0,-97,1
2001,130,745,538,0,-147,1
2001,131,308,252,0,-4,1
2001,132,749,535,0,-106,1
